"","DU0098","DU0099","TT0040","TT0041","TT0046","TT0047","TT0044","TT0045","KL0014","DU0091","TT0048","DU0093","DU0094","DU0095","DU0096","DU0097","DU0010","DU0011","DU0012","DU0013","DU0014","DU0015","DU0016","DU0017","DU0018","DU0019","KL0006","KL0005","KL0004","DU0087","DU0085","DU0084","DU0083","DU0082","DU0081","DU0080","DU0088","TT0050","KL0009","KL0008","TT0055","TT0054","TT0057","TT0056","KL0003","KL0002","KL0001","CH0050","CH0051","CH0052","CH0053","TT0042","DU0009","DU0008","DU0007","DU0006","DU0005","DU0004","DU0003","DU0002","DU0001","CH0010","CH0012","CH0013","DU0090","CH0049","CH0043","CH0041","CH0040","CH0047","CH0046","TT0062","CH0044","DU0100","DU0078","TT0049","DU0072","DU0073","DU0070","DU0071","DU0076","DU0077","DU0074","DU0075","KL0012","DU0038","SG0009","SG0001","SG0002","SG0003","SG0004","SG0006","SG0007","DU0069","DU0068","DU0039","CH0038","CH0039","CH0036","CH0037","CH0034","CH0035","DU0065","CH0033","DU0067","CH0031","TT0034","CH0024","CH0027","SG0017","TT0043","SG0012","SG0010","SG0018","DU0054","DU0055","DU0056","DU0057","DU0050","DU0051","DU0052","DU0053","DU0028","DU0058","DU0059","CH0028","TT0008","TT0009","TT0006","TT0007","TT0004","TT0005","CH0021","CH0020","CH0023","TT0001","TT0058","DU0043","DU0042","DU0041","DU0040","DU0047","DU0046","DU0045","DU0044","DU0049","DU0048","CH0019","TT0019","TT0018","TT0015","TT0014","TT0017","TT0016","CH0014","CH0015","CH0016","TT0012","DU0061","DU0060","DU0063","KL0010","CH0002","TT0059","DU0062","SG0013","DU0064","TT0061","CH0006","CH0005","CH0004","CH0003","CH0030","CH0001","DU0066","DU0036","DU0037","DU0034","DU0035","DU0032","DU0033","DU0030","DU0031","TT0020","TT0021","TT0022","TT0023","TT0024","TT0025","TT0026","TT0027","TT0063","TT0028","TT0029","TT0037","TT0036","TT0035","DU0079","TT0033","TT0032","TT0030","TT0039","TT0038","DU0025","DU0024","DU0027","DU0026","DU0021","DU0020","DU0023","DU0022","DU0029","TT0053","TT0052","AL0003","AL0002","AL0004"
"DU0098",0.5,0.00233353273860808,0.00124109198367041,0.00250565821144121,0.000949878709565651,0.00237704651814565,0.000868503645573275,0.000821962762410633,0.00095771906229388,0.00369889333897664,0.000936087834946351,0.00278076928578761,0.00277896891638792,0.00606434583334258,0.00393146677639158,0.00139739564995928,0.00256593224321023,0.00155276058407591,0.00117943074121586,0.000926448221739695,0.00282273019477815,0.000961183001870773,0.00224812633252853,0.00104905845942694,0.00433579418629359,0.00106460068307853,0.000854576857223794,0.00105474037807791,0.00437751357218471,0.00226042022076458,0.00259896071320279,0.00100401692617257,0.00296086691088569,0.00403884620225748,0.00411987038902285,0.00400102968582033,0.00108368963232383,0.000883635059801608,0.00113323549215111,0.00106757178704197,0.00114384414947675,0.00254739730536634,0.00120739203415295,0.00106844424854413,0.00239840905291925,0.00250699006616517,0.00118824297846484,0.000910906580458905,0.00082766330635328,0.002754703259191,0.00373150884291997,0.00241018705237982,0.00258692162968805,0.00137425819917425,0.00253912221964216,0.00512358349192755,0.00677075184322109,0.00516597453549392,0.00533921036408797,0.00224123572896245,0.00586005055139442,0.00083024333164085,0.000877512017055395,0.000817454992649892,0.00391394850722152,0.00106996694583464,0.000828340135138332,0.0023188812821906,0.00253107967628144,0.000840013456394337,0.000906174522742421,0.00105703676558636,0.000903596653897862,0.00231425304572095,0.00209985540659409,0.00116335648616322,0.00265494568228492,0.000962051526965354,0.00269493736968087,0.00125257121487184,0.00412427858207354,0.00254436086667933,0.00265600603561633,0.00266455228577128,0.000957934217092262,0.00238366385892715,0.0014061581147578,0.00474585778318326,0.0047924917650995,0.000906078319667331,0.000958903713644878,0.000860147298724152,0.00100415949594229,0.00135679577922194,0.00304107707738275,0.00240617736071453,0.000794465103634081,0.0026835141701069,0.000950891404782507,0.00084297752076092,0.000938703405447708,0.00529691399474892,0.00242248848932921,0.000835869694354107,0.0037698889413659,0.000840753813274192,0.00104213417477657,0.000935225468234187,0.000827838872843226,0.00464107438907605,0.000941075521086853,0.000857008368600284,0.00106941191804501,0.00358752388684363,0.00352793346455901,0.00475250547372877,0.00485938513320058,0.00377672206669247,0.00376133519268135,0.00344911542009364,0.00353596949922488,0.00129879930008204,0.00353842301715676,0.00668599272013918,0.000924615607629417,0.000964599018531589,0.0011395024909615,0.000948579638310476,0.00341341650480357,0.00118098285032764,0.00116420743566634,0.00103364093253416,0.00363715933226645,0.000927899000464021,0.00365731089158988,0.00362877083645057,0.000895798618502104,0.00120609493797915,0.00120844962778242,0.00452647271247282,0.0011738911239841,0.00324762521833912,0.0037488491310317,0.00336246392981231,0.00119988415711276,0.00377657610909707,0.00182937283213562,0.000861335937034258,0.00358914133107199,0.00339106946081429,0.000850794275910668,0.00101948459342964,0.00371614479213637,0.00102416069042846,0.000983221210056177,0.00360527277083402,0.00118249674060085,0.00112141832438085,0.00138379720289401,0.00503588154679727,0.00279390208901116,0.00106324436112875,0.000934990914335893,0.00122592837006842,0.00276307309630371,0.00395927852066014,0.00358344059513851,0.00366661650978915,0.00096205146408489,0.00480715326047181,0.000895662442274177,0.000837585664417449,0.000868416730746686,0.00346340115148575,0.00127395448436122,0.00744284228082901,0.00532883348372822,0.00090421859619066,0.00354978816294417,0.00116330420454446,0.00116167215409378,0.0045188310568087,0.00240076587341625,0.00618396726011327,0.00396108110368309,0.00111153829669198,0.000831070858948708,0.00087075825254819,0.000938703541478343,0.00334607114745899,0.00108812139552499,0.00335291490681659,0.00094767135083354,0.000996265452390073,0.00421792681937402,0.0011258605517888,0.000956450776955438,0.00124236863853929,0.00115946014678549,0.00128200161455993,0.00365280248010786,0.00101836749940069,0.00113792416690423,0.00119949682917052,0.00365139184964485,0.00264866784033513,0.000953904119451533,0.00352122002607065,0.00123279628912473,0.00350974745608443,0.000927983036718335,0.00136696171325763,0.00104581569183802,0.00110323910988333,0.000816566558300645,0.000851831839007876,0.00492021854756777
"DU0099",0.00233353273860808,0.5,0.00108972345878496,0.00230968436468164,0.000797082758613754,0.00221208536432639,0.00108762987438529,0.00107584539951826,0.00113710178153875,0.0037133622475561,0.00109941344839,0.00258521645013095,0.00255890146474697,0.00231814828074961,0.00244332400441357,0.00186874577220967,0.00378100159262924,0.00082607368011516,0.00102324688225955,0.00118607749887617,0.00241925674882998,0.00124475690601416,0.00678632873398728,0.000952045966415607,0.000923052775440353,0.0049130622932471,0.00103355317654322,0.00106071496104571,0.000800018819931716,0.00619998880379399,0.00373082334300566,0.00532767660966874,0.00239237550967302,0.0023766782020288,0.002470623721563,0.00243688507418527,0.0012691113009653,0.00106709532146811,0.00102567468801633,0.00121114644974815,0.0009311741112201,0.00233445793671346,0.00111474345015578,0.00124903982644244,0.0022384793123947,0.00233398975915953,0.00109126339997301,0.00247320020872843,0.00431593583897622,0.00253310856968813,0.00095872390945031,0.00224408907646227,0.00408208661840763,0.00122699863457117,0.00234657684979809,0.0010756811148179,0.00229963281454276,0.00121281187951678,0.00112715807204808,0.0067492336267577,0.00228165023581093,0.000893378493189003,0.0009537643858861,0.00221697039379349,0.00355073806036733,0.00105177293818099,0.00491714517890551,0.00215952249513635,0.00230641268749397,0.000900743092333924,0.00126048011925394,0.00093476708590356,0.000944901335367333,0.00217397651251211,0.00139521972249605,0.00441847298458725,0.00371455176107415,0.00484011645837172,0.00118801998166695,0.00142229669989285,0.00247519801789693,0.00390616064194193,0.00373175310930248,0.00246876726845196,0.000993531308917113,0.00534878557761688,0.00121662487296907,0.0012472351172503,0.000972872699802684,0.00111762120452083,0.00113222747250571,0.00357742834865119,0.00101300771287224,0.00230912047871693,0.00244572161945468,0.00581607720443318,0.00085936403022011,0.00233354777193035,0.000971495058920549,0.000894003312800204,0.000905855158210243,0.00237272889763607,0.00471522181341587,0.000858680186546216,0.00355416053615925,0.000886028146415481,0.000974311546795812,0.000913517393788254,0.000859109817872892,0.00118684044950908,0.0011091263260663,0.00324402679200616,0.000976986373312379,0.00332968239924988,0.00331354691315344,0.00346610210606162,0.00337712377044604,0.00351160972230422,0.00353034134163036,0.00578669196029944,0.00336506355366961,0.00124397227328921,0.0033768430154167,0.00333112850455515,0.0034786646224004,0.000863606919251139,0.0012049721468069,0.00103384176415252,0.0032428613658697,0.00115839983477272,0.00105154461064369,0.000946904127524054,0.00345920335027782,0.000915073509965079,0.00336631870013498,0.003431090125457,0.0053226718690172,0.00102392347801867,0.00520183569102193,0.00109087181618696,0.00442861672978565,0.00311322729031837,0.00348487140803872,0.00700989169891734,0.00534403907782053,0.00349049175428266,0.000885841478453334,0.000889431781271214,0.00337590324029556,0.00321389878230728,0.00115396757686515,0.00107091008594189,0.00338630712915508,0.00457736509845412,0.000905306180421213,0.00335073244319798,0.000787677493226848,0.00113373505927954,0.00146744576782862,0.00129819209258742,0.00142886695880466,0.00102326569188505,0.000894402936098415,0.00105264949293559,0.00117611545456221,0.00126146842433288,0.00461886323520207,0.00337978917701982,0.000970233759630548,0.00343126929211363,0.00462144773452275,0.000915194605189937,0.000907030390216851,0.00329551772357597,0.00146269645568655,0.00334985830950742,0.00117402515067922,0.000899383050201986,0.00335353882754903,0.0011239269178008,0.00457305942728111,0.00125137404573862,0.00141628789509604,0.00336445663946147,0.0011622412379942,0.00521512730553783,0.00087002910174186,0.00112099391141951,0.000963604445821338,0.00319918873627362,0.00100922225935227,0.00318295564946767,0.000948584526958193,0.00123623916888419,0.000965347159757623,0.00106900473449584,0.00487363060895209,0.000989515855849866,0.000969620771146423,0.000761318824860986,0.00340128468631978,0.000853457821462522,0.000980871662446087,0.00119291253104416,0.00340174480924791,0.00106406462270098,0.00543378165689191,0.00334550684118121,0.00509375780046275,0.00332464541341148,0.00436969420134255,0.00122629555408519,0.00119721010883592,0.0010450657901059,0.000885067341658733,0.00089078360107418,0.00349295228439106
"TT0040",0.00124109198367041,0.00108972345878496,0.5,0.00378631216261407,0.0020909257124317,0.00373695799153838,0.00138224352141306,0.00100926734134774,0.00106404619380477,0.000948380463614517,0.0034720372113774,0.000900201364996182,0.000872466709835921,0.00113606953932915,0.000936842571566215,0.000710115078853521,0.000931611556926822,0.00309335104246767,0.00496872926697041,0.00101358596785017,0.00109793219958734,0.00101709177567626,0.0010957187372504,0.00269947461456517,0.00199823604164763,0.00138972077739253,0.00114285319401335,0.00398359087584078,0.00126922647787859,0.00106897934644291,0.000917754937123532,0.00113773312210696,0.00109071671198453,0.00102787984452204,0.00093800404041017,0.0009876907850058,0.0012461860702264,0.00124577258764723,0.00543964381997143,0.00219830204858418,0.0017053557504144,0.00111425890323713,0.00592471556866459,0.000923789682761296,0.00108166535292083,0.00107921002122937,0.005708053980643,0.00128827781256208,0.00123088644242813,0.00113146160661945,0.00121868588016543,0.00101141340431313,0.00100599518755245,0.00281315197121875,0.00384130642430991,0.0056810707191373,0.00125356598891111,0.00476238552534946,0.00145122339751491,0.00108313742420284,0.00121563662514624,0.00130938689852388,0.00126755079512942,0.00121463205273456,0.00094160890360974,0.00545943004746993,0.00109889340990855,0.00384918452714678,0.000984384851206417,0.00141607262487319,0.00144594158700865,0.00162904644506333,0.00120816682331826,0.00110665340756199,0.000885231326148309,0.00550863472162803,0.000951603292837687,0.00112551096642428,0.00531813241818371,0.00102728502717338,0.000939838689380173,0.000954627368472122,0.000954179801020466,0.00106661900943289,0.00133883637314736,0.00115521976932373,0.00601091435505654,0.00494063960670832,0.00150074594273446,0.00116886266826704,0.00264390064594241,0.00123942032719076,0.00347080279820655,0.00070115859164562,0.00114125214486882,0.00110360159365458,0.00235542296923476,0.00101297910160151,0.00120299796928287,0.00360335170588189,0.00130525547442078,0.00225993421089348,0.000907380330903809,0.00388362514303294,0.000759792422198787,0.0012323017088793,0.00543550024893497,0.00125756670838763,0.00381772501344642,0.00453597868231772,0.00362261364818512,0.00115264319217976,0.00795704529670904,0.00293406557718628,0.000943245577432192,0.000805244923197035,0.000847579167597011,0.000746922992775265,0.000759169206404522,0.000875908038019035,0.00296755981261795,0.00129178554604067,0.00320000051184987,0.000956296280356544,0.000828236682618753,0.00423622605659405,0.00409897024488051,0.00126981387546941,0.00361469063170153,0.00162941578319877,0.00128999513372961,0.00607429738257567,0.000960029976703696,0.00118782236323429,0.000844938147939337,0.00107880900341976,0.00117659710557708,0.00921411748321221,0.00577372249189722,0.00577449336285472,0.00546611896698524,0.000923041218090486,0.000891421649014273,0.000919754113476241,0.00531467487323061,0.000750973028108782,0.00123034335225527,0.00120759159082813,0.00193018588505519,0.00332842456666434,0.00101111029270453,0.00533254381990323,0.00190413824043645,0.00159379005380978,0.0013689271616777,0.000925975823729282,0.00106652535104939,0.00357682635692601,0.00096860243075072,0.00452936284043665,0.00451408753339868,0.00392572618034633,0.00379176160333054,0.00597302798701651,0.00578342538663834,0.00120641518350052,0.000812991971142927,0.000895219267845843,0.00125971910001904,0.00088466802001471,0.00121040580605337,0.00129849560361074,0.00126524099214724,0.00209462754803996,0.000955792024251886,0.00100585143193389,0.00539242289827721,0.00339530897384377,0.00088864357112871,0.00475935902186265,0.00481629512638243,0.00498310926665112,0.00146664429134284,0.000950437137528552,0.00616677225389427,0.0027788537055994,0.00331776565482653,0.00114794832932655,0.002269049153127,0.000965535188177298,0.00615527370786182,0.00102331226579052,0.000923093183237593,0.00327461139689302,0.00130578254939217,0.00522352767698173,0.00134086326343838,0.00398514001334625,0.00466760470304441,0.00114571094265912,0.00312478644444353,0.00476638320430189,0.00818983367876316,0.00165545372922323,0.00350440399103444,0.00132980950678976,0.00114505447026431,0.000990335141848175,0.0059418277877943,0.000995959683883374,0.000992120311495126,0.0056762695977901,0.00138486886964068,0.0045002282059832,0.00375644689116214,0.00372001481689434,0.000885385879814996
"TT0041",0.00250565821144121,0.00230968436468164,0.00378631216261407,0.5,0.00240482796435166,0.00552175038230685,0.0023662795639518,0.00146505840875499,0.00119800484589028,0.00240713655795021,0.00132263012656046,0.00252472625485142,0.00252651225154911,0.00245236923631297,0.00246227978465624,0.00101120070251396,0.00241863482119022,0.00146316542110603,0.00130718673603351,0.00105003866599292,0.00270191672135311,0.00104261543087823,0.00223975617237352,0.00458238028447819,0.00118867944576723,0.00100695242652865,0.00482476254794945,0.00139797615085582,0.0014123526066261,0.00226736538967417,0.00240228958882297,0.00105123292333902,0.00259101724398956,0.00244586802379549,0.00245702298943721,0.00244473860086943,0.00126071761691815,0.00123478485243496,0.00116247257421386,0.0012818962142247,0.00242069302965439,0.00267117342993981,0.00130075230990098,0.00115519336846982,0.00251320045231574,0.0026093588684178,0.00122609372837915,0.00114301506609013,0.00124280148307807,0.00298935217940057,0.00131573473594659,0.00254093704058189,0.0025944155898647,0.00118377548391828,0.00406718990087138,0.00116336177036691,0.00249628489741342,0.00107117929186143,0.00109037724117712,0.00219891770361147,0.00248177550387096,0.00136736906720158,0.00139470657476793,0.00104834763772993,0.00244067463466598,0.00119939414055074,0.00097414508743059,0.00397650340431576,0.00259278977159616,0.0015067223337675,0.00118194136268729,0.00132593168864703,0.00137603812901432,0.00244042944744687,0.00102223364325147,0.00100940302155813,0.00240597860986727,0.000817465169175773,0.00116155146476463,0.0012271021502458,0.00246122228299858,0.00240276375797929,0.00240933238423749,0.00265856772172094,0.00105296737977334,0.00238372771051443,0.00125050796470816,0.00112729143201261,0.00109990572299248,0.00121097616162779,0.00406271017236379,0.00105008144410275,0.00226644616423466,0.00100323877947881,0.00261682876663735,0.00239703791317574,0.00238084023345799,0.00260876442466809,0.0012491153035446,0.00150554795276211,0.00116759620470447,0.00269075856426627,0.0022745864026424,0.00370759124536683,0.00354819705934766,0.0013779384458245,0.00250342784948742,0.00119350881825987,0.00371220479674985,0.00108604445607957,0.00129294360243884,0.000843912672357504,0.00246256205929994,0.00365063386761119,0.0035265571469528,0.00345013587562132,0.00346309463369437,0.00354758628812322,0.00353215244242526,0.00347568252289058,0.00362009805202559,0.0011526445779556,0.00387601446141245,0.00347166106777408,0.00128996600874108,0.00382415625179898,0.00141493255909091,0.00110067600952184,0.00626528245686489,0.00115879226228742,0.00119913334961258,0.00246565043227511,0.00378027406262901,0.00116215446068155,0.00360537559660197,0.00676719346923003,0.000979308489613676,0.00260849935799188,0.00103103575022326,0.00116212365719045,0.00100668053622857,0.00335893490093308,0.00380601172133095,0.00337783883889616,0.000989035713928321,0.0035458955566961,0.00104609121982205,0.00122876942400684,0.00367404026083067,0.00361134823250505,0.00484146826847719,0.00137920476792895,0.00364361145588747,0.00106771356216975,0.00112155481046354,0.00366225695772282,0.0052103781115401,0.00126772589843061,0.00120194000649679,0.00102530351452669,0.00111252517000811,0.00238675164337701,0.00391028030979869,0.00243975014083984,0.00113729316087229,0.0011894004965723,0.00342418762284074,0.00367592093858781,0.00146494734058591,0.00371167507912875,0.00109122036583845,0.00242232664548784,0.0013674330027608,0.00633432106901135,0.00119690681433733,0.0035038324317563,0.00110483591118303,0.00240942076989021,0.00358371253467516,0.00109126662984068,0.000947252935470793,0.00104037585191502,0.00103686202960626,0.00359037041088419,0.00244843114720424,0.000950642090989636,0.00244833276197073,0.00109773374100328,0.00112320540762679,0.00349836161404051,0.00480404165437108,0.00455152312598575,0.00161158701284052,0.00120772427020219,0.00121784273700747,0.00216876079988939,0.000984926389686945,0.00133266529143815,0.00132471910794575,0.00173418378996597,0.00620606525965287,0.00147066076823503,0.00120625145542243,0.00116258772965728,0.00386082067225994,0.00113725419160204,0.00101520142503215,0.00362465001998336,0.00103139692591137,0.00360350057736019,0.000926219273856154,0.00124339054600901,0.00489170159740104,0.00365912644772519,0.00590793784853914,0.00154209983584516,0.00374796854368422
"TT0046",0.000949878709565651,0.000797082758613754,0.0020909257124317,0.00240482796435166,0.5,0.00421127231597901,0.00417095763108366,0.00404265939405052,0.00201657805647054,0.000724765547976746,0.00358192933926464,0.000739676932383004,0.000741209454255623,0.000911225417741705,0.00080790015699554,0.000606186069344466,0.000720045602802584,0.000892737799815869,0.00596825125747735,0.000910992894514745,0.000926921067579093,0.000910611190119693,0.000808209698860731,0.00657817287164426,0.0068316663573863,0.000913655340290096,0.00115197465311596,0.00239418207656217,0.000875624975321269,0.000818153650402181,0.000701184557049881,0.00090477984489353,0.000912044026077975,0.000886112991238698,0.00076338288422029,0.000835988704989728,0.00106844550570424,0.00367601940854925,0.00555422920826303,0.00105169672907569,0.00662476308347373,0.00109115631140729,0.00638295300952352,0.00087124787763131,0.00100017752523373,0.00100345791638574,0.00474209515008163,0.00503983972775021,0.0013514861787285,0.0023946243279303,0.00165162361548974,0.000998434232071699,0.000914626881349189,0.00102159481164326,0.00110822111568377,0.00505836445039406,0.00096066331623244,0.00109605142052296,0.0010464789561744,0.00077640612387337,0.000976313310398436,0.00194592969115987,0.00178821956603642,0.00177991791080911,0.000757879402128669,0.00733687358976112,0.00150955232476056,0.00394204496583586,0.00095991285674513,0.00181227161804556,0.0078199632078529,0.00643444734630043,0.00158048787013818,0.00232075118120837,0.000738921856376961,0.0014214452995014,0.000722944727373865,0.00136160934675675,0.00472114658712643,0.000939440810191347,0.000764862828056998,0.000694062632247282,0.000724237714246444,0.000932605456600223,0.00327293336483967,0.00100578735399242,0.00550187656189811,0.00113138084625666,0.00556650306550199,0.00221863053266663,0.00143029276985761,0.00105789303484157,0.00124448439256331,0.000588494427208281,0.00101631641854538,0.000876454507926577,0.00261743679671014,0.000896632460672518,0.0042552261591911,0.00426493047989888,0.00754249476831769,0.000918024436150749,0.000632570012355529,0.00183259605098453,0.000617214835063132,0.00176955394653036,0.00867542443049689,0.00591519757113326,0.00400528765158984,0.00106120191643199,0.00357142933956334,0.00137704179883346,0.00760372115699674,0.000761049872356265,0.00106022760660388,0.000638283596797513,0.000700566832528286,0.000622204548563267,0.0006170509125117,0.000784920321594689,0.00101038733686198,0.00104699699376494,0.00211580931151305,0.00075830016898984,0.00103951627516414,0.00795378157885569,0.00133968758932354,0.00316555782397527,0.00313712267118103,0.00106069831374722,0.00554156417977196,0.00696927361388267,0.00208872999330117,0.00539887000057442,0.000715446563363688,0.00216901545892112,0.000906225898724784,0.00445398957408785,0.00287450160435748,0.00516868966724663,0.00161295339356258,0.0018268817012825,0.000735508392356521,0.000690623366023847,0.00134356570861731,0.000644505436452384,0.00142438386895901,0.0033127919321301,0.000826928684364111,0.00096009741314733,0.00145589571439254,0.00871405308444592,0.00072081428581523,0.00609821938666905,0.00620149234411853,0.000836857098830329,0.00108633859354835,0.000988372106306419,0.000879280430372739,0.00101319009912175,0.000943261398191867,0.0036763919469254,0.00747083370032838,0.00329832748076497,0.00304223738331014,0.00101971772972714,0.000582106853329795,0.000782172369818971,0.00161278868370623,0.000756967099138172,0.00187349415591957,0.00163836917986438,0.00166157398269402,0.00380944237169593,0.000892699915921958,0.000783139267514157,0.00136489428203874,0.00395482528007406,0.000994992479138602,0.0023481778119164,0.00105991028573177,0.00116761476877746,0.000982252954788711,0.000741320146110919,0.00169328348228636,0.000883518858495679,0.00435319520735703,0.00232228591381782,0.00146321006223226,0.00314403785705548,0.00786641958621622,0.00329829491062766,0.00311389994555251,0.00113310710472493,0.00187648835153946,0.00443523084402197,0.000991605786422686,0.00687121322362454,0.00631473529388757,0.00106627268518302,0.000791370357317401,0.00895886019261453,0.00434146989432566,0.0012685977873443,0.00103177028997955,0.0053348092401083,0.000906448072180605,0.00081514326357507,0.0016635129253525,0.00082302340549659,0.000779631981572555,0.0015311376988096,0.00397236772120479,0.00130576979412512,0.00182675049732909,0.00406396251794518,0.000733423766757606
"TT0047",0.00237704651814565,0.00221208536432639,0.00373695799153838,0.00552175038230685,0.00421127231597901,0.5,0.0012540310816659,0.00322755433829432,0.00103636231493304,0.00229576679928967,0.0035453502297447,0.00240783661575596,0.0024093377212565,0.00233659029049637,0.00235061858577849,0.000929323979686989,0.00230940377095358,0.000927937215418057,0.00132581877898441,0.00121484035427155,0.00254843978099541,0.0012231050412057,0.00214558564817242,0.0025005380242255,0.00122483566448712,0.000953446887706028,0.000967860338624991,0.00418224524772656,0.000820515368141668,0.00217484209172512,0.00229218318767779,0.000966629601636728,0.00247460284911615,0.00233573990362576,0.00234346694712205,0.00233314975195961,0.00117173161558802,0.00117445202637362,0.00111782397625112,0.00118138468813601,0.00359160384940809,0.00254903271781932,0.00126357655915529,0.00122764058251052,0.00242299987856014,0.00250905992521475,0.001227047185118,0.00121327337228734,0.00115964483298918,0.00284996790152085,0.00125884045895983,0.00241062987448408,0.00250557511101499,0.0011499403714491,0.00388880200065661,0.00113461736742766,0.00236565602837558,0.000977044576949676,0.00102504379752593,0.00210680470517133,0.0023536628494475,0.00131296562457866,0.00128104662359287,0.0011190591646594,0.00232860958935502,0.0011788633498757,0.000993721625422596,0.00582152397059523,0.00244549953240736,0.00144812562793103,0.00358218273298341,0.00132067893038321,0.0013478739690224,0.00232539305867071,0.00115513593015497,0.000948214987741074,0.00229453729816066,0.000976529107865112,0.00114030363016323,0.00114341529054177,0.00234750268679982,0.00229321823294365,0.0022977485417484,0.00254947162412614,0.000989490682787595,0.00228355220731738,0.0012355966318283,0.00102435160831867,0.00116220274411499,0.00109390419328752,0.00126009334605074,0.00093131900517041,0.00119445342710232,0.000914052252857756,0.00246992381106927,0.00231536150574831,0.00237622672809444,0.00248960188855499,0.00129077782174658,0.00400837444626424,0.00122359628527501,0.00255869409270075,0.0021773559691495,0.00378720048480442,0.00336814313145413,0.0012485597781014,0.00454855397790416,0.00123049354197595,0.0044083092409546,0.000996928548369435,0.00362856152935522,0.000984200547415763,0.00411866754978744,0.00342371205367919,0.00335891918067777,0.00327565712012943,0.00328818914216696,0.00336660591040831,0.00335305687632577,0.00330400322628907,0.00344906056028634,0.00110104227480342,0.00644485303258044,0.00329495739620324,0.00114471638876837,0.00417255856180036,0.00396090209617946,0.00105070118328677,0.00656618940272445,0.00100456107174769,0.00131076267707346,0.00139245008125838,0.00357943675677716,0.00118466286956647,0.00342933626216328,0.00602190973890665,0.000930917129094454,0.00394564715826155,0.000990282519198524,0.00114596423186023,0.000951780195366839,0.00320183335154884,0.0035393659069432,0.00321700903204616,0.000905445575320873,0.00336685044216245,0.00120804486179094,0.00120971718402808,0.00351874967778933,0.00570650480983254,0.00213214244881183,0.00376683664425597,0.0034766038773059,0.00111709207035196,0.00115564713998134,0.00344941455922713,0.000914000781314929,0.00114498220538019,0.00109941621877878,0.000937873109679771,0.00101833776980813,0.00403500842316081,0.00459717495610944,0.00123567734585855,0.00108750876416632,0.00107395476526029,0.00325016435623829,0.0034864452968298,0.00137297437849679,0.00350253329443505,0.00111539164563782,0.00131894673851486,0.00131649611941164,0.00682817141048434,0.00109389634220275,0.00332550759931755,0.00100511592030442,0.00384854286418603,0.00340372562764574,0.00100498359997104,0.000872115537076921,0.000952458330817834,0.00091196985756004,0.00340665422439856,0.00109403174753558,0.000892845271785493,0.00440078459759646,0.0010453348457867,0.00223490431571274,0.00334552017633646,0.00409394223418352,0.00564914674891388,0.00112084857428846,0.00394109246203045,0.00121397174872839,0.00109431087702639,0.000945684782283273,0.00137921100654762,0.00134254028829853,0.000890304838237359,0.00355812072333316,0.00456052935923825,0.0012073623454932,0.00106111190408044,0.00619065547797453,0.00119233333990611,0.000933998815148597,0.00346236100990915,0.000964109658725733,0.00344151837643591,0.00109402863904759,0.00114642428888796,0.00458788489340835,0.00351879839853759,0.00147938449870972,0.00410783343976503,0.0035522988088007
"TT0044",0.000868503645573275,0.00108762987438529,0.00138224352141306,0.0023662795639518,0.00417095763108366,0.0012540310816659,0.5,0.00313189464709283,0.00723407755208736,0.000873827123433982,0.00857136964279773,0.000849691853976105,0.000850615658982436,0.00080634841570155,0.000814580243658878,0.000733745020395617,0.000920354215288732,0.000931467723829459,0.00110625310939574,0.000863989746084064,0.00105148619253899,0.000881015080455899,0.00113784401268321,0.00123510382914513,0.00105171722331321,0.00514182956241228,0.00886407724790601,0.00728427184472382,0.000892489680926741,0.00110961029113487,0.00091543296217443,0.00667261423761598,0.000915541022941023,0.000798666162738857,0.000797528202501581,0.000751066443192646,0.00669341122741567,0.00937650278002673,0.00313657586201853,0.00702978786873999,0.0012252453691872,0.00112591873629106,0.00361998856940633,0.000887430596248765,0.0010482608338874,0.00092734887468642,0.00122340372082455,0.00107396680793033,0.00124685194056153,0.0022376597636091,0.00115256748171616,0.00106732009824694,0.00100205275991509,0.00343370543336362,0.001000450306229,0.00109191664115321,0.000895904071809043,0.00171038652266609,0.00528669533309985,0.0011185103437285,0.000942182788403267,0.00247109008950985,0.00322752507753368,0.00111697263167227,0.000817344143111048,0.00322569700782896,0.00109703748995511,0.00367190212363321,0.0010288015919691,0.00146567160420724,0.00397513811492818,0.00124210457908393,0.00120676757879062,0.00217669159877715,0.000774028333678207,0.00144669419605735,0.000871906721248187,0.00175399349963845,0.00109850744378025,0.00649312125675548,0.000799087275407193,0.000906420652365023,0.000874813275976214,0.000949336726372525,0.00759720981048619,0.00106269907577603,0.00128198909645842,0.00157509492401468,0.000906844977978316,0.00812686713994763,0.00715154009965769,0.00623309611376864,0.007601500994404,0.000702675324014044,0.000791045130820304,0.00102747466554942,0.00129054905430969,0.00113181122913306,0.00100897554260775,0.00124836620286609,0.0021444894805505,0.00112541575481104,0.000866017040210569,0.00126541963452761,0.000699240165435254,0.00239557358848361,0.00364734406380832,0.0020351956180692,0.00328446605294376,0.00277276578032056,0.00905210379095345,0.00124476455352959,0.00369473281124181,0.000825553562440151,0.00104221239139443,0.000693701745277546,0.000678765435784781,0.000696499200857195,0.000696154871450807,0.00196841628310473,0.000999880170205023,0.00522321842102529,0.00308187262925093,0.000665973439338609,0.00112724362016737,0.0033053273421074,0.00586216467823164,0.00620523688710793,0.00104270910091533,0.00371844242364485,0.00112781017912208,0.00146109389974948,0.00363357372856568,0.00199179921091824,0.000765333250124862,0.00103650440761777,0.00536771881517756,0.00137000304573803,0.00122749890826588,0.0010772515589631,0.00110867347792733,0.00180444220414137,0.00101229371959944,0.000899659157550087,0.00140733091547225,0.000697794067092821,0.00128987667389401,0.00201138847103369,0.000807888682366849,0.000873047842858788,0.00225018725324139,0.00340966569998032,0.000791871646696229,0.00112119460506273,0.00198081180539115,0.000938495029933573,0.00190745756374276,0.00564690806753024,0.00660290138955767,0.00156554255281044,0.0014716928025214,0.00361051772370242,0.00132128772785798,0.0034863594432828,0.000975036974969359,0.00686365046576131,0.000762096028688171,0.000922662296402559,0.00323886492488695,0.000906610341943585,0.00113411293196434,0.00343559287944086,0.00116155874692055,0.00305425296926715,0.00689480002059973,0.000708924592869872,0.0014119529972098,0.00111732969182601,0.0010417231029586,0.00264654081034889,0.00164900341990988,0.00150257734432457,0.00313775222680376,0.000736983268670947,0.00137506557370827,0.00320356438568095,0.00333039234313451,0.00627669775487968,0.00117275914457664,0.00302223938978925,0.00350091799688115,0.00301985205053024,0.00305371998768998,0.00102626286458716,0.000979718567714245,0.00405205743666616,0.00550228937256432,0.00113060324866035,0.00126291594506516,0.00122731828351644,0.00104673889041262,0.00139654063723044,0.00337417017787239,0.00625388989822235,0.00100750097270222,0.000849684062552039,0.00663584890613872,0.000766333862447594,0.00123206086690783,0.000790061999180914,0.000912911875924166,0.0013899262043213,0.00743347790173156,0.0048120060053917,0.00229384708159072,0.00337171727444267,0.000861364611719521
"TT0045",0.000821962762410633,0.00107584539951826,0.00100926734134774,0.00146505840875499,0.00404265939405052,0.00322755433829432,0.00313189464709283,0.5,0.0011411905023547,0.00103942920715929,0.00104573506650863,0.00106185294432121,0.00103859943622577,0.000795917585038045,0.000765580794278254,0.000934441866685654,0.00112088298396477,0.00536155114429223,0.00116878024177115,0.0128818340575921,0.00102297918061511,0.0121140090811923,0.00106140063608232,0.00116537037419309,0.000929797832835129,0.00110028821678624,0.00155514313808156,0.00298840109911843,0.00610196390688229,0.00107677271219114,0.00105125442679624,0.00113553973648324,0.000824349655427008,0.000757393642446618,0.000943601179531247,0.000938194579223777,0.00108208216361176,0.00204447053579653,0.00399059257857487,0.00107264665929853,0.00113449163151393,0.00114929571566819,0.00103091572673815,0.0167258579432596,0.00123550606269461,0.00124913756671688,0.00126020601664895,0.00110652454774809,0.00129723000054732,0.00198080694475649,0.00102073761550002,0.00122372728311881,0.000944802255910669,0.00100816051929735,0.00108619273900478,0.000882330671816601,0.000745297402677259,0.00080440633055396,0.000836511994662171,0.00110026530979333,0.000853804215608574,0.00219742283340827,0.00325004013007576,0.00121971663775223,0.0010316039809493,0.00411086419971318,0.00104447648259926,0.00307820755331444,0.00117990696062524,0.00133707460370781,0.00222887862914339,0.00128536607126841,0.00136107734826183,0.00388462592083359,0.0124294282914016,0.00100279771542988,0.00103687794918647,0.00106190918181395,0.000867774007104153,0.00101576022193352,0.000945830836536482,0.00108101225938038,0.00104027505959769,0.000906503897548364,0.00290311541648411,0.000893304675598334,0.00103202548519939,0.00075332047625154,0.000977224535497756,0.00304348384760182,0.000985066463341294,0.000987759181135472,0.00105273489157572,0.0010117612635346,0.000723946031687675,0.00102441454494531,0.00132908380502459,0.00104228633690683,0.00131675598351926,0.00208632504755206,0.00408252660470238,0.000934802240431609,0.000967674188830335,0.00119964495687851,0.000885700105454944,0.00133810236005812,0.0035569670091124,0.00380747167452223,0.00311390354279873,0.000747925438888426,0.00201495099238564,0.000953909414113102,0.00113409279661127,0.000862099143711884,0.00284970135640192,0.000855553306405646,0.000649232211561604,0.000853777052183422,0.000879327761594495,0.000968810697621666,0.00185861932261196,0.00103413220570729,0.00285031411783038,0.000680229174991971,0.0306339569430872,0.0020625493775397,0.000995969540918691,0.00401122265630176,0.002842343351884,0.00101251491714147,0.00111383673451522,0.00185683870226765,0.000885971829055709,0.00422985998993165,0.000863361299531236,0.000861043668175963,0.00107789721223426,0.00100842815890321,0.00112194762478626,0.000898657094828462,0.0011283951889154,0.0032842535845955,0.000912314169910535,0.000847512478705828,0.00106325666751113,0.000654895239437198,0.00294525795535481,0.00421264578594406,0.000920857603059089,0.000862346967033428,0.0360855692621942,0.00294039622265984,0.00075936756927147,0.00123978536691317,0.00411082000146309,0.000866570993439472,0.0122385117772777,0.00108515900743982,0.00104198862710278,0.000785200451948259,0.000980614841619372,0.00286739196555456,0.00338117613852073,0.0010418597722774,0.000810191451478328,0.000902981888598794,0.000884837398130249,0.000879339707288364,0.00130608314912453,0.000752782714313533,0.00116640831235439,0.00125994747739612,0.00141855869995406,0.00317399645827947,0.00101582118709914,0.00068455834168833,0.000812242694913833,0.00117364867576635,0.00286359466253255,0.00355998428479219,0.00105635629270944,0.00080196545493259,0.000932582999775712,0.000739922600588882,0.00115240977958183,0.00106339774340314,0.00357955642973106,0.00393644493755615,0.00135455721909621,0.00359753930464311,0.00101091482877771,0.000925938333248352,0.0231138427175681,0.013344365766492,0.000941048848188322,0.00385307112759691,0.000994560393099579,0.00106900731394153,0.00119028785043305,0.00880198965301526,0.000865025171550609,0.00301695052511792,0.00333339260966204,0.000839174726476881,0.000856962572446062,0.000953748674358899,0.00110953413884745,0.000920297753598108,0.00111537914206724,0.00100053992669619,0.0118520535678155,0.00105311262920878,0.000965326666841097,0.000952243941442264,0.00158212186498623,0.00312672926646651,0.000841646272202314
"KL0014",0.00095771906229388,0.00113710178153875,0.00106404619380477,0.00119800484589028,0.00201657805647054,0.00103636231493304,0.00723407755208736,0.0011411905023547,0.5,0.000959957178258436,0.00811353441248516,0.000921759884922882,0.00092334402447161,0.000865223400112135,0.000888129755709902,0.000783567039759567,0.000982438500731647,0.00148038589279336,0.00107078305943779,0.000884394078748412,0.00123284541185158,0.000928131149330501,0.00119367679396697,0.00102844581942271,0.000919721965946052,0.00356280498685092,0.0106424970778984,0.00367652816149516,0.00149386005909853,0.00117812295724682,0.000998654843505954,0.00847286671493549,0.000987800303435736,0.00086381252293,0.000867817656800841,0.000818050752759319,0.00836628773177608,0.00867376411363911,0.00125246182244005,0.00667924182376251,0.00117324011659143,0.00366514831372448,0.00121789261098356,0.000976410695878186,0.00353061698894851,0.00368375931451284,0.00344104067106347,0.000961216041994165,0.00125646998428913,0.00130922086668384,0.00439845041750219,0.00343668393511505,0.0010398033125861,0.00321203450899153,0.00104416078646426,0.000961896952237467,0.000977734688654226,0.00171830694132974,0.00368143129783144,0.00118273777692387,0.00102369915023692,0.00153548340329946,0.00139833841991773,0.00103021120097709,0.000904324283176468,0.00117425365129856,0.00106722170038125,0.00114473814602137,0.00216006647666841,0.00386465367204482,0.00129210607969674,0.00312524286420286,0.00338416161402921,0.00127015577957036,0.000756364212992785,0.00124444353505372,0.000957791806919964,0.00173825241660951,0.00106070202183654,0.00613320195593682,0.000869545105566132,0.00098267735748164,0.000960978873812028,0.0010617579756253,0.0230835412857483,0.00108295715507699,0.00107980646502528,0.00166526278202016,0.000865800355044292,0.00839141339091553,0.00672905675615747,0.0081325123661418,0.00516562758632863,0.000759632777692649,0.000852794350914246,0.0010465760041224,0.00308332653886959,0.0036133007505516,0.00107241992785106,0.00105320435964047,0.00119096102354263,0.00339756780162498,0.000939497633356005,0.00115519263900591,0.000779470500561769,0.00356302763602216,0.00288431752694634,0.00118155838402115,0.00125510755557916,0.00265006473743403,0.00651389981656553,0.00118307976469809,0.00115674189012233,0.00101327854867201,0.00107580474996542,0.000781087550983823,0.000756322602908183,0.000778005218206888,0.000777768601107908,0.00112056634683542,0.00102800359700571,0.0037173724400383,0.0009533757544807,0.000733726768673921,0.000986248433151092,0.00100441239667256,0.00548243549553452,0.00493446838591569,0.000882810596880327,0.00613919636084303,0.00104231701320338,0.00406023936657648,0.00119721141689389,0.0012220332011729,0.000967803238919517,0.00100895889645984,0.00499526549504272,0.00106796303937643,0.00109043106746661,0.000946856150204489,0.000981423309446208,0.00111897037838186,0.00380316266293717,0.000958909293986973,0.00127964360112198,0.000777844433750851,0.0012315452820066,0.00130507592018309,0.000965204466813023,0.000890867291447848,0.00125864633778974,0.00110204507077807,0.000956019152212831,0.00100645461634176,0.0012214348294671,0.00321640013516007,0.00355696459214794,0.0053089687604621,0.00851254908699443,0.00156212568615328,0.00147706807162086,0.0032272657396869,0.0010269671922519,0.00321700520285543,0.000851100760690373,0.00884823741336452,0.000851985245316668,0.00296333162396138,0.00136736305639703,0.00356080207977177,0.00108829563956176,0.0043892739047056,0.00127470037291734,0.000896627155846639,0.0086513306612783,0.000791074562468968,0.00136073767803455,0.00105540757056037,0.00111880787030424,0.00177083149341561,0.0016008265613055,0.00146647346659063,0.00521068493655804,0.000915500163242791,0.00123634812871617,0.0029808570689834,0.00127420859352054,0.0051493744794937,0.0010127491403164,0.00106257651951086,0.00105091412786887,0.00308002762463357,0.00324712112377941,0.000853085898089341,0.000987260771504662,0.00165557840563845,0.00503883427501982,0.00105195368943096,0.00326100046993676,0.00418230915353702,0.00124384335136577,0.00105086455005293,0.00121341715043249,0.00370400505338685,0.000936199604271775,0.000821626213591922,0.00837669014731418,0.000934580883960497,0.00108881958661061,0.000962630513160938,0.000869542867895349,0.00133153860024974,0.00614226581556247,0.0034604754065889,0.00128965477731141,0.00123029171845808,0.00288953226050101
"DU0091",0.00369889333897664,0.0037133622475561,0.000948380463614517,0.00240713655795021,0.000724765547976746,0.00229576679928967,0.000873827123433982,0.00103942920715929,0.000959957178258436,0.5,0.000890431318703707,0.00575315277814634,0.0056007081491642,0.00390965647836753,0.00557786523726713,0.00398560595273433,0.00546880434518074,0.000835186568999368,0.000964348262556582,0.00116422503288662,0.00253717621929955,0.00119661417650066,0.00359669641603916,0.000763845432497187,0.00108108960864013,0.00327870985847887,0.000801785955685453,0.000840991061876952,0.00092466144688736,0.00251601495320671,0.00588078753874382,0.00350434210902779,0.00270826217080481,0.00401808977880628,0.00593278304939691,0.00559202191270158,0.00109700233409436,0.000875280180988945,0.000889330983395535,0.00103389526598338,0.000868378040637137,0.00244328230631482,0.000963009159643975,0.00125536673399421,0.00232547496126965,0.00243294655016138,0.000983618443875544,0.000845407710360321,0.00198723541797931,0.00265675918777962,0.000794881032073116,0.00234065907892868,0.00271716389756043,0.000988279810681329,0.00246031237734416,0.0011641565619283,0.00260802108844916,0.0011550812561728,0.00215104400439399,0.00472082235197654,0.00250939542449701,0.000660571173840696,0.000725207159406914,0.000728921296052735,0.00609636571074098,0.00086025628586758,0.00179625747607972,0.00224015039143313,0.0024116305321203,0.000648950325235636,0.000799156040424461,0.000814091554051161,0.000758805823937858,0.0022269736780951,0.00404353727002119,0.00118456491573689,0.00619693030612404,0.00224424965412646,0.00369038597677791,0.00263320420843077,0.00594678444851095,0.00567362662043067,0.00619271883286743,0.00266671494019124,0.00078816241195889,0.00250555416757488,0.00130406042457575,0.00115404735883942,0.00210615171543242,0.000904155299893082,0.000895226921202152,0.000903164153650749,0.000826002572096606,0.00467134646576928,0.00289338596280028,0.00380790451529752,0.000650903341478972,0.00243898096389775,0.000760696922805609,0.000645773139191091,0.000733301867596563,0.00248193494522701,0.00536620393035348,0.000659556543010867,0.00640609155594164,0.000649553799779901,0.000855142540348541,0.000727896558823644,0.000664318033540472,0.00107711971667964,0.000918288963143674,0.0010164725029036,0.000845527664405216,0.00340411671590681,0.00339002076279753,0.00651778511315843,0.00600366035952447,0.00623455684194843,0.00645927984453652,0.00352180378379008,0.00343586947455856,0.0012937623648505,0.00343116123446117,0.00570989432943514,0.00352529943206695,0.000740111235331899,0.00100122118642392,0.000829638246368443,0.0033010472838775,0.00086207290933814,0.00113545230979828,0.000807985103025897,0.00354190378057099,0.00074476187928027,0.00344569158646078,0.0035058254978911,0.00215526488760016,0.000898260561170133,0.0033671531633933,0.00117029082043176,0.00359679611124175,0.00314177336193222,0.00354395609428904,0.00354895769934217,0.00328799354704401,0.00604656402135812,0.00073155511608464,0.000711427819507101,0.00345334044729169,0.00327572954346308,0.00110640355681624,0.000833804821329329,0.00346712847706062,0.00214613284606077,0.000773384517842696,0.00342387722774046,0.000725282873034535,0.000946881790470513,0.00427090522650755,0.00119972164132481,0.00435935182529513,0.00081617109660729,0.000720076972927464,0.000944324356002224,0.00252552062672932,0.00116454494382732,0.00659900561200177,0.00345564256712088,0.000770104601498855,0.00351315252116992,0.00192401987643681,0.000668383783161404,0.000712341330364306,0.00335406690010237,0.003925344348588,0.00453009296527937,0.00119033490134191,0.000706758897355986,0.00341440089204831,0.000908308360575609,0.00221169063598385,0.00246289640539855,0.000946760407141944,0.00346265087428115,0.00108223639635582,0.00216687997076766,0.00067556998193155,0.000838678657835975,0.000717431200769163,0.00323299460165999,0.000844062372050214,0.00324284615610101,0.00091754616420033,0.00119886456398673,0.000917944308482494,0.000867875243579713,0.00106520851619625,0.000970373444504507,0.000910718884382785,0.000694682864409627,0.00347583220728225,0.000791084152984219,0.000854012397987228,0.000989397796878966,0.00347547249217601,0.00341476650591695,0.0033416147284015,0.00341116981798375,0.00340636234782408,0.00338869107083664,0.00230461684095881,0.00104765801679258,0.000968362764915705,0.000827352704383542,0.000630224267579388,0.000675495410590096,0.00358564783371544
"TT0048",0.000936087834946351,0.00109941344839,0.0034720372113774,0.00132263012656046,0.00358192933926464,0.0035453502297447,0.00857136964279773,0.00104573506650863,0.00811353441248516,0.000890431318703707,0.5,0.000885075427397585,0.00088754709784517,0.000870084025112242,0.000855668586935439,0.000687939239237466,0.000945483801173252,0.0008847148129257,0.00118380388983756,0.00102920117433536,0.00120875059762529,0.00106675893531521,0.00113977409627622,0.00121598489223526,0.00103330009632124,0.0053718711859146,0.00615068633371,0.00801008937459116,0.000780551286638746,0.00111932519409191,0.00092883715903524,0.00547346010879901,0.00098185854333108,0.000854345205982645,0.000839969132631753,0.000806573179738551,0.00559873808620899,0.00880017363842218,0.00122745917862289,0.00636720835576502,0.00337841502493463,0.00441241783046811,0.00246375695445216,0.00102352157785374,0.00339801180094042,0.00114349192026328,0.0036416373932967,0.00103501950743275,0.00115309875776555,0.00120055689491274,0.00114696919529782,0.00365615402656033,0.00102732423762392,0.00500234625555293,0.00119419457364352,0.00105364292214325,0.000953765879516023,0.00292214359532814,0.00554946669976459,0.00112745856022263,0.0010009664182212,0.00126135726161382,0.00118688975012129,0.00103951333591107,0.000843221842503082,0.00116486280249596,0.00101456778210046,0.00395048761343892,0.00229859456160726,0.00135395099420238,0.00219978788430325,0.00240292903525925,0.00334042143869687,0.00113634423570171,0.000838451500114469,0.00136356809587733,0.000888418999871342,0.00132864079191552,0.00103300566682999,0.00638950452424073,0.000841601995654503,0.000925215494972613,0.000891121090208954,0.00103217271414903,0.0055781719076886,0.00105891583053545,0.00121210700015889,0.00164846731290223,0.00093171153148993,0.00641687237878677,0.00702525667962338,0.006416726678553,0.00818441682115107,0.000664200001774977,0.00085130350225022,0.00103217814509235,0.00217305763737299,0.00351380052572886,0.00109454529555485,0.00119997497349537,0.00113907514640332,0.00241712400674608,0.000878389233011825,0.00130527383790129,0.000750061824711571,0.0012731487669663,0.00397050741269397,0.00114090852115176,0.00329583268020322,0.00297871582100021,0.00668547988268133,0.00109114779083151,0.00392760244259879,0.00104262640432847,0.000956263796558994,0.000739209522887743,0.000733451263083893,0.000748360397658288,0.000745692591270485,0.00100019905885552,0.000937296296968762,0.00542463243506794,0.00214548569396189,0.000740382551411093,0.000875321629190074,0.00335849285629306,0.00831175580844721,0.00546475004717493,0.00199325807230869,0.00603943485724237,0.0011437239211248,0.00140909348124579,0.00109075322489979,0.00117506261263006,0.000956257089349932,0.00109018554107529,0.00549403064570869,0.00241173228200274,0.00116088921254963,0.00104149446816949,0.00102767542215728,0.00100555796930235,0.00113395629479651,0.000930366107507813,0.00135243601132415,0.000755519372932707,0.00113787991623125,0.00117562081013444,0.00096375149136646,0.00197625563643909,0.00184157517989239,0.00126781517061122,0.000943230423556872,0.00109226935891793,0.00116493552311813,0.00321861960130999,0.00102003006761044,0.0060580325453278,0.00537634908987227,0.00158046710773086,0.00147046998531258,0.00508927205268685,0.00327763488677327,0.0038129019265899,0.0009480457002446,0.00568596604208685,0.000795227059440714,0.00306930445437077,0.00229011194766909,0.00303907435757256,0.00106972032365,0.00337653086483946,0.00122622724689689,0.0020583617557246,0.0056481044540001,0.000782954574074803,0.00138958161798034,0.00111825193164456,0.000972235347490793,0.00165278276873733,0.001592555423344,0.00148624925109208,0.00317817742023595,0.000895631298241952,0.00133510937979747,0.0045342759852333,0.00132946777051088,0.00556684303202105,0.0011642775706605,0.000976971413775376,0.00136337462533063,0.00379047507763397,0.00202627087920344,0.00292478106084436,0.000983556492104557,0.0016160907997566,0.00571281412768982,0.00120299580641506,0.00362749963268135,0.00101124636741632,0.00120741755157738,0.00361727388527954,0.0012767978069516,0.00562687509530617,0.0031209493687312,0.000874059088102384,0.00548238015454192,0.000897570830031036,0.00115744689138165,0.000912539746160099,0.000983751550714099,0.001394537732315,0.00694537134929244,0.00737565005865146,0.00127276005220876,0.00345031197830625,0.00104733887882342
"DU0093",0.00278076928578761,0.00258521645013095,0.000900201364996182,0.00252472625485142,0.000739676932383004,0.00240783661575596,0.000849691853976105,0.00106185294432121,0.000921759884922882,0.00575315277814634,0.000885075427397585,0.5,0.00653278332483569,0.0040931967187508,0.00572061515943359,0.0057740309486661,0.00585285031256892,0.000924877422342619,0.000984247617985848,0.00112862185901504,0.00269047605648295,0.00115878564388738,0.00248710861679996,0.000775556700662746,0.00114329885850837,0.00107144890814165,0.000783258485042572,0.000850757772247064,0.000994224364906328,0.00490444701615034,0.00595392711067365,0.00121536817789437,0.00542033213055138,0.00424495123666344,0.00584767545596955,0.00585790018652837,0.00110162381875334,0.000862203035636346,0.00086748226931046,0.00104681310337532,0.00090753427121741,0.00256712372497401,0.000922876975927243,0.0012600663408309,0.00244167994522922,0.00255883378649454,0.000955798419734414,0.00186319061006283,0.000921604900952317,0.00279013369382604,0.000806343617854926,0.00245861856423623,0.00408091661310062,0.00100653245996528,0.00260381621129327,0.00116035654082242,0.0027607491047501,0.00113125918119311,0.00119294783292089,0.00247673669924085,0.0026667397973098,0.000666610413365044,0.000750726069331849,0.000712799479837815,0.00585792315537436,0.000836142452420795,0.000898396882943965,0.00234941498315646,0.00253482153470614,0.000655404819115327,0.000783033400204941,0.000833085489440212,0.000779119524519974,0.00234330475058768,0.00375001601142145,0.0010115686449593,0.00574301685221318,0.00107139593304644,0.00252156599391008,0.00402608035738631,0.00586139838383286,0.00594892659069794,0.00575156310705685,0.00416269736001439,0.000790019136606934,0.00249084040991749,0.0024971267680692,0.00111391571572631,0.00111386480487068,0.000903308463397701,0.000882814766082052,0.000810332720897753,0.000847025729761765,0.00589702853053003,0.00434756795681066,0.00263542418325795,0.000659515780652292,0.00256429024222586,0.000794181592246376,0.000653852804931127,0.000758877872778499,0.00260864270695519,0.00531868675778889,0.000673065205171899,0.00691658601710451,0.000658045700959076,0.000830800684542649,0.00075577485476971,0.000676047100642813,0.00105412242089556,0.000960784648611989,0.00209082306644631,0.000808990112424623,0.00358214431970926,0.00361619155020912,0.00642006205900606,0.00511240471561682,0.00675271771428052,0.00679640635057868,0.00364115889493583,0.00366198664700646,0.00380906698012927,0.00360548433613289,0.00386255149549039,0.0035742284673105,0.000784947725823996,0.00102247359688544,0.000852086628712729,0.00346709315328098,0.000846186478571423,0.00242589111134703,0.000779699276902771,0.00374569681718548,0.000781425070954413,0.00364061557844145,0.00368548348328242,0.00102164812158129,0.000848248932236052,0.00110862563872988,0.00115530754886448,0.00221915215438155,0.00331009841832652,0.00372639340722011,0.00357434688254011,0.00107902311870174,0.00653124682160051,0.00102285004448538,0.000744022679171465,0.00364308189503116,0.00344626678559443,0.0011250748299655,0.000799210633322245,0.00366544065487864,0.00102565402678492,0.000807798513493079,0.00360081336875127,0.000768118758707884,0.000962328549659106,0.0046150617186072,0.00118361377369449,0.00413452263164702,0.000823841451443522,0.000735857955760673,0.000906490151781715,0.00389084700249605,0.00116855252839007,0.00634283492640642,0.00363613061837411,0.000787862349545524,0.00369634437955374,0.000871021998357223,0.000678048474428227,0.000728948898088614,0.00352486425577027,0.00405638482155389,0.00379991151320102,0.00117080162321892,0.000723668743963193,0.00361413375018032,0.000876538890265425,0.00105371201194504,0.00131066918453161,0.000907064425709239,0.00366130668470538,0.00225516627542013,0.00102133261548618,0.000688214492523026,0.000844377913220884,0.00192205719415466,0.00339420793993652,0.000803460195932171,0.00340751774170818,0.000953695458792576,0.00116183012393182,0.000963403942558868,0.000820661076345913,0.000942348706785311,0.00107770182563731,0.000908350682332433,0.000741416964698463,0.00365752156849969,0.000812765324130555,0.000807943516910014,0.00104581663260176,0.00365843892918777,0.00240901631555962,0.00115513688262872,0.00360018854282807,0.00111830332145456,0.00356447532065245,0.00127574528199195,0.00102922212613094,0.000962936557444955,0.000834082846170599,0.000639321067106401,0.00068510094558327,0.00378079350771854
"DU0094",0.00277896891638792,0.00255890146474697,0.000872466709835921,0.00252651225154911,0.000741209454255623,0.0024093377212565,0.000850615658982436,0.00103859943622577,0.00092334402447161,0.0056007081491642,0.00088754709784517,0.00653278332483569,0.5,0.00408856938246226,0.00577388757341072,0.00578866652251324,0.00569918329607874,0.000932890135887372,0.000988877472663318,0.00110548164637845,0.00269427193233939,0.00113601643091847,0.00246162602925827,0.000768824795358108,0.00114617863625091,0.00104468077146776,0.000784964630679522,0.000850947266748125,0.000989774436221246,0.00479850389678798,0.00580350420241516,0.00118924938273727,0.00557108350940326,0.00427147971769775,0.00574044178341071,0.0058438890447798,0.00112041500007534,0.000863613201840618,0.000843018175647302,0.00106527107186256,0.000911241886231905,0.00256958690798485,0.000900633255893516,0.00125059639302954,0.00244499975467917,0.00257740774542549,0.000945599776001454,0.00185652553395344,0.00089359328735367,0.00279338233821673,0.000804203109665024,0.00246235740656729,0.00413488071441795,0.00208710082363185,0.00262418435481154,0.00113984447128653,0.00276253431846561,0.00112324049933841,0.00118923154600465,0.00244847800513421,0.00267321563820072,0.000663451492859967,0.000747760084436529,0.000708784282592601,0.00570667228468155,0.000816522121902833,0.000871486256064251,0.00235097538130781,0.00253850199223792,0.000652009656294115,0.000770213198313699,0.000835875643381414,0.000776545685941054,0.00234436514833976,0.00361183871092896,0.000967970902767053,0.00559088441978337,0.00100538627890885,0.00249484710699025,0.00407230632059641,0.00575132454184318,0.00578552027794323,0.00559901702826867,0.00557490625789268,0.000790296934104056,0.00246774488611095,0.00247685698855696,0.00109610979167184,0.00111208432436166,0.000905591913375625,0.000885150176343713,0.000800171834378031,0.000848385093819435,0.00583433937478755,0.00438459169689125,0.00261101435355942,0.000655528830519106,0.00256720340622158,0.000809899470352855,0.000650373476450907,0.000761209394103021,0.0026113124316244,0.00522435503529674,0.000671496035775395,0.00678417475217104,0.000655253705798296,0.000813433545042223,0.000758107921341742,0.000672886338806096,0.00105103107770176,0.00096531156520216,0.00206394009921153,0.000788436606557731,0.00358364044485159,0.00361822941046576,0.00628722129915142,0.00622621526798981,0.00679405418460641,0.00666431804645808,0.00362788562915197,0.0036759165075382,0.00379883645778468,0.00360598909179933,0.00385753700719878,0.00342576862938943,0.000788307882751092,0.00102717703776177,0.000853104039047385,0.00346668321015626,0.000845681444030499,0.00246972250586592,0.000763397852021702,0.00374676897092015,0.000783444347518083,0.00364482698725277,0.00368601795767475,0.000997106172731907,0.000817650211253223,0.00105466332473812,0.00113294034073066,0.00110562819190361,0.00330977765782872,0.00372897136547249,0.00355297628265515,0.00103350859742987,0.00657739226691281,0.00102910748067208,0.000741139280879955,0.00365967896493006,0.0034597760415042,0.00109811414606703,0.000781149664028445,0.00368147995873774,0.00100262656933816,0.000809970564100136,0.00360142011625954,0.00076020107872734,0.000965238033505968,0.00460250993085627,0.00116386181951256,0.00398215269592031,0.000823914516866147,0.000738318850812562,0.00087832451686056,0.00391421979921962,0.00117215441180614,0.00620688087162818,0.00363708468236033,0.000784895802956497,0.00369753456521242,0.000849459839328002,0.000674873475579502,0.000725701013800728,0.00352489491054893,0.00410187948501948,0.00379581902356188,0.00114982059823021,0.000733265192942671,0.00361511421914865,0.00086018878312498,0.00101163187846542,0.001287162245094,0.000900560105002397,0.0036627985218008,0.00227182447677533,0.000995556958552882,0.000684888050186485,0.000844988700744837,0.00195526724648849,0.00339362493252062,0.000780647021983742,0.00340753961929322,0.000938138895673032,0.00114051686713218,0.000961510329582147,0.000801174647296085,0.000923006013185999,0.00223259407685131,0.000895716249678687,0.000735778802058267,0.00365857895918881,0.000814177271212209,0.000779343971514359,0.00106370544254806,0.0036604760357657,0.00243154120726908,0.0011295775108289,0.00361569283202239,0.00106337977396021,0.00357720653083191,0.00123141092284647,0.00102525769362979,0.000965883011968108,0.000835400185224812,0.000635427243163958,0.000682068786062874,0.00378228674922688
"DU0095",0.00606434583334258,0.00231814828074961,0.00113606953932915,0.00245236923631297,0.000911225417741705,0.00233659029049637,0.00080634841570155,0.000795917585038045,0.000865223400112135,0.00390965647836753,0.000870084025112242,0.0040931967187508,0.00408856938246226,0.5,0.00551016195335207,0.00269574348807792,0.00266411419409399,0.00137714873427693,0.00112921855810433,0.000956313950461145,0.00267532690181761,0.000987893371717999,0.00222868381654422,0.0009800147871541,0.0041920902999366,0.000994389944624176,0.000754762318739143,0.000953157750099757,0.00374249310446525,0.00224253190124271,0.00271184079125414,0.000989163320537407,0.00419235022885318,0.00562290590954214,0.00559806963705919,0.005708271979228,0.00101793998814092,0.000819906505224035,0.00105110203864288,0.000991081019694364,0.00107162321168374,0.00247595546517531,0.0011106663459753,0.00105094652254079,0.0023572015714227,0.00246617845450356,0.00111228348816673,0.000833630456618424,0.0007796820722622,0.00270235142940147,0.00114479628819909,0.00236840329934245,0.00260325278197415,0.00119671495017185,0.00250275816332053,0.00461549016203312,0.00624690794028505,0.00460386949971588,0.0043647725023507,0.00222833418058857,0.00558706738822452,0.000727616120459607,0.000783833103988523,0.000702243269601311,0.00533256257316362,0.00100484713538055,0.000762329713826927,0.00227804236730528,0.00244455775310297,0.000723414043856476,0.000858528670457877,0.000993394168213821,0.000809462494288979,0.00227133946507703,0.00328373982234771,0.00106871172203505,0.00389995702502893,0.000873327837616941,0.00411657500469314,0.00132249663267882,0.00560444027195206,0.00264124242742354,0.00276803742539312,0.00268868274116855,0.000866704146650089,0.00235527316584182,0.0025746850672821,0.00276321017416877,0.00440982591019763,0.00084220824618848,0.000877592588701433,0.000792179286733707,0.000897831130643729,0.00183001429174477,0.00444135145528334,0.00238795511475077,0.000701694352948459,0.00254056061167594,0.000862960191426261,0.0007333553949441,0.000863382565998118,0.00260271315155011,0.0025180942892943,0.000732954858348297,0.00594864326499829,0.00072373888541649,0.000982012384440373,0.000855700400917396,0.000729662887717196,0.00397280102549879,0.000862790712279341,0.00079587421692416,0.000988529673151438,0.00344844107775584,0.00430716316268377,0.00595121693972386,0.00620850779263116,0.00600795850017415,0.0059427897721257,0.00337513163641343,0.00344963137652774,0.00238035870406965,0.00345627264924696,0.00684186651118564,0.000982887639227546,0.000899115796365742,0.00100915203073482,0.000862189143423288,0.0033320579794175,0.00102411848688295,0.00118102885500831,0.000962202063054309,0.00356030727959214,0.000850218248801281,0.00351895978629714,0.00353667065556529,0.000848089661593392,0.00110211727746532,0.00114355373048855,0.00415973783271702,0.00113136082555233,0.0031683195920703,0.003610303579447,0.00329874808855895,0.00112464015951902,0.00604437427603742,0.000788571916650593,0.000770462705359858,0.00349762019697913,0.00330932156644819,0.000809488826602648,0.000965041498675193,0.00357434191207398,0.00100705540629683,0.000918784595453169,0.0034641608828207,0.00102832838767273,0.000987393647447331,0.00386626582617352,0.00459201511878783,0.00407162847317182,0.00095696954732921,0.000854165872656499,0.00111519041887537,0.00432234295544126,0.00246675824622669,0.00363144226347928,0.00350978269892756,0.00082493540367596,0.00360878072694302,0.000823914429495227,0.000708611206851438,0.000770748185569045,0.00338264912242413,0.0013561976357571,0.00658508671347142,0.00454651293550691,0.000797412783227476,0.00344437140048555,0.00104397339371273,0.00105920067332134,0.00422500300904644,0.00114925780954752,0.00375161521683879,0.00256548118695193,0.0010121113204541,0.000735482094880003,0.000794494347141164,0.000704731063457286,0.00326487413928498,0.00100207106369184,0.00327283186067437,0.000873561532965452,0.00100276833496789,0.00377861299404799,0.00100813106427495,0.000869494083454636,0.00120189994298234,0.00107118204291458,0.00111401051475228,0.0035080744623244,0.000978803009712788,0.00104010960904169,0.00111851612311829,0.00352024781111525,0.00399250733606072,0.000925734458267225,0.00344065955860799,0.00116309125543756,0.00342706960795042,0.000970260217050442,0.00124011220537983,0.000966759107385229,0.000970485965084137,0.000701335587612318,0.000747955305245447,0.00370478764626407
"DU0096",0.00393146677639158,0.00244332400441357,0.000936842571566215,0.00246227978465624,0.00080790015699554,0.00235061858577849,0.000814580243658878,0.000765580794278254,0.000888129755709902,0.00557786523726713,0.000855668586935439,0.00572061515943359,0.00577388757341072,0.00551016195335207,0.5,0.00580955424394742,0.0040444358082522,0.000875532826422541,0.00100525135825209,0.000975146041883291,0.00261753430609559,0.0010090489883657,0.00234517404036289,0.000880265179568142,0.00243731878917859,0.00100519633346144,0.000748000092032425,0.00086534327664043,0.00101919679617643,0.00232789138630357,0.00548812953944345,0.00110969790680117,0.00414433102404376,0.00589268768486559,0.00582912514132622,0.00589913636408331,0.00103181525807299,0.000825384927799753,0.000880404478671212,0.000989594920592698,0.000972985564764305,0.00249851836393698,0.000953355200594192,0.00105270462155107,0.00237403172128864,0.00248803197007832,0.000958816150547763,0.00081639387749687,0.000835987207095209,0.00271928185917517,0.000894743630124588,0.00239128842344463,0.00273054403891083,0.00101504392967365,0.00253897060479775,0.002324290701131,0.00395541678283222,0.00233872190417882,0.00234113534748409,0.00233443471518556,0.0026889262929998,0.000684725416901979,0.000752623201309172,0.000677875853713344,0.00577288875678514,0.00085538349153951,0.000781596544781768,0.00229211044222684,0.00246578186503391,0.000664766047676509,0.000791423070942428,0.000907163316178701,0.000773471568297588,0.00228060902660583,0.00359467933504204,0.00097816919808058,0.00556271558915004,0.000938602064968978,0.00397944713968833,0.00402635971429478,0.0058401887044977,0.00403105095619309,0.00555427810279033,0.00400961297768371,0.000804943244343561,0.0023790249043489,0.00253005752611237,0.00122369873993673,0.00354089088488635,0.000859325380953529,0.000853796062552046,0.000755048050162663,0.000844314905916934,0.00564332481245869,0.0058891996905167,0.00249700473115302,0.000658322069749654,0.00249811833766203,0.000823286481439801,0.000682875280733799,0.00081108046199698,0.00255901641487407,0.00505440232257225,0.000687629392262526,0.00634131316010986,0.000675663999495662,0.000848963522003764,0.000802757853408294,0.000687967531561782,0.00117673209623004,0.000927224583407086,0.00080290197696614,0.000827425691422363,0.0034748822510208,0.00351789348045083,0.00630059151924673,0.00660354579040378,0.00653767279320325,0.00638182390983483,0.00348731121670916,0.00353474974832327,0.0025029846095164,0.00350108750215289,0.00613281507633509,0.00110184106663069,0.000823816042461334,0.000984234131882147,0.00083116110266556,0.00336840934642931,0.00087753983419095,0.00373795105264704,0.000824567422759386,0.00364219950107869,0.000815561026971997,0.00352094587269745,0.00358033106994019,0.000922622442027002,0.000890752785351841,0.00105588933006213,0.00244289500505357,0.00108820481191207,0.00321317345780548,0.00361829913118659,0.00340436971709178,0.00103819375080029,0.00669752304193845,0.000765499929286889,0.000744471460092221,0.00352666343792845,0.00334639981382974,0.00077159331982949,0.000827111251106868,0.00354744832128745,0.00101607030852112,0.000864070577468609,0.00349376220440685,0.000660053976807993,0.000932990345713462,0.00427588408364599,0.00348462564883295,0.00414185680021879,0.00084768939503209,0.000798217370592696,0.000933816976340272,0.00416299617556705,0.0011650310550494,0.00604682644558631,0.00352813498611978,0.000786451022181694,0.00358957319436768,0.000852552755976141,0.00066692864432276,0.000729055209181451,0.00342283515354975,0.0041389233119744,0.00480369020369037,0.00241535706959677,0.000749965812153468,0.00349891557975277,0.000888980768319852,0.000994166378317274,0.00381140098621884,0.000954887412320544,0.00358669093574975,0.00115968307364069,0.000970126510096278,0.000693934652318948,0.000805932453684534,0.000724134867052878,0.00329802776828904,0.000835746621449524,0.00330990785188697,0.000742797701101096,0.00102123630828715,0.00207023277589364,0.000841217590959616,0.000868324990659352,0.00115208554672674,0.000952551124986306,0.000670034713085949,0.00354856602000543,0.000876129495313876,0.000841044918394426,0.00219887679659544,0.00356361544482528,0.00392307422387711,0.00103969332334605,0.00348212696320763,0.00106974506590308,0.00345635921878282,0.00107203579472897,0.00104275626201811,0.000939488712006561,0.000871257182585638,0.000654959938397891,0.000704561602112612,0.00368540156665619
"DU0097",0.00139739564995928,0.00186874577220967,0.000710115078853521,0.00101120070251396,0.000606186069344466,0.000929323979686989,0.000733745020395617,0.000934441866685654,0.000783567039759567,0.00398560595273433,0.000687939239237466,0.0057740309486661,0.00578866652251324,0.00269574348807792,0.00580955424394742,0.5,0.00291563496441397,0.00753929864201191,0.00074860571318029,0.000974212285791983,0.00105541321380472,0.000984637948823456,0.00176808873077549,0.000655685820666497,0.00105297690260492,0.000905156978618732,0.000737293072519029,0.000675039284012572,0.00470293459406071,0.00109432826989532,0.00544029495844628,0.00104527548519637,0.00273594348931923,0.00553288168616914,0.00406604705114103,0.00544380235534989,0.00087990700657832,0.000692122430049173,0.000628629452314122,0.000808186626366556,0.000626850460396376,0.000967319302482374,0.000699310924619476,0.000980020493713439,0.000982563756227598,0.0010361898062654,0.000712064278859469,0.000644450436811822,0.00129041393473076,0.00113526117915676,0.00057950180437273,0.000925643240459939,0.00210194714820115,0.000783137748908983,0.00102213991589315,0.00103582203585611,0.00138306151506516,0.00104863497301466,0.00112328274105953,0.0011354452960528,0.00124442638668824,0.000464740629391478,0.000485478457835571,0.000547089066257792,0.00409894408733637,0.000639439175926027,0.000624886304563815,0.000915534128345118,0.000942890352491045,0.000481767888814975,0.000644362237255136,0.000608488770840522,0.000479072737811084,0.000911949644544811,0.00307147509318188,0.00085283111355786,0.00397409519277311,0.00150188759424753,0.00398122177248375,0.00512538278623264,0.00407592647733935,0.00397138080759211,0.00398024341605408,0.00271991725453421,0.000686858752745812,0.00105876435136412,0.00327636659812326,0.000923247207915583,0.00106186311750606,0.000750362532504581,0.00081446788332575,0.000748751799923258,0.00065271903978773,0.14852857738535,0.00575349638870351,0.00116959828056649,0.000438179727438982,0.000981287760646863,0.000581300593551164,0.000451800303567101,0.0005441390105146,0.00102093607268529,0.00372146411020189,0.000460234320678014,0.00499079723456431,0.000457966502769311,0.000579007579198213,0.000547161559970159,0.000427447980730543,0.000905417247930044,0.00325697145647946,0.000721552933350428,0.000596684299226112,0.000890921263997127,0.00204866014316656,0.00352623589580879,0.00478768422139475,0.00509385070643761,0.00497201780370323,0.0016804065303501,0.00206546910432961,0.00479930420015226,0.000923997892114167,0.00235813081745688,0.00205530881395108,0.000585863776411094,0.000759803631438901,0.000668992260890527,0.000876923444337693,0.000769975079147188,0.00498586422131882,0.000700598165279367,0.00104369696067649,0.000541810055418937,0.000916168126048709,0.000940563666868305,0.000854011705844412,0.000697771423012421,0.000895548484358185,0.0010537881943471,0.00118634415063989,0.000865149275355884,0.000991814824516655,0.00102158567857243,0.000890510465093176,0.00522035015566301,0.0015483419586373,0.000470612513887147,0.00098427588519463,0.000898214373574753,0.00107949955194643,0.000614022598328031,0.000965213127651826,0.0014773970642711,0.000597335682610682,0.000897082578671106,0.00247818303283664,0.000723540266220965,0.00517079359466621,0.00108591659015804,0.00351368755477289,0.00067126942604117,0.000537006035710009,0.00063948065036037,0.00479692116056092,0.000965259472264225,0.00342680970009537,0.00090381630159397,0.000445282319409569,0.00095073720520335,0.000673081304394759,0.0004578085752444,0.000467713476482048,0.000890698437748773,0.00519713406873152,0.00128470072290402,0.00108626544686649,0.000499211593947369,0.000983847860118285,0.00067957900067774,0.00183757409957272,0.00353542294662287,0.00193956984211447,0.000979707202691645,0.00213074125350844,0.000877324309943028,0.000419422670170444,0.00065518485086991,0.000747498483840969,0.000849571205868523,0.00063899806445828,0.000843516056205272,0.00130734318842589,0.000978719166045898,0.000776129306291923,0.000638788063653102,0.000791193420151874,0.00208389174238423,0.000633596319555332,0.00301548157709755,0.000931110497089898,0.000616143972758762,0.00065916208937377,0.00224507649577174,0.00095130146587828,0.00444284227518214,0.000988654379988579,0.000977017257824196,0.00090705528511015,0.000969804342534284,0.00159188391020134,0.000804000622169967,0.000757422905604774,0.000695409815898501,0.000510942502846622,0.000442451598702674,0.00101612910922499
"DU0010",0.00256593224321023,0.00378100159262924,0.000931611556926822,0.00241863482119022,0.000720045602802584,0.00230940377095358,0.000920354215288732,0.00112088298396477,0.000982438500731647,0.00546880434518074,0.000945483801173252,0.00585285031256892,0.00569918329607874,0.00266411419409399,0.0040444358082522,0.00291563496441397,0.5,0.00084603149690665,0.000954944699520722,0.00130297234663402,0.00254729722506427,0.00135040045116006,0.00363284149898689,0.00077782345657361,0.000985115188355063,0.00333289143711828,0.000858135499303928,0.000919620546219966,0.000873251348315228,0.00365476895188802,0.00565239509773361,0.00144396833422921,0.00266602859785868,0.00276755489168783,0.00531969002817536,0.00531109034844714,0.00112253859016696,0.000923670080000395,0.000890264463272703,0.00108374945810263,0.000865049608950265,0.00245741127567207,0.000946816820358031,0.00137335135376925,0.00234275871591895,0.00244987408755946,0.000968819136882915,0.00200395892667007,0.00333171961307244,0.00266847171340476,0.000805368039240822,0.00235757340037049,0.00406094461397421,0.00105474523811456,0.00247357949322625,0.0010635842598665,0.00252207227715826,0.0011090983075815,0.00113719236843255,0.0046151455641727,0.00244417423632703,0.000706292660877171,0.000814753194404321,0.000827698959399059,0.00546980053711645,0.000870510262360602,0.00196906188112573,0.00225571209286393,0.00242822124569005,0.00071484556473549,0.000846115362361775,0.000822304410183885,0.000821882088101075,0.00225269523668,0.00367456294456416,0.00233754608193599,0.00545953613628356,0.00235636122634044,0.00133167703231709,0.00389214984550364,0.00533240932148846,0.00576512849901829,0.00546998623930928,0.00269078490034308,0.000847670842394859,0.00371172024676866,0.00242831042381881,0.00111904623157399,0.000983647843463071,0.000967602487315136,0.00095359510946425,0.000983668307815025,0.000897087733282361,0.00438428177520532,0.00280997427032614,0.0038930733637236,0.000723889900308272,0.00245275201254651,0.000789291837871134,0.000691163769808448,0.000759905542193566,0.00249478772373028,0.00526373654253852,0.000714388738303275,0.00641169792659465,0.000701443433673359,0.000846689054239346,0.000759661731654309,0.000717953115819352,0.00104768888854021,0.000983331562595073,0.00224909134332615,0.000829661971392754,0.00344409516495666,0.00344266637814237,0.0060060656759925,0.0037586886841924,0.00617151940741332,0.00636543370576284,0.00465860501427354,0.00349801601005306,0.00361758441447104,0.0034738378296927,0.00361111816562148,0.00373325368099795,0.000773827521745347,0.00106053515808691,0.000909666308229725,0.00334018399219393,0.000930686567487005,0.0023159011609698,0.000786966721652602,0.00359575219910549,0.000783396752255803,0.00348656045364563,0.00354395630434098,0.0022151927831737,0.000876038154765491,0.00331822134819676,0.00106200768239911,0.00358818391124571,0.00319635870926224,0.00358524916048092,0.00458085580100969,0.00225986659178631,0.00604564713612966,0.00100094836385082,0.00076802255879077,0.00349304387793991,0.0033151286730785,0.00121538756827977,0.000832750965817443,0.00350496899096377,0.00335766523151967,0.000794822210981998,0.00346363732382787,0.000771511520863256,0.00101657894592541,0.0041049294196647,0.00115960462597244,0.00381711291392189,0.000883748738861745,0.000738977709760272,0.000925948081208818,0.00132957628717634,0.00114870879271582,0.00607301172079947,0.00349597606048799,0.000842314840120454,0.00355111226377849,0.00103997433363361,0.000774274659034865,0.000773440175268272,0.00339470356268947,0.00384142510047935,0.00356903851017114,0.00111738352789109,0.000745673542228546,0.00347959401050366,0.000951320959548502,0.00351795395981468,0.00125268848365742,0.00101174756797112,0.00348213780488115,0.0010558004111525,0.00224518743526201,0.000732766425943438,0.000913378969900509,0.00188220859376173,0.00327391250720115,0.000828948168882368,0.00328031583433677,0.00097551184997524,0.00134737338869025,0.000864560868325024,0.000893576925017601,0.00210742856459257,0.00096030533036224,0.000899881389607923,0.000719706506582353,0.00351585782975003,0.000787709443161363,0.00083706085866473,0.0021218387415266,0.00351676462104375,0.0011805656106653,0.00325491251031741,0.00345433561959116,0.00343156137042602,0.00343082668187268,0.00332167417248516,0.00104583437565095,0.00102572902302985,0.000898718334949069,0.00070934263426656,0.00072578833348533,0.0036236651951737
"DU0011",0.00155276058407591,0.00082607368011516,0.00309335104246767,0.00146316542110603,0.000892737799815869,0.000927937215418057,0.000931467723829459,0.00536155114429223,0.00148038589279336,0.000835186568999368,0.0008847148129257,0.000924877422342619,0.000932890135887372,0.00137714873427693,0.000875532826422541,0.00753929864201191,0.00084603149690665,0.5,0.00449285242817495,0.00447872805628244,0.00157017729925222,0.00431586616368825,0.000806026254611289,0.000873127202822373,0.00127310083389497,0.000744055659091077,0.00194321373778663,0.00091974468144703,0.0606033165693173,0.000847451923562988,0.000873585512784007,0.000811150140084736,0.000979798784784986,0.00100633268463353,0.000976477817979015,0.00101251295777765,0.00543438573695856,0.000992487568176127,0.000832802538966933,0.00349026583353074,0.000978927528774865,0.0011334316725319,0.000926243263630597,0.00490933250629244,0.00421837599779029,0.00452227033849634,0.00370057145819264,0.000803502616388816,0.0010544695244817,0.0013564329641267,0.00170559040618054,0.00226463218250783,0.000952462835734718,0.00200580885490115,0.00220925660473105,0.00142971209288527,0.00152043452564686,0.00140283729185153,0.00138776647148431,0.000771715331680934,0.00147819972681568,0.00111930523372306,0.00105885210428033,0.000883552141578059,0.000853704203635288,0.000824448738000367,0.000941101615481088,0.000957451665542353,0.00119023243266142,0.00226596608626956,0.000919888159265168,0.00102007113567217,0.00379021125790055,0.000901648149881984,0.00223807019464058,0.000809321928480886,0.000832850355048617,0.000893789665490657,0.00123303281196012,0.000895687648159686,0.000978298418055281,0.000844014955542298,0.000834347428914577,0.00356648811782509,0.00083732750856595,0.000807084228003136,0.00098338445893543,0.0014003794602634,0.00131689496453802,0.000858698322458001,0.00319685769781982,0.00161171803882608,0.000968688472407083,0.00745157754432294,0.000949766454124602,0.000803848522372805,0.00325603446026723,0.00150863529568013,0.00420631957966249,0.00107442301624756,0.000815577886128413,0.0012536755194818,0.000790420083211954,0.00328056971745222,0.000789135207861963,0.00162080799015831,0.00102298495730961,0.000843095308161557,0.00108789155791482,0.0013683033285366,0.000927777751743944,0.00299695439003047,0.000888558205238435,0.00177973225000007,0.000753300633959929,0.000820709572858819,0.000844363070788107,0.000784159803770482,0.000782699186122559,0.000712084472816753,0.000811315273926408,0.000840512915349255,0.000822346480545567,0.00116793618989679,0.00491174847821324,0.000835127256962015,0.000892882927290361,0.000799016261881771,0.000881217189371822,0.00216531806319115,0.00089818333879125,0.00206904954888446,0.000784767737685701,0.000773942870307309,0.00188402164883835,0.000875293641141674,0.000760617307947574,0.00345751865163311,0.000789155774528845,0.00136615257594791,0.000826168522973676,0.00074995069505161,0.00156981422059051,0.000696242304371988,0.000773894790483817,0.000759851490781251,0.000868512841391956,0.000901749218299383,0.00422767103994258,0.00311152136288791,0.0068368018740276,0.000891327419646239,0.00330000983777605,0.000783482638237998,0.000750004461230668,0.000933766410128253,0.0369632457683253,0.00316506608349026,0.0009236120376346,0.00134794574384733,0.00093877297722507,0.00319342290222655,0.000920308977929279,0.00103756221663381,0.000982498408429601,0.00146241666800794,0.000721924336146793,0.000915697251551039,0.00121464919885924,0.00127713611893415,0.000835660139916645,0.00149289486959714,0.00329772923712171,0.000826781855722514,0.00091066495434337,0.00126997666236074,0.0014233962045973,0.00393319991649339,0.00098612428638805,0.000861790620790351,0.000809813698507031,0.000959963880491157,0.00185666912683605,0.00123353336337468,0.00123387572100946,0.000750900347924611,0.00107874308951912,0.00079830240227541,0.000784668356495025,0.000815513797052846,0.000949725156801643,0.000849522087563895,0.0150938467264211,0.00232108888298618,0.00137457982822657,0.000936225890868464,0.000785013344143364,0.0033906668038874,0.00103239039172582,0.0451499105126545,0.00179961444558944,0.000906079518465293,0.00293346351789036,0.000889763718310463,0.000799891623334654,0.00122266285983717,0.000802767916000808,0.00450718759978418,0.000796660262245046,0.00470983921800798,0.00211699682015314,0.00465365452353353,0.000855050444415242,0.000908397156511579,0.00386712270251604,0.001067904260403,0.00126472220174086
"DU0012",0.00117943074121586,0.00102324688225955,0.00496872926697041,0.00130718673603351,0.00596825125747735,0.00132581877898441,0.00110625310939574,0.00116878024177115,0.00107078305943779,0.000964348262556582,0.00118380388983756,0.000984247617985848,0.000988877472663318,0.00112921855810433,0.00100525135825209,0.00074860571318029,0.000954944699520722,0.00449285242817495,0.5,0.00372866920740828,0.00122827054647942,0.00380218467964571,0.00100963212763704,0.00521525725672872,0.00607805377697066,0.000861510532830633,0.000926732600707488,0.00105921259712359,0.00147287489620949,0.00107999269602266,0.000929290351486617,0.000930385024385393,0.00242232767930453,0.00109150529158345,0.000964966146853122,0.0010369322839358,0.00551053373203807,0.00117722443045834,0.00479700366136239,0.00385071828095769,0.00561560194695226,0.00245760510171124,0.00601629215313983,0.00356603195129835,0.00408237523154495,0.00491105255899713,0.00824365269888477,0.00176536770051057,0.00113422421956721,0.00129318035179782,0.00128758050804174,0.00388284860792623,0.00114994677588185,0.00344821305110897,0.00396857039681883,0.0056874662615262,0.00121897008567949,0.00126491694246746,0.000997888603557896,0.000993891005330235,0.00234037398797491,0.00133444655827701,0.0012858847390064,0.0015694056681381,0.00098225311637078,0.00553603762548678,0.00131158358245317,0.00127454730582359,0.00361292333912063,0.00135244535644894,0.00312204209894343,0.00537735243612541,0.00384276510900869,0.00122133278716841,0.00127943981432737,0.00164915028183062,0.000962088623091033,0.00104944481783964,0.00528522174926388,0.000851162227966102,0.000965865000686983,0.000931475385574833,0.000964118170910348,0.00456666298117923,0.000927681848339079,0.00114901342181489,0.00610222713498153,0.00134550446782853,0.00450799017623996,0.00101216275509619,0.00124995342911838,0.00096297639280615,0.00113219929650874,0.00074403766036546,0.00125025621582317,0.00108192037734255,0.00150855376154419,0.00119637771579971,0.00474020188052686,0.00155280948772719,0.00402592923954386,0.00118379111511085,0.000876089138596533,0.00240672761410126,0.000843439012514565,0.00125329567817381,0.00617466961817517,0.00274841123814524,0.00140620102640547,0.00118465492466548,0.00111553127504049,0.002341748780006,0.00553424829440758,0.00207408000536437,0.00104335860808455,0.000860886803184718,0.000903704723886245,0.000852638389220114,0.000845761696124056,0.000917048808013762,0.00302278861760939,0.000877415533325946,0.00109702796130636,0.000973888454586787,0.00101303921304019,0.00476761337578441,0.00115966719182586,0.00105617610401001,0.0011480058368485,0.00103008366216648,0.00440356406885442,0.00649051557509065,0.00110351646056083,0.00163866641777557,0.00332420295937167,0.00116206622813428,0.000886304719507826,0.00524529726061525,0.00467373863117899,0.00579767711463636,0.00443654718214026,0.00102166170798734,0.00103835216668268,0.000904669334229561,0.00161175401615131,0.000865540387599865,0.00169407462970074,0.00131067177012727,0.00454137268038032,0.00353062845278862,0.00119063579582207,0.00648197353749896,0.00358790958979152,0.00509554843120849,0.00413272891564521,0.00112125933190292,0.00117175315972946,0.00214660172195912,0.00089741714823225,0.00122358588778642,0.0011660976921021,0.00216716743933466,0.00295432816428461,0.00501488473685546,0.00488583659812025,0.00113805355042504,0.00082548295100468,0.001046445776907,0.00137231005788642,0.00103669893852015,0.00142014428938985,0.00127897763132577,0.00340141574700218,0.00111346663347252,0.000862405269474213,0.00099776658232947,0.00160914086660505,0.00417161750151844,0.000973869546690998,0.00143041206403226,0.00125737495565991,0.00135162146597153,0.000946310863771713,0.00103676899559885,0.00333652148174006,0.000920381984689549,0.00136848012748812,0.0010588222248279,0.00332397927769508,0.00106030372533593,0.00583524535689063,0.00116720461303856,0.00122005407415993,0.00154548661270673,0.0014730187797835,0.00167248314963652,0.000929201812516153,0.00902539912544763,0.00629865890131299,0.00131124369128948,0.00102658956608867,0.00607779029061935,0.00591536451820758,0.00220313330975822,0.00109165216207895,0.00428237761386131,0.000924612079682339,0.00470323055029438,0.00458085921595494,0.00473493953941405,0.00133437222301035,0.00572360830812183,0.00117370139029877,0.0011410203005823,0.00140880370769085,0.00139989366515794,0.00104669533423096
"DU0013",0.000926448221739695,0.00118607749887617,0.00101358596785017,0.00105003866599292,0.000910992894514745,0.00121484035427155,0.000863989746084064,0.0128818340575921,0.000884394078748412,0.00116422503288662,0.00102920117433536,0.00112862185901504,0.00110548164637845,0.000956313950461145,0.000975146041883291,0.000974212285791983,0.00130297234663402,0.00447872805628244,0.00372866920740828,0.5,0.00114802789892539,0.0339585502490379,0.0011645375505757,0.0010021278820135,0.000697549090334802,0.00112828665525617,0.000875905751395095,0.00106350743284535,0.00252660958088013,0.00118672857159773,0.00115181033142501,0.00125606302319389,0.000999475206451251,0.00094162033702278,0.0010883354616631,0.00106085187798692,0.00341962938013173,0.00114412912553268,0.000754663529412425,0.0036284753057208,0.00316214857432237,0.00358100347472145,0.00312080055550631,0.0279449419590961,0.00405301128461996,0.00417571575562392,0.00392624054623192,0.00108794534399022,0.00127429993044896,0.00211124452385259,0.000904733504452785,0.00405742912289355,0.00130963119264655,0.00220011674583003,0.00358977118107324,0.000828185317120223,0.000753022940304092,0.000776283238033724,0.000845281756037878,0.00128290009501748,0.000993439821952222,0.00104456106908777,0.0010038340586604,0.0035370490676202,0.00117116010734496,0.000791287923994882,0.00128724525127568,0.00215394116631151,0.00395570617501152,0.00105885365945465,0.000960612865307515,0.00327061755426037,0.00404114267265576,0.000880080045458695,0.0293830420801717,0.00100710366950097,0.00116083786245694,0.00112502304579092,0.000880281118523302,0.000917383872643746,0.00109093159821839,0.00116339154962868,0.00116292722855707,0.00127736051580318,0.000705754575404707,0.00112393998157737,0.000853595563691551,0.000660296218883752,0.000920970823316279,0.000755596064187957,0.0008384842633378,0.000900698364236762,0.00279524539655968,0.00101985437261551,0.000766108118312663,0.00113473883576906,0.0031901410856658,0.00124869536280098,0.00496448070093774,0.00119605147017024,0.000865874737480277,0.00112996624864646,0.00105713248237894,0.00292598553538999,0.000958539595237293,0.000946508864724638,0.00115070011097817,0.000947763258216304,0.00123484525580499,0.000622892725482182,0.00103370673813776,0.00345160229688407,0.000987482411865698,0.00200787173562652,0.000714294955197262,0.000954607756571477,0.000826224737676536,0.000929297789705051,0.000956118422253262,0.000893755067664137,0.000776922087659724,0.000709087413378939,0.00104290488382259,0.000826856460970109,0.0145284030574593,0.0010971926191899,0.00103093228335996,0.000744972042084136,0.00102113504549872,0.000805712646486712,0.000900498698921789,0.000847141601014402,0.000776647466393972,0.000822218338059423,0.00355050287426238,0.000803203086133811,0.00115316896784376,0.000827768984773991,0.00116554530237643,0.000860176093767097,0.00128321159737399,0.000724464366384206,0.000934557750684077,0.000985109161850883,0.00113908263451709,0.000830141310232831,0.000886991408373643,0.000894797769132109,0.00326505070035309,0.00202317063048934,0.0152279472433415,0.000886325970299953,0.00115365965533131,0.00110857293414448,0.000788684420747527,0.0010662274149375,0.00418028417062437,0.00321723672658912,0.00103774523036952,0.00081044485065058,0.000971074645994471,0.00184196906572522,0.00118664557978776,0.000891122781160264,0.000845362922173955,0.000970089001566091,0.000991998241565196,0.00107628330177184,0.00336911384360229,0.000961164114419491,0.00119222659755455,0.0010487854646101,0.00415448156150902,0.00101506378733519,0.000991107504328625,0.000785847048112211,0.000793979181140179,0.00292968469549149,0.00073507005009109,0.000733277702535186,0.00100032824634714,0.000826647600631459,0.000727711901549775,0.000856580296614221,0.000991296794587661,0.0011141029706344,0.00122359820812936,0.000771359563501151,0.00182629360278741,0.000779392658931514,0.000802332847096091,0.00087190937089214,0.00967935714760504,0.0314037100149717,0.000886266962074254,0.000795641651781155,0.00100883559427729,0.00126134109234412,0.0011632246717529,0.00313072551760817,0.000834349035763659,0.0011075795900714,0.000851900726536959,0.000738573457330384,0.000970465259956312,0.000917951202686866,0.00119478669974365,0.00338299068226183,0.00117183188612113,0.00356178795922399,0.0298554413015252,0.00345482442199326,0.000806283286843332,0.000951457486533633,0.00122429842204403,0.00123572665575587,0.00202896987720987
"DU0014",0.00282273019477815,0.00241925674882998,0.00109793219958734,0.00270191672135311,0.000926921067579093,0.00254843978099541,0.00105148619253899,0.00102297918061511,0.00123284541185158,0.00253717621929955,0.00120875059762529,0.00269047605648295,0.00269427193233939,0.00267532690181761,0.00261753430609559,0.00105541321380472,0.00254729722506427,0.00157017729925222,0.00122827054647942,0.00114802789892539,0.5,0.00119499574034979,0.00233972757868459,0.00102090940763327,0.00121433197185836,0.000970533785152174,0.00096533688929454,0.00110404347679716,0.0034982979664085,0.00237091122254811,0.0025329981663875,0.0010264427654763,0.0041394119660137,0.00376403289125639,0.00262202436222496,0.0025975834241442,0.0012560472995726,0.00230240663179293,0.000978259083969573,0.00245687816054945,0.0036574992699409,0.00310300288489699,0.00390124839420171,0.00224494858526372,0.00279179962788525,0.00286040387927577,0.00126195019654666,0.000892124132458582,0.000952816229598538,0.00299825242276199,0.00378852810329769,0.00406993897304712,0.0027250033383911,0.001300021027548,0.00283921186636816,0.00118908322970895,0.00281697187634144,0.00118586175572118,0.00121814711341078,0.0022979154253891,0.0028380823300948,0.000979190925285483,0.00102736191946946,0.0008660084042369,0.00258820986410345,0.000936459453534269,0.000818782573687007,0.00251744587412707,0.00570919960565803,0.00101208402299588,0.000892798184211448,0.00375636945733645,0.00129458499584906,0.00246738422389959,0.00106604632007023,0.000921278172952872,0.00253551600062568,0.00076901706189654,0.00107765138629858,0.00119119534196513,0.0026265261784555,0.00253008865715693,0.00253900670335891,0.002849936675565,0.000940173437593478,0.00245866166596877,0.00240049232555452,0.00423994349078267,0.0011116224532843,0.00100758483565981,0.00115705359802563,0.000921454728321091,0.00349258412548169,0.00104538746190292,0.00276947130146347,0.00250965340079328,0.00105392987758714,0.00622183860231184,0.00111809704350977,0.000943346822353997,0.000951712198674819,0.00594290493475252,0.00241293547237657,0.00103246493955988,0.00366025672588872,0.000995548781354137,0.00104995534232658,0.000950605379969055,0.000982187577524874,0.00376311280545482,0.00104363174467617,0.000776952657660135,0.00106513330678771,0.00641132684279124,0.00357818686577169,0.00355919263375888,0.00359636533054733,0.00367381721110361,0.00364468775811415,0.00354997444578976,0.00364452856048765,0.00112965745494492,0.00370058752206982,0.00364575367057617,0.00104831870424892,0.000966739401925276,0.00390954194819367,0.000981186809632253,0.00355073251794358,0.00212567655990718,0.00107049562006543,0.00096203541764992,0.00385796233485678,0.000936077188749194,0.0062887340749327,0.00484372258244694,0.000900047988242808,0.00103801744054342,0.000946868002406217,0.00119645438859299,0.000914550418058565,0.00335940914500098,0.00401964974576345,0.00345395764091879,0.000916378358657325,0.00367385118574281,0.000828791500133341,0.000953945103586173,0.00381690867569778,0.00356176013460608,0.00117022690870554,0.00093753544216968,0.00493266025085904,0.000933528065933116,0.000944579879601408,0.00677073015836623,0.00137310609985881,0.00373284041310145,0.00123126798055853,0.00114900830423912,0.00114328753794413,0.000979654087626386,0.000970178923913363,0.00363353722988676,0.00111176014477361,0.0039104263384118,0.00351822787918831,0.00684644621977903,0.00410767605109654,0.00695068813456388,0.000905639731063984,0.00113280637604276,0.00344406202766405,0.00359316597263919,0.00117897822224603,0.00474128880884374,0.00231023531889957,0.000996873041280427,0.00471926610240968,0.000968602125029526,0.000895511413294989,0.00108617864626184,0.00105036245916527,0.00658724610599774,0.00120268202851418,0.000911473328341502,0.000992228913162566,0.000953360182737828,0.000774622221042015,0.00348220824828487,0.000991093116570528,0.00367130217190339,0.00340439286853392,0.00110465522841147,0.00229302954297798,0.000981958808577943,0.000937088142076974,0.00126135108738508,0.00417938549544956,0.00138356780983587,0.00625168642039497,0.00104283399946488,0.000928923982648979,0.00231771103002932,0.00386014726916357,0.00111678908061531,0.000983677251303089,0.00375207823466789,0.000956633978505281,0.00374616678094917,0.000944268768169726,0.00119458606009125,0.00121333487108801,0.00109567753132179,0.00100924181364031,0.00101550844354682,0.00722062867447648
"DU0015",0.000961183001870773,0.00124475690601416,0.00101709177567626,0.00104261543087823,0.000910611190119693,0.0012231050412057,0.000881015080455899,0.0121140090811923,0.000928131149330501,0.00119661417650066,0.00106675893531521,0.00115878564388738,0.00113601643091847,0.000987893371717999,0.0010090489883657,0.000984637948823456,0.00135040045116006,0.00431586616368825,0.00380218467964571,0.0339585502490379,0.00119499574034979,0.5,0.00122163871171338,0.00100807140158034,0.00071010140094473,0.001168152863231,0.000883915465955869,0.0010861965334062,0.00243188985298637,0.00123948688444219,0.00118454110851736,0.00129913314008492,0.00102676327998167,0.000975450243044242,0.00111801543188302,0.00109014546147071,0.00318005989663076,0.00294718415881086,0.000771743600242488,0.00336494403089194,0.00216085153554198,0.00259670014937733,0.00117880667665948,0.0257164558622508,0.00389024888919594,0.00422366255679024,0.00384486097874864,0.00111926567632161,0.00127642256540464,0.00209599511902122,0.00088883800021662,0.00393182347620323,0.00349136021229389,0.00138923559886631,0.002546592150241,0.00083337957991403,0.000785831424920867,0.00077978472776802,0.000863504291960471,0.00133913826281476,0.00100868044735402,0.00102976682069664,0.000995657744126667,0.00364098979903221,0.00120316232338367,0.000803279573743078,0.0013134197603431,0.0012509216593445,0.00407214160913946,0.00103647781827401,0.000981864295059022,0.00339480206449311,0.00416052446312289,0.000925454443892319,0.0291558091430919,0.00101875081869439,0.0011931658520691,0.00115915892701136,0.000882640079465801,0.000942684841871594,0.00112065252200008,0.00119659971739961,0.00119531171633648,0.00129673300672376,0.000742436423383753,0.00119918876531893,0.000843828275215381,0.000681486169904714,0.000931447050770293,0.00079198196265503,0.000859875243366419,0.000942376489354076,0.00198627740362585,0.00102866282233696,0.000802138094460586,0.00119238191096378,0.00331370331055495,0.00129830807444034,0.00527800194878711,0.00115375776578467,0.000878513441245223,0.00118169751669607,0.00109515149073749,0.00123971635089385,0.000986586333278841,0.000930422894966342,0.00116323233477867,0.00146763260016485,0.00119606486275547,0.000645483359656536,0.00105995690730611,0.00342671969657555,0.000993363464775297,0.00209567731056256,0.000756824917746866,0.00098199911586169,0.000857717404082224,0.000958845759176204,0.000984171451306268,0.000948584057899029,0.00164890398130196,0.000735097664051982,0.00106761861301929,0.000857342416099845,0.013726523851461,0.00107899542128741,0.00105823075609418,0.000776024412397422,0.00104265512622704,0.000802743966566417,0.000907400706298991,0.000846614653079026,0.000815906783681594,0.00083531216885611,0.0035628084541078,0.000848044218034412,0.00119460287913643,0.000810816817800036,0.00119314583012492,0.000862049717523697,0.00130976890180506,0.000765936316185379,0.000959579866576286,0.00104580233419009,0.00115632144915103,0.000864572083105011,0.000822110403564079,0.000891747302644445,0.00318138098667757,0.00194017957384989,0.0137618530223612,0.00089136957375608,0.00115559310274772,0.00113701978861194,0.000806229128627337,0.00110578263583927,0.00394477927921868,0.0032760411936027,0.00105843417581408,0.000810164604835431,0.000971265138756802,0.00176567993262648,0.0011759553370547,0.000905405812099077,0.000850422672464376,0.000981484265038141,0.00102360413101068,0.00112459149793048,0.00339704216431274,0.00100180260178124,0.0012154136229199,0.00103424864148489,0.00441517960020292,0.00103514675231565,0.00101395096057827,0.000818201491799458,0.000785610104536931,0.00126999969007303,0.000776907192496347,0.000747206671060248,0.00102955478172016,0.000825475490610534,0.000733795162756723,0.00089482368831871,0.000988907168084223,0.0011358757690559,0.00121049872405747,0.000802713477298401,0.00101262504507001,0.000824174259615722,0.00077494228062526,0.000908212651441619,0.00941866877859967,0.0328593311493128,0.000876012230540867,0.000812631149116586,0.00105820105787394,0.00124637638334053,0.00201738706476145,0.00297124729122706,0.000878409266507071,0.00111805575027528,0.00172134256416869,0.000770736533796157,0.00100822437373402,0.000928188693349883,0.00123944531936917,0.00360775102203543,0.00119858268986217,0.00359345085128469,0.0317695686485981,0.00233120175720873,0.000812063779356515,0.00095756986955156,0.00118003488804082,0.00119746068507152,0.00308042368154207
"DU0016",0.00224812633252853,0.00678632873398728,0.0010957187372504,0.00223975617237352,0.000808209698860731,0.00214558564817242,0.00113784401268321,0.00106140063608232,0.00119367679396697,0.00359669641603916,0.00113977409627622,0.00248710861679996,0.00246162602925827,0.00222868381654422,0.00234517404036289,0.00176808873077549,0.00363284149898689,0.000806026254611289,0.00100963212763704,0.0011645375505757,0.00233972757868459,0.00122163871171338,0.5,0.000985032909985119,0.000922266603790786,0.00489182735183109,0.00108308560205069,0.00108021776859076,0.000780598442841278,0.00680786837888851,0.00364055563673217,0.00602553810396414,0.00231217321944768,0.00228405317695146,0.00236966593133711,0.00234052770533084,0.00131815527048604,0.00110980317134001,0.0010311535677631,0.0012486562982193,0.000931021716835415,0.00225869249657368,0.00111745345732823,0.00122205829458416,0.00216833309206616,0.00225824613806571,0.00109081272589699,0.00355402477076184,0.00429630156039782,0.00245075433829706,0.000969989335821123,0.00217288469373866,0.00393555311707457,0.00125049857169122,0.0022697276395043,0.00107511696892056,0.00222606842099279,0.00122929518256242,0.00113198699452875,0.00831890070521962,0.00220994236012438,0.000908251103004129,0.000955899338312014,0.00232159057653113,0.0024603142011454,0.0010682666166041,0.00537920175606279,0.00209585080145936,0.0022313951302648,0.00091182358557047,0.00125342354229285,0.000945916296599851,0.000944926782677707,0.00211321632721269,0.0013534134796387,0.00427804874340597,0.00359879104671164,0.0049496292242107,0.00116707815635129,0.00143542790745596,0.00237403463396494,0.00493861649460056,0.00361831069806045,0.00239051696052421,0.00101976908737605,0.00545490792462052,0.00121437188865608,0.00125001167365642,0.00097147916099736,0.00116412632042278,0.00118519456109387,0.00383674267472386,0.00103453759555576,0.00218874787139671,0.00236248429319456,0.00563202165824942,0.00086134311153414,0.00225864444436412,0.000994115619688872,0.000927377618417975,0.000924648100087433,0.00229631256255283,0.00344794799450566,0.000869128613974472,0.00342133708596373,0.000901493868287032,0.000976176419769785,0.000936220130714861,0.000868785331282234,0.00120250500855448,0.0011550589323337,0.00223114366246805,0.000983854904353191,0.00321956206815238,0.00321045918011883,0.00334138875794604,0.00325227429547053,0.00337977679681571,0.00339793755617662,0.00552550095972871,0.00325716186587379,0.00125301096862282,0.0032688621505567,0.00321012010666958,0.0034881410262796,0.00087483971693454,0.00123814230426565,0.00106346416369426,0.00314099598934265,0.00119061801724276,0.00106304900352922,0.000965274990707033,0.00334714540626837,0.000933114745160085,0.00325507361572681,0.00331915202078586,0.00667461497649306,0.00103313107421486,0.00561497469239525,0.00108045057357832,0.00439352860712001,0.00302365420498041,0.00337351768824713,0.00708520129115006,0.00675755601615913,0.00335977851536636,0.00088178510523468,0.000896697218137995,0.00326611693908982,0.00311146540735899,0.00113813383060537,0.00108824679273099,0.00327467584270034,0.00451688528436316,0.000918551009035027,0.00324121922483488,0.000776435553501486,0.0011603895307317,0.00148841412881159,0.00129383405196723,0.00140311497331999,0.00104122100735126,0.000918799631482424,0.00105566786089136,0.00115574143058189,0.00131296089183776,0.00543687152220202,0.00326866463987829,0.000968846034697787,0.00331746381990333,0.00483370181472387,0.000917348652654382,0.000910816272760115,0.00319852165687573,0.00148836551017048,0.00323152106374443,0.00116765647341144,0.00091226399973549,0.00324804030404215,0.00113424289872032,0.00457741733495385,0.0012405327848393,0.00144052702811502,0.00325338641679205,0.00116837187000212,0.00528321827991326,0.000877107318014388,0.00115189199506671,0.000969194284756052,0.00310186018410362,0.00102845095716897,0.00308220422737237,0.000931609316977227,0.00121509437532045,0.000982077358252099,0.00107975840832257,0.00530006570522742,0.000987630985915933,0.000961064539869995,0.000752685940106104,0.00329051337386874,0.000859148483511128,0.000991452495834674,0.00121115381685972,0.00329091065125117,0.00105624669883308,0.00702674718127796,0.00323680468062241,0.00517376017931748,0.00321754358993916,0.00438169702830315,0.00123186814032121,0.00124117001017829,0.00106641805819519,0.000905556176671772,0.000903142020176088,0.00337618675766342
"DU0017",0.00104905845942694,0.000952045966415607,0.00269947461456517,0.00458238028447819,0.00657817287164426,0.0025005380242255,0.00123510382914513,0.00116537037419309,0.00102844581942271,0.000763845432497187,0.00121598489223526,0.000775556700662746,0.000768824795358108,0.0009800147871541,0.000880265179568142,0.000655685820666497,0.00077782345657361,0.000873127202822373,0.00521525725672872,0.0010021278820135,0.00102090940763327,0.00100807140158034,0.000985032909985119,0.5,0.00741759253164602,0.000961812944067057,0.0011943254329732,0.00125163674846415,0.000839117508688324,0.000998867032902234,0.000731187557160001,0.000954869610482863,0.00100016178492449,0.000965841989712632,0.000807578206027134,0.000881340003078858,0.00102421245602695,0.0011461522075094,0.00196522283039232,0.00104253631984473,0.00766271965779938,0.00105410835525428,0.00328830206950402,0.000851364717433926,0.000969510422008147,0.00101187123290802,0.00171848113703154,0.00948143497317841,0.00242665332995861,0.00121769635457313,0.00438703464766236,0.00101135719470675,0.00112234432135945,0.00102507292968016,0.00409642760579783,0.00307794590444575,0.0010661077012074,0.00107713501349564,0.00105055475079764,0.000928900363178816,0.00106435055445321,0.00325886735735181,0.00549176629254854,0.00488076782721153,0.000799437554323908,0.00716451175265757,0.0044409973026016,0.00131907115176126,0.00101037358150505,0.00299583266634418,0.00618007998968584,0.00740028114644027,0.00266828762523544,0.00139059004102733,0.000788193673368713,0.00125567032124153,0.000761878510452937,0.00150148174495882,0.00281291246723852,0.000862367300661792,0.000809118432947646,0.000741727833989337,0.000763228964912208,0.000991061698522259,0.00115237904286216,0.00534728381405435,0.00336069568258977,0.00106576161994233,0.00737548647634528,0.00322430976658667,0.00408935605880003,0.00116125849852902,0.00199831808607655,0.000647891128640906,0.00390652404057767,0.00103693699736209,0.0026348496471701,0.000964043388447194,0.00605731599384748,0.00735894732446328,0.00699868076526016,0.00105108002004785,0.000670382563508377,0.00412145909859127,0.000665734013041649,0.00517478738044234,0.00500976247578847,0.00673439841219625,0.00406650560837846,0.00104545282949088,0.0012472365715607,0.00201593113464636,0.00210537832101881,0.000844713312681844,0.00106098814542056,0.000686254886330364,0.000774596476068233,0.000671982792584459,0.000675055446486402,0.000890603521362308,0.00101438748860438,0.00100331674394364,0.00198943605355075,0.000847278933378583,0.000737021629373211,0.00773202077364298,0.0012220688560532,0.00144035437762445,0.00208229977168478,0.00105484579780176,0.00744478999734089,0.00545820650388613,0.00103725841751708,0.00610977241796355,0.000811021931147125,0.00384230966436202,0.000975706607717891,0.00185316927025902,0.00144780606411249,0.00406038470139875,0.00227814120113826,0.00120657270069675,0.000874487772893393,0.000858195705832188,0.00118041561710599,0.000708288400404534,0.00173448997392298,0.00308330235731184,0.000892487145551042,0.00097476056276638,0.00102157862242694,0.00536367911104539,0.000806005245217691,0.00671907878933143,0.00690618096117448,0.000858702073963973,0.000899859775098134,0.00187658081786124,0.00083335825929406,0.00102807546818937,0.000843025577585062,0.00127951530882487,0.0070590171953112,0.00254765267730006,0.00150728110332141,0.00103745747780552,0.000622996608318724,0.000835675594772905,0.00275868690777876,0.000834466648891419,0.00574347224507597,0.00332603453555282,0.00287984964056705,0.00203782723132984,0.000825706913817919,0.000880972035664423,0.00115592001662173,0.00459414818858269,0.00100331068344717,0.00138843838701138,0.00099303078729371,0.00104096133037237,0.00101064727501768,0.000857993607129376,0.00135539073049796,0.000942169105323276,0.00374303838436716,0.00145403266306395,0.00185831904740251,0.00115846910659638,0.00488172503126726,0.000994614236181566,0.00090590024856462,0.00115366800889657,0.00550830270015695,0.00140732551091967,0.00107504367427326,0.00665820281794459,0.00550268098213778,0.000941156586418298,0.0017978321084585,0.00701868401330495,0.0017848934032997,0.00112923354867959,0.00103075224204949,0.00711649897615919,0.000966241340962942,0.000861289435637282,0.00139884127467406,0.000867820407987161,0.00176385911846235,0.00124179126741791,0.00516394851286556,0.00222510713855422,0.00413668025422656,0.0042236058201534,0.000832844440950688
"DU0018",0.00433579418629359,0.000923052775440353,0.00199823604164763,0.00118867944576723,0.0068316663573863,0.00122483566448712,0.00105171722331321,0.000929797832835129,0.000919721965946052,0.00108108960864013,0.00103330009632124,0.00114329885850837,0.00114617863625091,0.0041920902999366,0.00243731878917859,0.00105297690260492,0.000985115188355063,0.00127310083389497,0.00607805377697066,0.000697549090334802,0.00121433197185836,0.00071010140094473,0.000922266603790786,0.00741759253164602,0.5,0.000900609440197013,0.000893157432655902,0.00108006903648475,0.00358476931865788,0.00092599385480848,0.00101447891767444,0.000823903341755449,0.00388596929115313,0.00381698991046348,0.00235585170484572,0.00369623845089746,0.000915395000441353,0.00101249424960446,0.00458759699431906,0.000905691145155947,0.0063522399298108,0.00111965944150776,0.00550017036843661,0.00072826946279135,0.000994359801441563,0.00103745869715989,0.00482267549590549,0.0046830313034657,0.00111649369837195,0.00119532077472155,0.0037275091483361,0.0010166048820348,0.00106577332584211,0.00117867127626389,0.00115670359574255,0.00846905370454932,0.00466629761608016,0.00449411037770347,0.00404551848093827,0.000898590672244354,0.00446143627347154,0.0014246028794491,0.00348397884454613,0.00152132377612668,0.00120593253918383,0.00610903577190543,0.00132023382538417,0.00113655281192337,0.00104993647821394,0.00135544514750078,0.00480151763372927,0.00614124623511129,0.00122001633193734,0.00127999674496572,0.00086296644790473,0.00156365651609787,0.00107690362611829,0.00123626363041319,0.00744113461777826,0.000955524176982899,0.00235895212529408,0.00095073382508848,0.00107649502694073,0.00113926283718959,0.00106268276628004,0.00112023382126615,0.00588068012532076,0.00417667352923869,0.00821761718078361,0.00102104815537569,0.0011362226050411,0.000906120364644491,0.00102224893930482,0.00100760306044997,0.00485049955629361,0.000991426918675397,0.00124780215417299,0.00109544235719134,0.00174472107734133,0.00161684802710236,0.00492624236690117,0.00116620954792649,0.000894813244261229,0.0013269247138048,0.00100597634618212,0.00136474275476215,0.00576872205223762,0.0045914054739004,0.00136795338027134,0.00408337997226037,0.0010216516575627,0.00118564581725924,0.00507825973332581,0.000947113353551952,0.00197860326843016,0.00197318919948439,0.00330176569088185,0.00198809860085981,0.00102253465305357,0.000888800002419092,0.0010362483430767,0.00116039705946245,0.00100373156556435,0.00360099516430092,0.000687667053041419,0.00537996325594759,0.0010529859962187,0.00119657424064748,0.00103468860961505,0.00111499856714068,0.00543813772706685,0.00615323825778141,0.00110752112302437,0.00415982086508578,0.000949628074001695,0.00110670728836622,0.000778346177459927,0.00220705958406659,0.00307298155859982,0.00862690504489378,0.00173571609841901,0.00110583005910974,0.000962146401577041,0.000834099797386568,0.00152976714633218,0.00203461732879992,0.00208468551160217,0.0015187511109466,0.000955396557747855,0.000933140641782754,0.000808807756925317,0.00608321751015884,0.000974546762088431,0.00593998680275212,0.00506270512051844,0.000971535303642389,0.00105675229685772,0.000925499873056112,0.00108978078029606,0.00432784120471763,0.00244962967897302,0.00112172184847058,0.00471325604811127,0.00331146203813385,0.00595993962931284,0.00376474248462737,0.000891233444269755,0.000951914507296587,0.00128013977257907,0.00100786679587642,0.00164176863454718,0.00125902876456541,0.00128956984540995,0.00106108785949088,0.000957204553352172,0.00389024802954345,0.00465883141986053,0.00150913415818552,0.00102008684530309,0.00152908896152154,0.00122780719610208,0.00406245408832237,0.00224698964578628,0.00346830673803321,0.0032526367531179,0.000959029459656922,0.00134705727641914,0.00113393574251177,0.00130889779670101,0.00109163099785017,0.00539017893615353,0.00102321036962821,0.000919232402606343,0.000777717294023291,0.00464623277031306,0.00168105365624475,0.000915944032633394,0.00679003677391797,0.00636157300585254,0.00118898270642788,0.000928622189908847,0.00671752038550556,0.00332907302443017,0.00128241391914407,0.00100427584223655,0.00775556401447269,0.000810511685132388,0.000906900643093815,0.0018265515316666,0.000902847654359153,0.000662740684851565,0.00168423987349791,0.00113473092393033,0.00109609703381303,0.00133542426391551,0.00141885795944083,0.00103655261196604
"DU0019",0.00106460068307853,0.0049130622932471,0.00138972077739253,0.00100695242652865,0.000913655340290096,0.000953446887706028,0.00514182956241228,0.00110028821678624,0.00356280498685092,0.00327870985847887,0.0053718711859146,0.00107144890814165,0.00104468077146776,0.000994389944624176,0.00100519633346144,0.000905156978618732,0.00333289143711828,0.000744055659091077,0.000861510532830633,0.00112828665525617,0.000970533785152174,0.001168152863231,0.00489182735183109,0.000961812944067057,0.000900609440197013,0.5,0.00500992730011484,0.00561730322702386,0.000809442853555268,0.00450654944247651,0.00326206894570414,0.00686903779055378,0.000921581486618449,0.000985030444718919,0.0010518823026508,0.00100370730749574,0.00327694234579606,0.00499789143140487,0.00131397603350947,0.00507136596365277,0.00083530341728594,0.000916871694811843,0.0011769839655676,0.00107867450393758,0.000891605179300023,0.000819718015434508,0.00110805601954603,0.0022663811810008,0.00387917802855862,0.0010338342103014,0.000955598151467329,0.000880330432561613,0.00136536401536612,0.005334858803347,0.000931060254051812,0.00117599947021587,0.00102826093442274,0.00485723684976097,0.00569153497401632,0.00499914696394891,0.0010082849771264,0.00102425992219817,0.000975038351423645,0.00209450484794777,0.00207306779604443,0.00118403681313192,0.0042549646961196,0.00100020878741414,0.000890005483855812,0.000976381584800146,0.0013379384719398,0.000879077534603928,0.000810022730823721,0.00105219883980027,0.0019979180165241,0.00465614799019462,0.00327835009764584,0.0051025707998325,0.00119962399851824,0.00547643698313535,0.00105422608781696,0.003478302192228,0.00330288050748005,0.000912408420493476,0.00545311022032451,0.00387083138622655,0.00125528467358555,0.00459351225219788,0.000979525402075515,0.00527594194241317,0.00570171425670577,0.00597898007294523,0.00549545431181947,0.000934706950007103,0.000913634923556076,0.0041717757710736,0.000822698458058273,0.000980369430089753,0.000852886316936352,0.000864362540086371,0.000992518771297408,0.00100375311956441,0.00326541607663541,0.000859015873239823,0.000950288322770751,0.00101848849112038,0.0009935966555408,0.00101423383103035,0.000906808120869884,0.00472888129421673,0.00535930895729649,0.00216189543135326,0.00115964957486423,0.000820355464167973,0.0009741108045979,0.00180519848668647,0.00088658799035046,0.000907442604805435,0.00093691548607691,0.00326518482283,0.000917350551945904,0.00568863348995732,0.000927236374757549,0.000902012205396111,0.00329655852610541,0.000927463659698535,0.00542675900854203,0.00524559174123327,0.000848179790531298,0.00551722003260494,0.000998830706363179,0.00107081905968053,0.000956551892252235,0.00105730609778331,0.000797598450954979,0.000874296530722638,0.00864145544800771,0.0012937668150996,0.00486069289844838,0.0011798674499604,0.00446505009874898,0.000977932205149264,0.000984121430225206,0.00411573597500769,0.00525645232153835,0.000900055375689709,0.00106317627305768,0.00101651064026505,0.000800325434330685,0.000793079973890394,0.00116690563990698,0.00105767265983212,0.000806329708783736,0.00415592771289689,0.00104192638974409,0.000851917285072933,0.000886482677986978,0.00546730786202987,0.00334544537943906,0.00462101230920155,0.00451413267268374,0.00511499315898101,0.000925486552267499,0.0012624393054603,0.00123775942871276,0.0034069032742288,0.00304469517532055,0.00085713460741529,0.0008840130326186,0.000866352094314135,0.00423983772544478,0.000985788933915977,0.000786261420553499,0.000857971080664791,0.00355629239833182,0.000951936353955442,0.00308983895710531,0.000778550966080423,0.000957194771139322,0.00425210228957008,0.00744118924152086,0.00457206203542935,0.00492109447567035,0.000857366428177941,0.00159179425666122,0.008428308385989,0.000883790986463176,0.00497013422691372,0.00107443500503342,0.000893834453722284,0.00118486135593187,0.00082978665314916,0.000923676447595709,0.00122222328384248,0.000943883331017448,0.00296710381239005,0.00878726927491996,0.000834337531597449,0.000892745286157787,0.000857462599381011,0.000959797555616763,0.000876135989552135,0.00131243615790902,0.00590245128519782,0.000895015135092753,0.000941429943890539,0.00699016391462387,0.000768781669219811,0.00502979735450976,0.000770657178433959,0.0040569337749872,0.00161391560783312,0.00573861893770919,0.00546758929438654,0.00095071322566517,0.000931477179009728,0.000869935479137152
"KL0006",0.000854576857223794,0.00103355317654322,0.00114285319401335,0.00482476254794945,0.00115197465311596,0.000967860338624991,0.00886407724790601,0.00155514313808156,0.0106424970778984,0.000801785955685453,0.00615068633371,0.000783258485042572,0.000784964630679522,0.000754762318739143,0.000748000092032425,0.000737293072519029,0.000858135499303928,0.00194321373778663,0.000926732600707488,0.000875905751395095,0.00096533688929454,0.000883915465955869,0.00108308560205069,0.0011943254329732,0.000893157432655902,0.00500992730011484,0.5,0.00508621786646722,0.00204982093791812,0.00106668349402687,0.000842792651052839,0.00620699773258941,0.0008619828964272,0.000735467571779749,0.000734789186479813,0.000691084534646588,0.00626193874892301,0.00666465709212575,0.00277283704117906,0.00681971807190758,0.000975787604775352,0.000972809380803987,0.00103385567790788,0.000937432793906312,0.000984803020138275,0.000908083182578278,0.00102789063781521,0.00116955290000009,0.00226381399542183,0.00391146324120326,0.00427436348559301,0.000963408789743742,0.000948413256571259,0.00336301920193812,0.000902998302043202,0.00092487653876126,0.000875671854782391,0.00171589057270674,0.00516928841564644,0.00107055505750745,0.000917663925925218,0.00856175122179635,0.00380197957068738,0.00135022286082186,0.000749777718586561,0.00264813124336682,0.00123636685682909,0.00105853369426778,0.000903969080185847,0.00524511924542481,0.00129375310238438,0.00106736548656933,0.001502289798606,0.00274406030422256,0.00078630437061248,0.00131149857772651,0.00079998190360597,0.00180744050601704,0.000907669448759965,0.00629153840360825,0.000736242662423257,0.000846486273287754,0.000802673383595799,0.000881699784294082,0.00819069649190249,0.00101491315681881,0.00101414836953061,0.00153218488352128,0.000908694408261397,0.00881920022267258,0.00697769592035561,0.00933792273721499,0.00538613946530988,0.000714034596160542,0.000740187296072608,0.000948222159823343,0.0034817437795275,0.00104387343399111,0.00121653413709288,0.00142483189904399,0.00274041283763666,0.00106406715590727,0.000786711208824417,0.00152341259893689,0.000653635599577805,0.00597021020002562,0.00107789170100307,0.00213456764322834,0.00154790921647819,0.00275702479615252,0.00674120495941965,0.00120009780386917,0.00107414256204224,0.000753989453967389,0.00108709880351304,0.000638483336253448,0.000623869803583136,0.000643203051041227,0.000642311046086279,0.00100665840808387,0.00098756546608231,0.00511620270224709,0.00085155600538655,0.00062484196499319,0.00127418851347537,0.00112053615158937,0.00553179478076103,0.00667506453280538,0.000819896500931378,0.00715197202372107,0.00114357585207598,0.00503353255097539,0.00103207335077652,0.0028681955218036,0.000734936628784691,0.000868320516288574,0.00525004337731652,0.00105313518719261,0.00105236525307821,0.000890179946743593,0.00095725046912239,0.00247447064209487,0.00474684901059334,0.000857076066759937,0.00129833555200661,0.000642149888657904,0.00219633413884459,0.00295201565617855,0.000771240894334185,0.000763999463120884,0.00485582747313189,0.00102617336248272,0.000762808223695534,0.0010115595271886,0.00283880425238667,0.000849017197927671,0.00837142961139911,0.00551016632752283,0.00611703454204461,0.00155912452217302,0.00140655222441584,0.00453788765971129,0.00119410638038174,0.00111765296693612,0.00080167811537629,0.00641559170973324,0.000700850243282927,0.000841704266804165,0.00157298906373025,0.000863623772334451,0.00130068909811098,0.00475667062638064,0.00143923773839651,0.000823175049532787,0.00640799406752886,0.000685292000582006,0.00133866428132249,0.00132325916584271,0.00111343314737453,0.00329813613292717,0.00157207535562584,0.00142698726765653,0.00689853913298017,0.000728290477671817,0.004260969859688,0.00316054887773689,0.00154475796831239,0.00696699152501265,0.00145307968810608,0.00109443115974263,0.00108307154301825,0.000855082743536333,0.00190099780160043,0.000922010877489335,0.00121488269991737,0.00167733459992382,0.00537900939919231,0.000972470020588378,0.000991972511345587,0.00591238630448989,0.00380968042839081,0.00100709056097776,0.00125705660723371,0.00513784084686696,0.000830011171539119,0.000865420013172811,0.00620834797031714,0.000740723208970838,0.00106495879155034,0.000760600045065785,0.00092333684883527,0.00130003909205554,0.00643003534998499,0.00487662939727382,0.00504630250085705,0.00157536645673381,0.000805623564816632
"KL0005",0.00105474037807791,0.00106071496104571,0.00398359087584078,0.00139797615085582,0.00239418207656217,0.00418224524772656,0.00728427184472382,0.00298840109911843,0.00367652816149516,0.000840991061876952,0.00801008937459116,0.000850757772247064,0.000850947266748125,0.000953157750099757,0.00086534327664043,0.000675039284012572,0.000919620546219966,0.00091974468144703,0.00105921259712359,0.00106350743284535,0.00110404347679716,0.0010861965334062,0.00108021776859076,0.00125163674846415,0.00108006903648475,0.00561730322702386,0.00508621786646722,0.5,0.000912738080119132,0.00105664270143447,0.000866676166649031,0.00323604238727941,0.000957716657025436,0.00089848778752397,0.000870026423930626,0.00085040604087434,0.00326886287077647,0.00614155026940388,0.00139953336342473,0.00513772688572839,0.00115105941165968,0.00215424306266472,0.00135516220449195,0.000999817290042045,0.00105465480751148,0.000925442978113699,0.00125040158501785,0.00106953562862009,0.00118322286987072,0.00119116868569181,0.00117499303396949,0.00104514961547531,0.00102076395720505,0.00561630748528991,0.00114988231482949,0.00119815703710218,0.00105127917063136,0.00495533630910342,0.00568813906590405,0.00106623906286768,0.00104505043793058,0.00134924382340016,0.00125354809951518,0.00108267003379784,0.000825990829436048,0.00125536325023606,0.00103320476753835,0.00427072310038808,0.00102369252810206,0.00216160368449442,0.00127462883764064,0.00117568504454437,0.00115414615386621,0.00116169416078479,0.000932461544450358,0.00292393889060519,0.000838994460177631,0.00156388964457309,0.00111647793583139,0.0053160820108945,0.000871705809899224,0.000892767786979145,0.000841060869726859,0.000926219353090263,0.00575343486655835,0.00104494784376192,0.00125553242772087,0.00473227955716715,0.00103186631916937,0.0053360443612834,0.00665242432612971,0.00564198917152999,0.00790217563538477,0.000648707675791656,0.000903579210204148,0.00101668909331463,0.00216442372607951,0.00114409645575512,0.00102561636055884,0.00230339327219416,0.0011850574528096,0.00121556033866746,0.000844504985711917,0.0032814206801083,0.000713595025975014,0.00134122596058954,0.00443263939611656,0.0012135276313167,0.0039245790857574,0.00488699077258802,0.00779053064132008,0.00112364586745117,0.00399616962232725,0.000907843272181763,0.000976304725585075,0.000716956633062101,0.000745764513785809,0.000708739143464978,0.00070663793996008,0.000952032985698073,0.000946089924223242,0.00589073477637279,0.00402221748403195,0.000802603915342607,0.00105018349956675,0.00385853245748102,0.00820181353737317,0.00533687336376242,0.00395357106479281,0.00581317316620358,0.00113967688830624,0.00143854825663899,0.00101370965838238,0.00122831426187208,0.000808192854904807,0.00106164617421333,0.00505593418471517,0.00370885740452164,0.00130806181173219,0.00119201669694162,0.00118809564192666,0.00102130299827623,0.0018891416027429,0.000891227793169785,0.00154613383802732,0.000723450128535017,0.0012197590929947,0.00126128305154871,0.000853769011011383,0.00295001357495043,0.00213460359598187,0.0013377681160113,0.000831516416161822,0.00103983930924775,0.00118806318472989,0.000965314959255928,0.0017143952283702,0.00655929613488124,0.00309819869941739,0.00459332463011875,0.00441572129369832,0.00781159045748881,0.00445993075892939,0.00348259354041326,0.00116670622043879,0.00337318116641565,0.000739182611404204,0.00096398095182505,0.00128654596838378,0.000938637873299299,0.00108305726411242,0.00324547202856248,0.00114270605298022,0.00390775314554943,0.00332977573027656,0.000869586146821695,0.00310563715263974,0.00122525260033427,0.000965876944331649,0.00442239584627538,0.00451489031373316,0.00458927200258275,0.00480875206837977,0.000868367891570773,0.00161498366671139,0.00512091385645287,0.00394529945718188,0.00497091495366314,0.0012574506994164,0.000992615281113555,0.00151892989409663,0.00295774242132843,0.00115535901200064,0.00385200766063911,0.00109544052139679,0.00318306323090493,0.00561530940285046,0.00107530281253756,0.0021665975269058,0.00159736926826548,0.00300516136412372,0.00411819736042672,0.00154182638089794,0.0062013067060728,0.00357683825489866,0.000946475223151604,0.00327607035295002,0.00079663019372018,0.00132747017588371,0.000806178415317282,0.00106138012577205,0.00159419457959999,0.00593727745041035,0.00811678200275419,0.00142377391218066,0.00378790440511662,0.000913827015160963
"KL0004",0.00437751357218471,0.000800018819931716,0.00126922647787859,0.0014123526066261,0.000875624975321269,0.000820515368141668,0.000892489680926741,0.00610196390688229,0.00149386005909853,0.00092466144688736,0.000780551286638746,0.000994224364906328,0.000989774436221246,0.00374249310446525,0.00101919679617643,0.00470293459406071,0.000873251348315228,0.0606033165693173,0.00147287489620949,0.00252660958088013,0.0034982979664085,0.00243188985298637,0.000780598442841278,0.000839117508688324,0.00358476931865788,0.000809442853555268,0.00204982093791812,0.000912738080119132,0.5,0.000783626913442006,0.000910466745959028,0.00078289242357619,0.00108742660438618,0.00207953903577232,0.00204461656430868,0.00203682729093204,0.00158248139938401,0.000896408043130752,0.000864869220849796,0.00126222843126347,0.000955410036995371,0.00100049214896671,0.000907971706960698,0.00310570854454949,0.00155841818833878,0.00159376678356611,0.001420924554617,0.000741962429801344,0.000880410505038068,0.00193490584105944,0.00380611249963448,0.00107517004914608,0.00085678365806295,0.00109996649486838,0.000967623993245518,0.00407645443654203,0.0042297540758179,0.00403873007224666,0.00407855289953564,0.000772087734178999,0.00367383910178081,0.000931390045384449,0.00088296439942683,0.000746316168197839,0.0010032378107746,0.000815226222289678,0.000743562906943133,0.000857396195788053,0.0010150974049845,0.00221579815787888,0.000874846870295923,0.000943049969537941,0.00134782232476747,0.000865809273442214,0.00297686302300685,0.000875242539476835,0.000920804467264595,0.000930583530072052,0.00309449600116429,0.000904442806477008,0.00204613390946757,0.000869767647448298,0.000920682488253224,0.00136829690935702,0.000898261248684197,0.000801184171154617,0.00105256944829723,0.0039872506836356,0.00386057310343617,0.000797453431347746,0.00124762136452416,0.00169194384029037,0.000908630122816819,0.00464050433681475,0.00114799511466581,0.000788338567499675,0.00131852573239952,0.00325801549516086,0.00134606807741075,0.000841306088287549,0.000791598718456773,0.00206943139696987,0.000811089938500734,0.00120581461173137,0.000880275186064155,0.00154002667338909,0.000986868373940635,0.000795129751755125,0.000849258134039616,0.00395351466611141,0.000806077515528132,0.00109488923264746,0.000829498260323077,0.000952622662210622,0.000768450324412331,0.00170267613719439,0.00181491166798337,0.00087875315028581,0.000877815559133789,0.000698440242880646,0.000726741417651314,0.00094269727020436,0.000765987734919063,0.00333572335217305,0.00558025864931316,0.000762421111133293,0.000836038133825321,0.000798925667350729,0.000788441189441571,0.0029740147663948,0.000884835113765096,0.00221654637957961,0.000796080467143024,0.000736524630089972,0.000931575527233055,0.000859116092953557,0.000730076228955207,0.00138917016426064,0.000856205997387788,0.00364971526555012,0.00084313950532583,0.000747418842623958,0.0016718508908563,0.00068726577649846,0.000858397103638113,0.000850271042596646,0.00153624725737436,0.000789785803781664,0.00137410236223279,0.00111058672474788,0.0077477395096396,0.000815888265242122,0.00123949004951887,0.000803672701962774,0.000760455045049432,0.000911643589918022,0.0418404085923152,0.00131008618728489,0.000990545882392868,0.00384701669650348,0.00200343113365532,0.00126232934266675,0.000776046540454539,0.00104800477192696,0.00205062905086886,0.00361424701903523,0.000785345935116505,0.000934151916895612,0.00101031558103912,0.00298734203238143,0.000757417574910855,0.00139716761163951,0.00132021265871941,0.000767257860332025,0.000913846592967931,0.00379817836250392,0.00409228581332376,0.00127572580698376,0.00164069355233198,0.000931996133545658,0.000877563330915397,0.0022577684929247,0.00380305573631061,0.00326726469571134,0.00148373368079089,0.000829395407780987,0.000849957306133345,0.000750038833008801,0.000688542127926179,0.000813831101156004,0.000877016262041543,0.000776523654303499,0.0174801177355717,0.00215199855263294,0.00360317664176088,0.00100495456008332,0.000795105065430399,0.00130511006560946,0.00103178690434966,0.0494446416935438,0.00103943565541012,0.000830421004144519,0.00123587650217826,0.00094211924336373,0.000747379175563683,0.00311261140903816,0.00076660961805276,0.00136514383089172,0.000872662851331557,0.00145733431883037,0.00201873510865305,0.00162270182319265,0.000802320239284746,0.000831748323738094,0.00175666302517921,0.000844653869841573,0.00306121166972419
"DU0087",0.00226042022076458,0.00619998880379399,0.00106897934644291,0.00226736538967417,0.000818153650402181,0.00217484209172512,0.00110961029113487,0.00107677271219114,0.00117812295724682,0.00251601495320671,0.00111932519409191,0.00490444701615034,0.00479850389678798,0.00224253190124271,0.00232789138630357,0.00109432826989532,0.00365476895188802,0.000847451923562988,0.00107999269602266,0.00118672857159773,0.00237091122254811,0.00123948688444219,0.00680786837888851,0.000998867032902234,0.00092599385480848,0.00450654944247651,0.00106668349402687,0.00105664270143447,0.000783626913442006,0.5,0.00360823728859407,0.00498421826059378,0.00239346444102541,0.00225953744224591,0.0023527082910835,0.00233693576090284,0.00384980771016028,0.0010933556041961,0.00101111261530742,0.00126804739189904,0.000948611265501527,0.00228923223621824,0.00109355466090073,0.00125378367305564,0.00223722733661417,0.00235158279653361,0.00111977821978349,0.00375332825811255,0.00432784833085175,0.00248520422216852,0.000989716425009279,0.00222329124345294,0.00417283261862976,0.00125796008657247,0.00231892563991967,0.00104976293377646,0.00224859247159208,0.0011843818006406,0.00109302902946341,0.00674750522672554,0.00223505549684281,0.00092286299683587,0.000971807528105513,0.00241172479897872,0.00242109888645422,0.00104242108261282,0.00504399260843164,0.00213447350850816,0.00226479677389756,0.000929636584490931,0.00141399945215078,0.000961951664839723,0.00100227298221036,0.00213646836077706,0.00130891146896937,0.00397064630278602,0.00251709274743159,0.00486576140929086,0.00110327040290161,0.00137512284013368,0.00235697454172705,0.00513480234913576,0.0025230803776152,0.00513207425751013,0.00100101256305042,0.00525449864551555,0.00119618829349687,0.00121641984850988,0.000954818314494152,0.00114130968248546,0.00115892794413527,0.00357798619927213,0.00102908823168033,0.00112648059869036,0.00239441108483746,0.00524158120057552,0.000906258374516786,0.00228868170263942,0.00206700642536693,0.000958414121793871,0.000941999113896026,0.00232605232043879,0.00242021333882478,0.000914695906573002,0.00439537262730959,0.000911511839215835,0.000964007589199315,0.000953514132503477,0.000888940864370564,0.00116693711422406,0.00113272701521059,0.00504676709278899,0.000963764907402727,0.00326828873867509,0.00324940173442912,0.0033397575090057,0.00325602748665238,0.00339378462381094,0.00340489294495531,0.00360149547698552,0.00330767340285912,0.00124699574442808,0.00332463869102539,0.00322018757530605,0.00352083377572401,0.000989952750800864,0.00122292239801903,0.00104846167314484,0.00318626168570831,0.0011537427261361,0.0011146635517695,0.000944603692475256,0.00338640062600806,0.000949978950790614,0.00332007505646635,0.00336880129139232,0.00526635833482354,0.00100592871398985,0.0047300642259362,0.00105392924275472,0.0041139272531035,0.00306158638973857,0.00342182396310879,0.00682418987943008,0.00524973261432762,0.00337426276845943,0.00165773174272582,0.000912515912965374,0.0033619995763706,0.00320210498673446,0.00114990243844855,0.00110181831836512,0.00335873925988694,0.00421941782891577,0.000931989465270653,0.003289811298231,0.000783842655542566,0.0011473583217242,0.00144289368008958,0.00130191023550397,0.00133648162163833,0.00104713596933862,0.00093810049862422,0.00103261430597872,0.00112351135286419,0.00129861930468683,0.00350769578144882,0.0033180617797879,0.000993300963052026,0.00336748891506181,0.0044674924248671,0.000978136962876117,0.000960264638925771,0.00324686348441398,0.00143294471472343,0.00324774702585048,0.00113275907881927,0.000984464698409916,0.00329373457840555,0.00110487305782345,0.00437201800036087,0.00115427662211082,0.0014420817364689,0.00330072512816071,0.00115391807008661,0.0047219332800477,0.000898114260102125,0.00115388732904922,0.00342627772389696,0.00314295133451405,0.00102693623728166,0.003127798141148,0.000945411336556623,0.00120725679784874,0.000998881496974699,0.00105531694279179,0.00491518338013077,0.00105314155644165,0.000959561829039581,0.000756188736797638,0.0033390381409871,0.000865134981688669,0.000989925607592159,0.00120359431303242,0.00334036866636205,0.00102371929532183,0.00553260040670642,0.00335961627348392,0.00465662913224521,0.00334242025270247,0.00405626197655367,0.00221358309374715,0.00121824021877123,0.00104067658751814,0.000936557971305468,0.000922102626821153,0.00342731118528156
"DU0085",0.00259896071320279,0.00373082334300566,0.000917754937123532,0.00240228958882297,0.000701184557049881,0.00229218318767779,0.00091543296217443,0.00105125442679624,0.000998654843505954,0.00588078753874382,0.00092883715903524,0.00595392711067365,0.00580350420241516,0.00271184079125414,0.00548812953944345,0.00544029495844628,0.00565239509773361,0.000873585512784007,0.000929290351486617,0.00115181033142501,0.0025329981663875,0.00118454110851736,0.00364055563673217,0.000731187557160001,0.00101447891767444,0.00326206894570414,0.000842792651052839,0.000866676166649031,0.000910466745959028,0.00360823728859407,0.5,0.00349050832173058,0.0026958390900307,0.00398892671118535,0.00561791858131586,0.00552935801829634,0.00113409970787688,0.000914877549763949,0.000866412761398282,0.00107517925240236,0.000844487961112492,0.00244022443194771,0.000927330271982869,0.00124981044423181,0.00232438149141699,0.00243109589193395,0.000957785253646357,0.000824411363658406,0.00208606256479315,0.00265589448976852,0.000753235575454076,0.0023384176557025,0.00273374161536872,0.00101640537364225,0.00245786525042908,0.00108874719669407,0.00255463843570949,0.00109849417494453,0.00114914084026158,0.0046932394424333,0.00246554462602298,0.000650253237948893,0.000720637469187888,0.000704268950838667,0.00578307398557347,0.000837991706528563,0.000995457928801053,0.00223623747399981,0.00240893162124962,0.000642340357033555,0.000934110407066992,0.00078826028192128,0.00075208387394988,0.00222542252625586,0.00378873114662319,0.00223300432613568,0.00587029511717911,0.00343734256895256,0.0035128161405213,0.00389170647330268,0.00563125635934256,0.00583879101183786,0.00588156868123312,0.00269557316638554,0.00082641859288513,0.00250231007651221,0.00237434949892887,0.00109853610942698,0.0010065911841448,0.000947761409053492,0.000942422311788381,0.000937788217171627,0.000858605147827229,0.00563543078908594,0.00408187990312762,0.00380342083789075,0.000643948451164929,0.002437193850375,0.000736805141930698,0.000624474211323033,0.000708638997413199,0.00247925016196439,0.00531472520147274,0.000647801275660306,0.00655932984797311,0.000639348805909336,0.000828052155590195,0.000703855857329399,0.000653323131419408,0.00103228128704652,0.00098656268131271,0.00111996848709618,0.000818970106526869,0.00341131842125578,0.00341899497271983,0.00625377320373317,0.005927806718894,0.00633005164089279,0.0065539193168383,0.00355511653047196,0.00346406883317773,0.00244664706757064,0.00343777634941785,0.00363718609277913,0.00366558140258466,0.000718567936668028,0.00104012656182985,0.000865078132185231,0.00330605782374242,0.000892437294112499,0.00221722293124753,0.000771829236617264,0.0035623675298125,0.000730734234583241,0.00345273559303307,0.00351257202920549,0.00224611716185114,0.000864718587606378,0.00330315905462387,0.00109326917331821,0.00356946229703452,0.00315535562610716,0.00355466547056438,0.00447881711077068,0.00323470827519876,0.00616322358334241,0.000757479312891562,0.00070752384180877,0.00346027497444949,0.00328194511027966,0.0011212764016565,0.000803892289654893,0.00347451811343317,0.00216975109611884,0.000758271732103809,0.0034309370120493,0.000742941454133415,0.000982069591173846,0.0043415628771697,0.00118348018152208,0.00405637795185601,0.000836456001892125,0.000690368585280611,0.000915519767294419,0.0014042607926426,0.00118256983868629,0.00641469975763491,0.00346330293476195,0.000761942399169329,0.00352090960659595,0.00191198994750087,0.00066623507697902,0.000702892096792456,0.00336070473728174,0.00395405727976209,0.00358494086039271,0.00111979664254635,0.000687105865102299,0.0034350504021418,0.000894570474551717,0.00229392490674609,0.00127655616695436,0.00113044075206947,0.00345470246978589,0.00106338466299677,0.00218099569365663,0.000666964276149651,0.000904420882449536,0.000740910146140182,0.00324008250634527,0.000816541880543903,0.00324903106034877,0.000931501893072927,0.00118638557066771,0.000852925758875769,0.00084967191433659,0.00201114283146176,0.00096040354866477,0.000875973554429457,0.00071224539025326,0.00348452164290785,0.000767106970984219,0.00082454506569049,0.00103188076628891,0.0034833648163338,0.00228029273923038,0.00335993325286462,0.00341876012990082,0.00232869621509887,0.0033963699780085,0.00232210555438074,0.00102584525379172,0.00101093171625805,0.000851354753235429,0.00062212024809397,0.000660160626895779,0.00359141664505166
"DU0084",0.00100401692617257,0.00532767660966874,0.00113773312210696,0.00105123292333902,0.00090477984489353,0.000966629601636728,0.00667261423761598,0.00113553973648324,0.00847286671493549,0.00350434210902779,0.00547346010879901,0.00121536817789437,0.00118924938273727,0.000989163320537407,0.00110969790680117,0.00104527548519637,0.00144396833422921,0.000811150140084736,0.000930385024385393,0.00125606302319389,0.0010264427654763,0.00129913314008492,0.00602553810396414,0.000954869610482863,0.000823903341755449,0.00686903779055378,0.00620699773258941,0.00323604238727941,0.00078289242357619,0.00498421826059378,0.00349050832173058,0.5,0.00104216479638163,0.00103520659934778,0.00112279589689406,0.0010487034956605,0.00815160423174956,0.0059758323440135,0.0011147983812379,0.00625796352638305,0.00083669354785873,0.0010135801087767,0.00109858517137821,0.00124593663594935,0.00103897567939132,0.000998605913860132,0.00109327225799165,0.0013780456653497,0.0040933044163573,0.00109686620750377,0.00097477918216668,0.00101288084889684,0.00146475655160952,0.00302127461938728,0.000968382142623243,0.00105675527329142,0.00100812868181831,0.00173993107851288,0.00343128125881291,0.00620228403202785,0.00103749597283537,0.00104183436983597,0.000984771472771292,0.00214091753292728,0.00320483675085674,0.00108336687281558,0.00462484889427844,0.00101993959589604,0.00100047063895739,0.00100456277535285,0.00133254038375407,0.00091696761849841,0.000917330768742576,0.00103768089161236,0.00294437600247797,0.00428499755791075,0.003504210045152,0.00517069277316252,0.00115121979260769,0.00588944511477316,0.00112531368263923,0.00368857722453069,0.00353194899653483,0.00106723748522779,0.00357502219095656,0.00392944224451317,0.00121654277905721,0.00158263399231225,0.000894228486889027,0.00619829870170002,0.00614233484191428,0.00673165810906343,0.00344241231417297,0.00106566451466631,0.000952323727826617,0.00424840133351039,0.00087020513932506,0.00109067230680089,0.000916612775221923,0.000858590274735925,0.000938108794655499,0.00108929302434076,0.00336339037798731,0.000860113557862497,0.00107064319310068,0.00104635299612693,0.00101191722949489,0.000960032398983924,0.00089060034594621,0.00249505729502844,0.00603185979067191,0.00219168278515589,0.00105125752688593,0.000871151907301252,0.000989632622090209,0.00276197343429176,0.000961595429877188,0.00103067621870955,0.00191468989381143,0.00324452097586182,0.000953954821280919,0.00337040714694112,0.000947966448279218,0.000894795184568854,0.00348069580232737,0.000894854856931031,0.00511550879061409,0.00339952455689839,0.000865336927831025,0.00314576275713689,0.00104125705489355,0.00108571663754188,0.00101020957007997,0.000997531934019863,0.000905040669106447,0.00091362321490294,0.00915920550878055,0.00105555026690301,0.0054330946930459,0.00104222838529915,0.0043030834383821,0.000978336963459346,0.0010741215805577,0.00442932797680364,0.00601437810684894,0.0010071179737174,0.00101296273728004,0.000969112049932468,0.000936245850572038,0.000858275529388062,0.00125157450542304,0.00104849582207071,0.000931421006989496,0.00425004574173449,0.000981625169487809,0.000914603769269574,0.000946919584177468,0.00361936719616183,0.00966798481537642,0.00172349023253142,0.00172395326588114,0.00287423247472431,0.00090325267085298,0.00109683364154784,0.00107147263522156,0.009710447620478,0.00326285362566044,0.000946781331281569,0.000891093281651812,0.000960378047538431,0.00441272941555039,0.00104237348861408,0.000833786112245523,0.000886035324769127,0.00859169022589579,0.000909077118317943,0.00143469443129217,0.00083467726685074,0.00099912089634159,0.00157400641206583,0.0047373443955454,0.00160017736695959,0.00304576557906153,0.000867770663643295,0.00134794613796838,0.00666970768960022,0.000877295173384334,0.00474843709470866,0.00103339990366951,0.000905660567176441,0.00106239947490208,0.000896049857922173,0.000991466864008623,0.00130689926483522,0.000882420907468746,0.00142851043365176,0.00706230062293121,0.000905748157688706,0.000899628989726354,0.000894273023219385,0.00100376350020816,0.000835337555649025,0.00111408447731047,0.0033896191575288,0.00093557076028989,0.000912276407389099,0.0129304730639155,0.000899504259417162,0.00496172929380706,0.000910574577758884,0.00430760117313479,0.00141848144840641,0.00571134529729381,0.00310037290342542,0.000957995155166039,0.000929303721620541,0.000941768996107116
"DU0083",0.00296086691088569,0.00239237550967302,0.00109071671198453,0.00259101724398956,0.000912044026077975,0.00247460284911615,0.000915541022941023,0.000824349655427008,0.000987800303435736,0.00270826217080481,0.00098185854333108,0.00542033213055138,0.00557108350940326,0.00419235022885318,0.00414433102404376,0.00273594348931923,0.00266602859785868,0.000979798784784986,0.00242232767930453,0.000999475206451251,0.0041394119660137,0.00102676327998167,0.00231217321944768,0.00100016178492449,0.00388596929115313,0.000921581486618449,0.0008619828964272,0.000957716657025436,0.00108742660438618,0.00239346444102541,0.0026958390900307,0.00104216479638163,0.5,0.00565377399266192,0.00286109044925976,0.00408572898122556,0.00235823334458263,0.000924654729565873,0.000994447734708397,0.00373073039458139,0.00113306158926868,0.00266788958698459,0.00112044897852303,0.00327767468326906,0.00254348978569551,0.00271226425720287,0.00116376465212175,0.00088590495453362,0.000773215439646142,0.00283736005113515,0.0010790721874713,0.00256028657515925,0.00279384294660146,0.00396945806570131,0.00409863839897213,0.00390640770494615,0.00573351361971991,0.00372215543282017,0.00133074166055697,0.00226608589792543,0.00615717525095185,0.000742428907506169,0.000840438566180248,0.000714900564817475,0.00281485005802584,0.00101337317100591,0.000757498598086095,0.00241413212370565,0.00267641198194179,0.000737037313154829,0.000880760894301494,0.00102800256613456,0.00090448007497351,0.0023983468108317,0.00124295926063774,0.000967048523424642,0.00270591880883035,0.000836892036189186,0.00135738559689576,0.00133892755658399,0.00286468559881477,0.00264239706203344,0.00270805267916245,0.00586464383748058,0.000861474562117769,0.00242071524713734,0.00140106453244502,0.00138138379005334,0.00241485205348223,0.000961214055912008,0.000978851385943732,0.0008576677409228,0.000925625167466918,0.00216911097584148,0.00617823692793576,0.00247442661741462,0.000726939631668052,0.00275799885336172,0.00101569293983516,0.000762954140569148,0.000915241997093106,0.00276738620625394,0.00251599412725299,0.000795302433145137,0.00489361990752791,0.000742877956586895,0.00100054798612321,0.000909240330101633,0.000771416401716928,0.00134282852314118,0.00214925140837836,0.000834551062705621,0.000983808988179385,0.00371152850686196,0.00457454632177995,0.00376168334629629,0.00489686347360149,0.00616915677330961,0.00386784417701794,0.00354535283234319,0.00590068638507918,0.00129082337470825,0.00363223829745681,0.00489001132549322,0.000959855329273868,0.000935823495833847,0.00369293419114384,0.000903955847525945,0.00349986448652509,0.00096581148752014,0.00247175725180468,0.000945983339350922,0.00371521225726004,0.000900484728166953,0.00622338988872866,0.00370731031172193,0.000873688071132296,0.0009997390080071,0.000988472583185947,0.00260839965623048,0.000974298898364782,0.00332338186820728,0.00385065545092098,0.00343316788022428,0.000982669712757846,0.00619842941572471,0.000799154695498244,0.000807054842979452,0.00481612004721126,0.00355524624741181,0.000841424517621768,0.000960043400234981,0.00636710865594497,0.000966535951501897,0.000943183290325394,0.00365658294540412,0.000726391332357708,0.00113258906068301,0.00388993305498626,0.00376884151785558,0.00139524866849557,0.000921140616046262,0.000908256038990708,0.00103381391522966,0.0041628574917883,0.00406306498999625,0.00364676179505229,0.00374414324789004,0.000894028913023977,0.00380554246095174,0.000833105506863809,0.000734550408906815,0.000831414283922967,0.00355363304921458,0.00138742388057209,0.0038835142366296,0.0037936278413676,0.000868162923761706,0.00364112317251521,0.000985701349999169,0.00095173160303417,0.00137076654197199,0.00100537974481992,0.0061140307692681,0.00427617447090766,0.000919818030343455,0.000785702512131629,0.00089636946284518,0.000776481458831657,0.00342661538887923,0.000975674866739917,0.00343003471248934,0.000811475687599942,0.00107264756106684,0.00352433794526249,0.000958459060458931,0.000882071974065965,0.00438370234062975,0.00108389000454931,0.000723837495965112,0.0037489505191028,0.000996665477551632,0.000949678663800044,0.00111342544663467,0.00378133671859205,0.00243544598123021,0.000984528296327655,0.00470293062682378,0.00099766091706778,0.00368383077132337,0.000939134858739956,0.00237888811914978,0.00106846580457031,0.00099300199503289,0.000731064515961592,0.000787131420197598,0.00388801840637989
"DU0082",0.00403884620225748,0.0023766782020288,0.00102787984452204,0.00244586802379549,0.000886112991238698,0.00233573990362576,0.000798666162738857,0.000757393642446618,0.00086381252293,0.00401808977880628,0.000854345205982645,0.00424495123666344,0.00427147971769775,0.00562290590954214,0.00589268768486559,0.00553288168616914,0.00276755489168783,0.00100633268463353,0.00109150529158345,0.00094162033702278,0.00376403289125639,0.000975450243044242,0.00228405317695146,0.000965841989712632,0.00381698991046348,0.000985030444718919,0.000735467571779749,0.00089848778752397,0.00207953903577232,0.00225953744224591,0.00398892671118535,0.00103520659934778,0.00565377399266192,0.5,0.00543398600962941,0.00567948007570417,0.00101635724084731,0.000811371037996465,0.000966081274994138,0.000986788907832103,0.00104452135488301,0.00247932288573011,0.00105100274969046,0.00103686286410114,0.00235363280336802,0.00246755682456695,0.00104071524522554,0.000829802188146348,0.000817649720531977,0.0026956572701845,0.0019604025091823,0.00236968932516513,0.0026570777717073,0.00109141087590104,0.00253430122448611,0.00372123600251015,0.00414346834613849,0.00372215888467268,0.00244824309200083,0.00226814264258666,0.00400605470027462,0.000706396336857072,0.000772875963253164,0.000686706374892102,0.00537174397382476,0.000944041078047101,0.000765738915061223,0.00227644562516594,0.00244879679290781,0.000688446455640391,0.000838975849518483,0.000972458957884864,0.000788328345666657,0.00226735327764634,0.00327231917254459,0.00101766418353908,0.00400945840701424,0.000895972164143803,0.00390903214440558,0.00378729132208727,0.00544416307510839,0.00273396114447077,0.00400570456576787,0.0040000149533809,0.000819230563967993,0.00235360274470715,0.00263522887508948,0.0024714897929584,0.00374990486214105,0.000834955077540306,0.000842400093046035,0.000759503742822238,0.000857160338433163,0.00529022235331192,0.00599839807297146,0.00243111022626601,0.000677074666053449,0.00248819631028472,0.000852198178243376,0.000712340421388531,0.000858806816835643,0.00254938153767036,0.00261590434000169,0.000711353640539558,0.0060585161444722,0.00069876651180106,0.000921863946853241,0.000847954444634757,0.000710206408654641,0.00242180049737822,0.000923773814479914,0.000772013417637257,0.000917559780807958,0.00344302334750916,0.00348806934778227,0.00593600583738314,0.00632389742191784,0.00627002822887385,0.00609429002620107,0.00341608817053356,0.00349754572489689,0.00243344922773297,0.00346215942528485,0.00611299764993648,0.00101113543727178,0.000878636160032018,0.000996397808520193,0.000836216477864134,0.00333402229562058,0.000936915575847518,0.00387077556394794,0.000906505358589169,0.00359070976346827,0.000847474274607635,0.00350164650926507,0.00354246443556608,0.00086874518060405,0.000987348446439052,0.00109128520235228,0.00259899572380625,0.00109957013716324,0.00317488532949807,0.00358847920262588,0.0033336845474043,0.00107080749669268,0.00639227099712558,0.000761966592451988,0.000758572712313099,0.00350077361866275,0.00331235811210147,0.000758471668942927,0.000905489910105693,0.00353756876161788,0.00103517754279247,0.000908736886902284,0.00346068455905126,0.000731795210488858,0.00094275628009076,0.00400055603789222,0.00373596139671904,0.00385778699247486,0.000895010057520242,0.0008470949142341,0.00101973059885389,0.00431319503183608,0.0023468733872382,0.0046945437647735,0.00349488819130182,0.000807266671076143,0.00355893393986427,0.000844232205642958,0.000684083086984535,0.000748403664992991,0.0033865738254926,0.00257516342500563,0.00485374600766728,0.00381477690987449,0.000777674338325771,0.00345251782927735,0.000952767822542453,0.00102134837013161,0.00391125565395241,0.00102484421722994,0.0046783926297667,0.00130443414160229,0.000978842686398312,0.000714402744807457,0.000791384310548008,0.00070465197356839,0.00326503522836665,0.000936730879541703,0.00327513891183188,0.000759467789104539,0.000990625738313308,0.00227500115061379,0.000921400806154404,0.000850631378416849,0.00232108263539572,0.00103118294848541,0.000767872166113996,0.0035117665555831,0.000952400273362802,0.000933875519189734,0.00229034434309388,0.00352812018118214,0.00407699018717239,0.000968400779673752,0.0034538263470846,0.00110311069648029,0.003419853126508,0.00100447436446946,0.00113707471944374,0.000943116734669402,0.000921276716701244,0.000679402026605023,0.000728047315239714,0.00466124892770935
"DU0081",0.00411987038902285,0.002470623721563,0.00093800404041017,0.00245702298943721,0.00076338288422029,0.00234346694712205,0.000797528202501581,0.000943601179531247,0.000867817656800841,0.00593278304939691,0.000839969132631753,0.00584767545596955,0.00574044178341071,0.00559806963705919,0.00582912514132622,0.00406604705114103,0.00531969002817536,0.000976477817979015,0.000964966146853122,0.0010883354616631,0.00262202436222496,0.00111801543188302,0.00236966593133711,0.000807578206027134,0.00235585170484572,0.0010518823026508,0.000734789186479813,0.000870026423930626,0.00204461656430868,0.0023527082910835,0.00561791858131586,0.00112279589689406,0.00286109044925976,0.00543398600962941,0.5,0.00593023879128134,0.00101329153079081,0.000810727616374582,0.000876225395394868,0.000972422596753323,0.000925924039324628,0.00249308020915992,0.000920881061874546,0.00118130652170342,0.00237026522427984,0.00248200677368676,0.000952245546269921,0.000782505011979927,0.000850529546877383,0.00271471541472528,0.000891062544020608,0.00238681115579654,0.00271089824840163,0.00102362034286194,0.00251623113958739,0.00237150075543649,0.00399681875673812,0.00241500129242152,0.00365892079498124,0.00237427975992579,0.0038105958677561,0.000658387333386479,0.0007218821002999,0.000647620192183732,0.0062008434067705,0.00083016122991779,0.000782093774452663,0.00228572885811712,0.00246148732122948,0.000644087991383251,0.00075247128177477,0.000857130078772896,0.000756246137577124,0.00227200192483386,0.00405669696647238,0.00101454409712737,0.00591663293057817,0.000964310467801649,0.0040424518295316,0.00262408479109042,0.00644481120513162,0.00535593019071404,0.00590885990278317,0.0027500569817957,0.000804878396801502,0.00349587282202081,0.00133386342312122,0.00234529878015609,0.00362566276020378,0.000839636365251622,0.000830828677624385,0.000746389805347448,0.000844820814940634,0.00466334336071269,0.00421281968107805,0.00252915321491266,0.000641687212472229,0.00249647056655483,0.000781832320780602,0.000653211946404805,0.000763502916409141,0.00254158727408336,0.00514787194511905,0.000661950631964985,0.00644310090474118,0.000648570559714587,0.000828411649136797,0.000756762383576528,0.000664387975741279,0.00224297614637058,0.000859587471285676,0.000812527421806022,0.000813910813235943,0.00346164248632334,0.00346669102136634,0.00670508692360143,0.00638394425572016,0.00637547366532404,0.00647240656381066,0.00347228837906395,0.00349114404599078,0.00238260426862005,0.00348419193828967,0.00619987652511234,0.00218610489099217,0.000779344605450055,0.000956230974042862,0.000821611549205173,0.00335255702764307,0.000886950018191667,0.00121827506670437,0.000785819485857127,0.00359960626341068,0.00076894681399986,0.00350664765447753,0.0035619548892502,0.000945884969041358,0.00089057887185607,0.00110019767803374,0.00241744867078047,0.001133473719723,0.00318881454961911,0.00360359640610709,0.00341894647203037,0.00108039643239971,0.00619101404065495,0.000749475802468912,0.000714348063384173,0.00350992618642171,0.00332835343152555,0.000993324029518822,0.000802327635938991,0.00353031120986803,0.0010038593908571,0.000811850656414532,0.00348017570218675,0.00077786174960405,0.000935080275617737,0.00426514052809665,0.00353003779470128,0.00470628417425704,0.000851785333581461,0.00075073151715351,0.000933987017305562,0.00384624228561689,0.00116735093938968,0.00634680435861867,0.00351447305815495,0.000768368421138354,0.00357703654557923,0.000836045475598893,0.00064985675107124,0.000711250195716409,0.00340659130025595,0.00390488861850604,0.00595860266458376,0.0024512493737824,0.000717481835406399,0.00346960620985458,0.000902329223943853,0.00104183589049606,0.00390600905915334,0.00096449855021876,0.0035936497277955,0.00114033240615765,0.00101625824566262,0.000673957049651965,0.000781877353922117,0.000707859572660433,0.00328176668015163,0.000808674114530907,0.0032931221069419,0.000882393710182438,0.00112250850578852,0.00206764516112564,0.000848425878155219,0.000895677406719419,0.0010554307108335,0.000915020814732735,0.000782470662494023,0.00353281269052235,0.000832604947395842,0.000841738824097956,0.00104738831849007,0.00353378381133123,0.00373021879126409,0.00106149756780206,0.00346480736413478,0.00111657237740525,0.00344207275860237,0.00119947408784326,0.00104438271647093,0.000921280911957175,0.000863005866108961,0.000624820347691333,0.000678170934783234,0.0036803424078072
"DU0080",0.00400102968582033,0.00243688507418527,0.0009876907850058,0.00244473860086943,0.000835988704989728,0.00233314975195961,0.000751066443192646,0.000938194579223777,0.000818050752759319,0.00559202191270158,0.000806573179738551,0.00585790018652837,0.0058438890447798,0.005708271979228,0.00589913636408331,0.00544380235534989,0.00531109034844714,0.00101251295777765,0.0010369322839358,0.00106085187798692,0.0025975834241442,0.00109014546147071,0.00234052770533084,0.000881340003078858,0.00369623845089746,0.00100370730749574,0.000691084534646588,0.00085040604087434,0.00203682729093204,0.00233693576090284,0.00552935801829634,0.0010487034956605,0.00408572898122556,0.00567948007570417,0.00593023879128134,0.5,0.000963411143265356,0.000768461035638273,0.000929611879593241,0.000925983440058515,0.00099145352377945,0.00247870776580002,0.000993365950295173,0.00115867536030065,0.0023559132465262,0.00246786918270337,0.00100391351998415,0.000818198619252209,0.00085477074847578,0.00269805794875675,0.000911948826178423,0.00237207704201536,0.00269058438539347,0.00102221177869049,0.00250478428664992,0.00364816234272278,0.00407763995064278,0.00361430142573584,0.00238925849335065,0.00233317987532435,0.00390201283975129,0.000667622890544612,0.000732560690767468,0.00064763049230851,0.00585682293101816,0.000900072287205764,0.000775136754685704,0.00227379106724242,0.00244673482558237,0.000654442866247203,0.0007981169618965,0.000917330334481638,0.000763316731435894,0.00226164712316003,0.00376587060379984,0.00102400622426532,0.00557698882430982,0.000945307305055282,0.00402597799913265,0.00260795106646127,0.00594151643535777,0.00536123374516614,0.00556904300788723,0.00275815428558979,0.000772140698807848,0.00237452433306754,0.00251556221792332,0.00129637475863107,0.0035661549768864,0.00078586040445694,0.000785847730199111,0.000714771758727427,0.00081298355358951,0.00540961748608131,0.00440905066995535,0.00249143870282498,0.000651446708972807,0.00247951508424398,0.000798867403648584,0.000667848127361304,0.000799909673127878,0.00252623606795026,0.00272256916532694,0.000672977277278032,0.00643525380960638,0.000657626836908425,0.000893871914222209,0.000790056811140714,0.000675106261759722,0.00227338826318796,0.00082945293405989,0.000808271498537169,0.000872773966129819,0.00343786859606578,0.00345422148383033,0.00636858461106268,0.00638095419370758,0.00647904992123871,0.00643003720547667,0.00342668653041712,0.00347043211244202,0.00249998414629598,0.00346049593582879,0.00615065669479407,0.00216530447411601,0.000830225488105675,0.000917267539312146,0.000788668991257883,0.00333232394496909,0.00087029924941729,0.00236288029246747,0.000860710722888495,0.00356790137556316,0.000790486568134733,0.00348298654484665,0.00353962305853088,0.000890473704715624,0.000946044120195668,0.00112181678267332,0.00253837862679049,0.00114350859325173,0.00316312305058268,0.00358474163541149,0.00337908021248201,0.00109077633166622,0.00637178831108731,0.000740278696910734,0.000718245074758042,0.00348779046468455,0.00330762409302553,0.000984822409787769,0.000873386962874546,0.003517747322722,0.00104680703174705,0.000849395382702876,0.0034555964213378,0.000787186153853288,0.000899025798965364,0.00433060422242651,0.0036389156159943,0.00427664085327539,0.000838837070541985,0.000787480384005508,0.000982777102613556,0.00416736250455854,0.00113788941621027,0.0060404434868736,0.00348870550629367,0.000775044128314223,0.00355079225817894,0.000831963042160407,0.000657157390506329,0.000720774220350289,0.00338541541219105,0.00264726552918993,0.00480538328403801,0.00248163182006351,0.000732220696840871,0.00343649002547402,0.000906643840396961,0.00103699692850131,0.00386120946650021,0.000959921193681295,0.00358737818606638,0.00124353895672063,0.000981670419251813,0.000684173411286603,0.000743762787955121,0.00071194797721766,0.00326201569100719,0.000875624661882445,0.00327281272329461,0.000882453453892222,0.00109648720240252,0.00215869961993236,0.000874656966051246,0.000848860212483654,0.00114573686087167,0.000984343522327768,0.000796525579137512,0.00350601440408463,0.000904731206254188,0.000895787489528162,0.00102682641913767,0.00351114692765164,0.00395114173900061,0.000990581314675557,0.00344289558393107,0.00113421470915062,0.00341925226046758,0.00115903794200551,0.00107768252245019,0.000889122389980755,0.000847302446835901,0.000637012500343409,0.000689361987995379,0.00363551346777954
"DU0088",0.00108368963232383,0.0012691113009653,0.0012461860702264,0.00126071761691815,0.00106844550570424,0.00117173161558802,0.00669341122741567,0.00108208216361176,0.00836628773177608,0.00109700233409436,0.00559873808620899,0.00110162381875334,0.00112041500007534,0.00101793998814092,0.00103181525807299,0.00087990700657832,0.00112253859016696,0.00543438573695856,0.00551053373203807,0.00341962938013173,0.0012560472995726,0.00318005989663076,0.00131815527048604,0.00102421245602695,0.000915395000441353,0.00327694234579606,0.00626193874892301,0.00326886287077647,0.00158248139938401,0.00384980771016028,0.00113409970787688,0.00815160423174956,0.00235823334458263,0.00101635724084731,0.00101329153079081,0.000963411143265356,0.5,0.00611158581891073,0.00111567933670451,0.00911251666931834,0.00108445176911421,0.00134502476170256,0.00115911000200035,0.00384502987840255,0.00437413411911731,0.005246182386822,0.0039677523691318,0.0010386861756671,0.00117036959062447,0.00130642327332711,0.00115162118845148,0.00357179728398718,0.00128691082991226,0.00531006810013242,0.00245380296485357,0.00104043309623213,0.00114585675029609,0.00159706387210344,0.00454659212663031,0.00130716480143827,0.00226912113012259,0.00125753053175802,0.00116979565628959,0.00123704946243943,0.00104723689185943,0.00107656635920855,0.00129984064163511,0.00123833179210072,0.00222046536877215,0.00126114152646162,0.00115849090438261,0.00113960641161585,0.00416676367656116,0.00119161464709942,0.00126631453044291,0.00134888256602754,0.00109457020251669,0.00160159806635507,0.00101305363669197,0.00573236033601758,0.00101433595807263,0.00113389610266,0.00109789433074448,0.00462694534407184,0.00355594346392616,0.00122276153118402,0.00113238310116484,0.00146092919146556,0.000897698118216528,0.00623629027130789,0.00624403273901788,0.00547059364982509,0.00473495742418506,0.00085770351885906,0.00103715018065078,0.00120536357296571,0.00211988205077913,0.00134892389156344,0.00479498075512671,0.00109082901184322,0.00104581845670211,0.00126816443899951,0.00108065049219705,0.00295813839952031,0.000923360807478507,0.0012390967373857,0.00110642908854833,0.00107790606401932,0.00115881541160466,0.00244498739882532,0.00613952808424657,0.00342899194503388,0.00114363530625248,0.00111881166006267,0.00109377264588274,0.000921110739925344,0.00089348087922976,0.00093193507801317,0.000920122652981011,0.00112586076102135,0.00183221672572825,0.00327624047924505,0.00107466768732981,0.000880818241851191,0.0011146091422406,0.00108618201739491,0.00518672816755045,0.00451742373031282,0.00101635650670616,0.00315004469450965,0.00110781960439451,0.00114132562859633,0.00108409516530147,0.00110057705309098,0.00312095919064185,0.00103344799333773,0.00476435634960345,0.00118239093178161,0.0011725726375868,0.00101985487000051,0.00111915768593021,0.00106635669701418,0.0012374005416897,0.00109921123976914,0.00137027413060745,0.000931310294413147,0.00142525782161207,0.00113550078740232,0.0055863336074307,0.00371555435784576,0.00118238168006534,0.00105648055970682,0.00403013910345609,0.00104222941101794,0.00106800374453764,0.00112024668007858,0.00139298415930873,0.00508537665213631,0.00818657176667649,0.0015166408214775,0.00139458696262915,0.00518055945374786,0.00108180434540604,0.00115982115192414,0.00095790031120288,0.00851013425154906,0.000984924938789493,0.00112421062386306,0.00118533872080364,0.00111719093907101,0.0011511501807926,0.00122809377162169,0.00299378840256698,0.00101700783965317,0.00832731746439102,0.000921460944012923,0.00133421545813725,0.00483441277578209,0.00109119598164214,0.00150097140484618,0.00152743463395897,0.00136677749735866,0.00274750955865419,0.00100925170959247,0.00210981414402665,0.00282169633493095,0.00113707732317927,0.00475851894276288,0.0020497759282853,0.00100566718110569,0.00113985328286047,0.00109239062247739,0.00120025635491081,0.0014425568512065,0.00103262377796586,0.00138630661534556,0.00476717052318532,0.0042485394122986,0.00105759345749381,0.00149283997274579,0.00113134920217535,0.0010246468278629,0.00303130200357406,0.003375220128877,0.00108268254798239,0.000854739023986911,0.00805266698106214,0.00638895904049399,0.00117761145077505,0.00692611948198386,0.00139717946563131,0.00905781147314905,0.00577372243030678,0.00320892022941097,0.00125171453949612,0.00117126185270323,0.00109891634669307
"TT0050",0.000883635059801608,0.00106709532146811,0.00124577258764723,0.00123478485243496,0.00367601940854925,0.00117445202637362,0.00937650278002673,0.00204447053579653,0.00867376411363911,0.000875280180988945,0.00880017363842218,0.000862203035636346,0.000863613201840618,0.000819906505224035,0.000825384927799753,0.000692122430049173,0.000923670080000395,0.000992487568176127,0.00117722443045834,0.00114412912553268,0.00230240663179293,0.00294718415881086,0.00110980317134001,0.0011461522075094,0.00101249424960446,0.00499789143140487,0.00666465709212575,0.00614155026940388,0.000896408043130752,0.0010933556041961,0.000914877549763949,0.0059758323440135,0.000924654729565873,0.000811371037996465,0.000810727616374582,0.000768461035638273,0.00611158581891073,0.5,0.00196126798581091,0.00681325094667059,0.00332844666182365,0.00376158227999527,0.00240862320878228,0.00112913399309644,0.0033207687579598,0.00116134201904465,0.00325916429302234,0.00102856040838941,0.00123635860990326,0.00213513789204517,0.00118178248294166,0.00357469023682428,0.00101422880940195,0.00335860667358028,0.00107159544217429,0.0010294019316852,0.000902798960648156,0.0016069379422431,0.00514883893440691,0.00109889580380037,0.000950271977006994,0.00234928897407617,0.00134262497582657,0.0010702294129791,0.000826219291516171,0.00125790867806127,0.00104887839837373,0.00333872329365465,0.00346117934674474,0.00211784436311716,0.00368878950210081,0.00376422090998377,0.00329764210934713,0.00204918637052746,0.000911436668791332,0.00130847316909318,0.000873307282593477,0.0016558471174613,0.00103548437034242,0.00628747578487557,0.000812320932269436,0.000908474682158919,0.000876064002976467,0.000993296264704896,0.00738841459754101,0.00102545208381371,0.00120698557514499,0.00154692118161449,0.000899605899402004,0.00694566240432711,0.00694077243981827,0.00604181197274958,0.00777122265351642,0.000669914621982167,0.000805445051918771,0.00101207169137681,0.00329306137510989,0.00350023962288358,0.00114342744509341,0.00115386278729681,0.00195388923668251,0.00233671157984288,0.000858620705523817,0.00124317831150687,0.000723692573680303,0.00225282331451993,0.00368398656087359,0.00182559438169599,0.00132632914638233,0.00273631478811153,0.00678142612029632,0.0012715225377897,0.00359911096621218,0.00102182568716021,0.00098917203031655,0.00071283793251057,0.000700220997252498,0.000720825507254137,0.000719758618311707,0.000981845757378118,0.000955663295227457,0.00505138305407853,0.00189933926972768,0.000691202169446864,0.00111812575287337,0.00121325044938063,0.00562246645745523,0.00583815874034984,0.000976185365378263,0.00364813824160249,0.0010821396611096,0.00136542835907781,0.00211280378152302,0.00166890408749494,0.000928647301043741,0.00196530973439904,0.00520364491801217,0.00127909273680246,0.00113106553596265,0.00101935437325264,0.00103133390333233,0.00160884975312473,0.00108857713902144,0.000896603481512678,0.00129112495258666,0.000721175711962958,0.00110720506729161,0.00168606969638145,0.000920179807286212,0.00090439644957289,0.00210039607147464,0.00333991359699021,0.000874135626977084,0.00107980008025726,0.00166887440236516,0.00325315279110556,0.00128494658316499,0.00568191852456033,0.00590476602571131,0.00147516249391911,0.00139028016862058,0.00464419583667376,0.00122095136136276,0.00393184493737358,0.000909378273135839,0.00619783372438898,0.000773674021232658,0.00295415624089729,0.00359324882384277,0.0029857768256728,0.00109664352325492,0.00352589174146085,0.00329873112104032,0.00100215518518846,0.00617594029307634,0.000733376075031783,0.00130017934144388,0.00109363013039091,0.00100965351797472,0.00235034248822937,0.0015200868690986,0.00139552868992676,0.00302243096009595,0.000840818848860411,0.00124485024279053,0.0030809083641413,0.00319528586642017,0.0058833240995063,0.00103377158049519,0.00281458767700286,0.00131358155183407,0.00363397467320933,0.00372659338169418,0.00113746003371502,0.000977446000967176,0.00372841892337333,0.00534811936707628,0.00113705395390271,0.00369487253603024,0.00119688204734103,0.00203384109215529,0.00130494157070564,0.00316729687723466,0.00619910273908426,0.000973351162169275,0.000850204050690128,0.00596395685490123,0.000896903172432252,0.00113705651586678,0.000925540406475961,0.00105117769961503,0.00135775861920795,0.00653407166814174,0.0049212841007101,0.00132996350680559,0.00230696605120642,0.00196312384062174
"KL0009",0.00113323549215111,0.00102567468801633,0.00543964381997143,0.00116247257421386,0.00555422920826303,0.00111782397625112,0.00313657586201853,0.00399059257857487,0.00125246182244005,0.000889330983395535,0.00122745917862289,0.00086748226931046,0.000843018175647302,0.00105110203864288,0.000880404478671212,0.000628629452314122,0.000890264463272703,0.000832802538966933,0.00479700366136239,0.000754663529412425,0.000978259083969573,0.000771743600242488,0.0010311535677631,0.00196522283039232,0.00458759699431906,0.00131397603350947,0.00277283704117906,0.00139953336342473,0.000864869220849796,0.00101111261530742,0.000866412761398282,0.0011147983812379,0.000994447734708397,0.000966081274994138,0.000876225395394868,0.000929611879593241,0.00111567933670451,0.00196126798581091,0.5,0.0010741764933807,0.0029149275777841,0.000982621790800053,0.00571872046029168,0.000778115833899657,0.000933646349414953,0.000929717002564587,0.00544075048061759,0.00161953233683371,0.00123803089140223,0.00342629262710735,0.00132889079114179,0.00090934603079321,0.000976554296999105,0.00152412165761705,0.000993975155536854,0.00546249889702792,0.0011388416356066,0.00296776846309253,0.00132251768242235,0.00100763397798729,0.00110367176678752,0.00372684276742548,0.00405332586515159,0.00150650469733579,0.000883409513096584,0.00886536341920199,0.0012441133954271,0.00108945812123579,0.00090676848832228,0.00140322180571678,0.00410017816835602,0.00184819165218902,0.00118883219205458,0.00655516406436245,0.000724095410858656,0.00483943502430865,0.000891973334420822,0.00134600964095995,0.00517851615339163,0.00109228183923294,0.000877969353129266,0.000895227589356266,0.000894334528201623,0.000954080362938496,0.00389665458039604,0.00112533200128015,0.00579704216034437,0.00306949773951632,0.00172479681934357,0.00441766416611707,0.00134107609101114,0.00122370425360756,0.00122320087494622,0.00062626917857225,0.00107756063052757,0.00105295835950912,0.00133888578296735,0.000902435010253242,0.00135674565464195,0.00150144075771972,0.00761332784360778,0.000965611473454031,0.000851954674192853,0.00134485277649109,0.000730254182744427,0.00309286772671182,0.00513390119942902,0.00668486824437635,0.00138914728424281,0.00285343995526094,0.00127848993185158,0.0012585512401604,0.00546673978363241,0.000799145746775923,0.00399436184513013,0.000760839795843779,0.000798627979077095,0.000723003080644781,0.000729041356001214,0.00190586125885822,0.00323296856756892,0.00217603003999687,0.000925438520681192,0.000881535764994273,0.00101706920389747,0.00178129570630805,0.00119044712536101,0.00676575251723163,0.00096480577842381,0.00152445274006508,0.00157900263923203,0.00506715762315846,0.00293486241953213,0.00784385108574367,0.000748137061183104,0.00157912420466004,0.00111922270096974,0.00571785882501306,0.00535305320068191,0.00555546540184519,0.00504203537378155,0.00577184196705642,0.000819359238262236,0.00087131958445366,0.00469388732954082,0.0007233121631489,0.0043894106507513,0.00756984790532939,0.000830833159435852,0.000866892711849621,0.001221818218388,0.00513231455116192,0.00078701485395392,0.002810216979423,0.00782964311690386,0.000828140337827794,0.000978067076276324,0.0011210207269375,0.000970071291313461,0.00172932549075664,0.00279371460281314,0.00146015294158748,0.00163294639881243,0.00548341948482565,0.00542206964451974,0.00113534892605906,0.000759087430475648,0.000782731202894539,0.00125996124619795,0.000787411592880728,0.00140336829412585,0.00136801550206028,0.00126771387901666,0.000953274978799717,0.00103268767627584,0.0009218812250148,0.00468600392551434,0.00137933399831427,0.00407851421542882,0.00946885935511024,0.00424473834451908,0.0043595075189182,0.00148084076505795,0.000840779025891044,0.00535542871687929,0.00148848998854696,0.00213727108294295,0.00682547721100651,0.00198697511054298,0.0046856601618148,0.00579727354952242,0.000920862556497801,0.00164953618869728,0.000814594940434619,0.00144256446097753,0.00798304173828649,0.00125762112764334,0.00310182245946352,0.00460220712060028,0.000935672753424153,0.000858955460416821,0.00449986230005617,0.00783481861231995,0.00158258362338938,0.000853070609590288,0.00159127806679711,0.00111624696276019,0.000825818325992434,0.00530166743239395,0.00082963156061248,0.000808340181673661,0.0048877611439712,0.00275757278111772,0.00143389885882635,0.00141346011842183,0.00139828173580517,0.000795016770481589
"KL0008",0.00106757178704197,0.00121114644974815,0.00219830204858418,0.0012818962142247,0.00105169672907569,0.00118138468813601,0.00702978786873999,0.00107264665929853,0.00667924182376251,0.00103389526598338,0.00636720835576502,0.00104681310337532,0.00106527107186256,0.000991081019694364,0.000989594920592698,0.000808186626366556,0.00108374945810263,0.00349026583353074,0.00385071828095769,0.0036284753057208,0.00245687816054945,0.00336494403089194,0.0012486562982193,0.00104253631984473,0.000905691145155947,0.00507136596365277,0.00681971807190758,0.00513772688572839,0.00126222843126347,0.00126804739189904,0.00107517925240236,0.00625796352638305,0.00373073039458139,0.000986788907832103,0.000972422596753323,0.000925983440058515,0.00911251666931834,0.00681325094667059,0.0010741764933807,0.5,0.00322476332279228,0.0024781274275832,0.00224825063333665,0.00383246157356924,0.00412645478923866,0.0042234437968211,0.00394190799752481,0.000919720112110635,0.000965551974568712,0.00132903962515527,0.00103661729781333,0.00390040786084503,0.00119715742070607,0.00621018073157284,0.00407584683546354,0.00098133098017694,0.00112323421593801,0.00169929667193601,0.00528011729613378,0.00123760393788883,0.00350416897766269,0.00111292769200652,0.00101300023748411,0.000976939908377257,0.000986471203196815,0.00101951919457978,0.000973004501647736,0.00123871070271061,0.00402891554538745,0.00106593700154957,0.00106266086009721,0.00118712388270374,0.00337597141834827,0.00119951769602565,0.00126199470326576,0.00129413687441298,0.00103154433601334,0.00146975488667192,0.000950281756845879,0.0064252915913505,0.000973242052014782,0.00106473418214004,0.00103454485678643,0.00387306585181989,0.00517650529380105,0.00116252992921095,0.00108025018576874,0.00158732022070665,0.000856880440659722,0.00693126807658876,0.00706737794151156,0.00612314969113638,0.00556034102167253,0.000783464771269429,0.000998210742324394,0.00114406755786268,0.00104868909201895,0.00361525615733664,0.00378327796970905,0.000900164977863818,0.000999875104453366,0.00140363731527262,0.00102532627338159,0.00108095283980775,0.000887672578411361,0.00111292635862923,0.00104604728420564,0.00103042942880638,0.00101961708708388,0.0028021717791274,0.0068770354831681,0.00121219018329214,0.00112746194692244,0.00330318486850782,0.00108068015206442,0.00087151528191821,0.000858298955462054,0.000900506849287925,0.000883890992288906,0.00111385691633437,0.00110649448117455,0.00511427862319826,0.00108360579477877,0.000858117603028436,0.00107385453946576,0.00106466848697827,0.00576086599091264,0.00515814781210448,0.00100306786935609,0.00443768172555829,0.0010590810584387,0.00112156328057871,0.0011127105033722,0.0010608736367826,0.00361118148948909,0.00105652786980367,0.00529310146784764,0.00108457454624821,0.00105786743370889,0.0009634027537008,0.000959233002503267,0.00106636260894546,0.00222086972798419,0.00104014255500414,0.00130140126743326,0.000901848445975891,0.00100287846901239,0.00102904185481099,0.00371877122857831,0.00320321184312432,0.00119182641775017,0.000959317425938844,0.00365537193793177,0.000987599547091059,0.00105371150035691,0.0030452235965553,0.00122044872641917,0.00813321719971759,0.00623394059115626,0.00156638495819737,0.00143685821042727,0.00468776050525575,0.00101473237901422,0.00119445583423154,0.000871130698264665,0.00875332578974251,0.000932821068122877,0.00212765045208567,0.00111504374241738,0.00120527684277715,0.00101459731856211,0.00109187375561415,0.00116437958099136,0.00101500927652154,0.00646316734108583,0.000912109847618747,0.00135050228867484,0.00200549259510673,0.00110525072645628,0.00155004904015633,0.00152026502064216,0.00140517272138669,0.00304211595007749,0.00107129861129057,0.00134586380056354,0.0031485835320243,0.000969824662524727,0.00533255380187892,0.000977388685693083,0.000988932204215997,0.00107686094518551,0.00110792424297685,0.00120425618010203,0.00150817778667899,0.000937683733953199,0.00139772940160326,0.00542136183280239,0.00383658287314438,0.00113841694411362,0.00126045732308353,0.00320412254659474,0.00102682806370355,0.00111520279355753,0.00526800487699419,0.00114652943364296,0.000792831239786025,0.0062354482133732,0.00337658995756086,0.00106983209815576,0.00342169087367911,0.00139141815184656,0.0039317069561452,0.0073027712765491,0.00697687647968906,0.00106740811776161,0.00102395008341395,0.00117837884861389
"TT0055",0.00114384414947675,0.0009311741112201,0.0017053557504144,0.00242069302965439,0.00662476308347373,0.00359160384940809,0.0012252453691872,0.00113449163151393,0.00117324011659143,0.000868378040637137,0.00337841502493463,0.00090753427121741,0.000911241886231905,0.00107162321168374,0.000972985564764305,0.000626850460396376,0.000865049608950265,0.000978927528774865,0.00561560194695226,0.00316214857432237,0.0036574992699409,0.00216085153554198,0.000931021716835415,0.00766271965779938,0.0063522399298108,0.00083530341728594,0.000975787604775352,0.00115105941165968,0.000955410036995371,0.000948611265501527,0.000844487961112492,0.00083669354785873,0.00113306158926868,0.00104452135488301,0.000925924039324628,0.00099145352377945,0.00108445176911421,0.00332844666182365,0.0029149275777841,0.00322476332279228,0.5,0.00442670605778584,0.00762278514844367,0.00118292387293793,0.00237723717537557,0.00136605002042697,0.00523464335868818,0.005158668570146,0.00160753057836391,0.00259044133290916,0.00240310448146498,0.00388842824412196,0.00108653984035461,0.00106491624727757,0.00388659389207882,0.00458204770697897,0.00113732278409588,0.000982658424647533,0.00100182685880357,0.00089555061703001,0.00118213485183359,0.00219529544948391,0.00191745693063818,0.00261981175585121,0.000911636694077662,0.00458749858258688,0.00144877397289662,0.00232488467304963,0.00418009322012271,0.00204058105228656,0.00610475032729935,0.00928300916968537,0.00406891648299797,0.00131406618814666,0.000907776188328249,0.00119872292385623,0.000866148293827087,0.0011427215770352,0.00424269169640209,0.000866071632436061,0.000927708933071888,0.000837534638800779,0.000867502687350323,0.00115676580141233,0.00101162241890911,0.00110991753946713,0.00500261031446728,0.0011258988980624,0.00570558427084869,0.00111850237043971,0.00132825306932631,0.000973196610651074,0.00360636800065456,0.000616121904061731,0.00117582711238772,0.00100399545848181,0.001972855443943,0.00380762673149557,0.00545045443648144,0.00256646365198105,0.00530700219392538,0.00366360948034261,0.00077976125918348,0.00216345600396548,0.000792667901024823,0.00212526571357039,0.00528389102775749,0.00498885596983835,0.00214677313055031,0.00105551900954966,0.00111417682361996,0.00125709339021709,0.00666616389995019,0.00318789312073149,0.00103366453763318,0.000800816839377676,0.000865548486459354,0.000798971519351935,0.000791526275549358,0.000877806917206504,0.00100963003020477,0.000929220551119732,0.00110267117061576,0.000928025562872843,0.00084743912192211,0.00572755379917865,0.00123402140179989,0.00120734287952183,0.00111428041569025,0.00193418745846605,0.00567745096941856,0.00554285008737033,0.00215673448380044,0.00452537274291993,0.00309213447774559,0.00372946581879179,0.000831897325098701,0.001898596785372,0.00146998849092163,0.00469278214922469,0.00138460520057708,0.00111670881243967,0.00196275727506941,0.000840620938561852,0.00115023561028509,0.00082327859441368,0.0011553134751137,0.00212647392480434,0.00196978712156797,0.00105270749475942,0.00118195512337327,0.00553822648461158,0.00103945118114914,0.00623665418955983,0.00533667932697935,0.00335880879279258,0.00102701539973531,0.00329194911214841,0.000835152327397852,0.000922560100595936,0.00082119739399638,0.00111981384672191,0.00521912577261516,0.00425578425574237,0.00270113462153144,0.00111850045615405,0.000736755534754561,0.00323755926169722,0.00446935455082141,0.00323988210934186,0.00405522420770872,0.00254484601521218,0.00445624629750011,0.00118339677763823,0.000828671807480343,0.000967688963734057,0.00119726456051013,0.00246946630709705,0.00102560788129935,0.0012073359336418,0.00086557121316099,0.00098527013023582,0.000909718849575166,0.00200133501752118,0.00147859745745238,0.00079097936874576,0.00204602953392287,0.00120776223545693,0.00123740201863111,0.00111257673469002,0.00725486119190807,0.00319553503662741,0.00317051206598951,0.00118733235092433,0.00396467877967369,0.00141403385781831,0.000903123124550751,0.00678791663504082,0.00829296398031502,0.00150252296158612,0.00207452008067949,0.00623701925031293,0.00170427675385849,0.00120971275261986,0.00111366471500992,0.00549212513368971,0.00083747834254552,0.00106699415551778,0.00142599415678848,0.00108912315755693,0.000951295953652198,0.00139735623784299,0.0052849521216643,0.00112754876596163,0.00210097655510337,0.00227942154453816,0.00323050437661311
"TT0054",0.00254739730536634,0.00233445793671346,0.00111425890323713,0.00267117342993981,0.00109115631140729,0.00254903271781932,0.00112591873629106,0.00114929571566819,0.00366514831372448,0.00244328230631482,0.00441241783046811,0.00256712372497401,0.00256958690798485,0.00247595546517531,0.00249851836393698,0.000967319302482374,0.00245741127567207,0.0011334316725319,0.00245760510171124,0.00358100347472145,0.00310300288489699,0.00259670014937733,0.00225869249657368,0.00105410835525428,0.00111965944150776,0.000916871694811843,0.000972809380803987,0.00215424306266472,0.00100049214896671,0.00228923223621824,0.00244022443194771,0.0010135801087767,0.00266788958698459,0.00247932288573011,0.00249308020915992,0.00247870776580002,0.00134502476170256,0.00376158227999527,0.000982621790800053,0.0024781274275832,0.00442670605778584,0.5,0.00408088191240791,0.00352538143830855,0.00559696930088021,0.00551742023846579,0.00444792851483943,0.000891273372660618,0.00100798250328496,0.00293834057524978,0.00116021947236263,0.00610715425261369,0.00263055133057678,0.00117574490643584,0.00405260400976028,0.00106983176644834,0.00251801234085736,0.000905571953794674,0.00100890011088347,0.00222004196326353,0.00255142335165141,0.00100523475043212,0.00107924846116607,0.000867843556145374,0.00247828249355326,0.000996831955965104,0.000800326851903738,0.0036609897836361,0.00593303346141625,0.00107597228346711,0.000964355826414322,0.00392673934492066,0.00445871059012599,0.00241299197943482,0.00135235585515498,0.000858178592502844,0.00244177970976331,0.000747156877549705,0.0010804182651328,0.00116618650853241,0.00249739726967381,0.00243847290484026,0.00244519372709778,0.00278873197040703,0.00103170390032463,0.00237381113290657,0.00116711277727799,0.0011300790023611,0.000952002457234786,0.00102210788219127,0.00116646695837435,0.000925559998955699,0.00392927277353365,0.000960440537030728,0.00261621290361898,0.00242237205321167,0.00125154143326332,0.0057289744281904,0.00222517534677696,0.000983162792433738,0.000948128617208328,0.00557635431998613,0.00232073380676658,0.00112137252020824,0.00354708677021969,0.00101147710958898,0.00122477613381493,0.000940897701365218,0.00107772881816545,0.00102720528568462,0.00105897496864478,0.000857228414390652,0.00223628886323717,0.00617105271662966,0.00347537454953956,0.00344668792397676,0.00345649325835733,0.0035477490522357,0.00353210168660848,0.00345823624539104,0.0035512979355001,0.00104971983556077,0.00367083559915773,0.00345875307072227,0.00117039951498028,0.00105512354191402,0.00131110171520562,0.000961445291880034,0.00352103247253313,0.00204502998273049,0.00101183595556208,0.0010589701815189,0.00379415388724192,0.000931730746109742,0.0060062880912405,0.00383266333094318,0.000915559771218185,0.00111233063459199,0.000938657962024054,0.00109284268628256,0.000912325194688368,0.00327873837958934,0.00485580113301642,0.0033637782701587,0.000858055999909172,0.00354587576480593,0.0008082232926805,0.000964453980953767,0.00380614910599834,0.00356649103826297,0.00135785136996314,0.00106964283466261,0.00379985524447755,0.000972930851194132,0.000936820490996762,0.00657828803301006,0.00109802047587794,0.00375203911016732,0.00117545879692745,0.000888200877150328,0.00100667038817401,0.00101527631270439,0.00102473312431479,0.00406848293667168,0.00104806192323749,0.00129616553423328,0.00342145644777764,0.00637316088895317,0.0039107262096868,0.00648853321876012,0.000883797888778018,0.00228702445069979,0.00388531872343263,0.00356475523439796,0.00116824565315557,0.00349995301995808,0.000951136276500539,0.00106814632033172,0.00358002300695737,0.000903620084104539,0.000799849199772077,0.00089036525996714,0.000917637360227236,0.00473193055516798,0.00103471131316807,0.000837540958958426,0.00106697379338699,0.000962029510543693,0.000826052258111447,0.00341310168862518,0.00110142970933996,0.0061779201443564,0.00363304032730695,0.00145761544350845,0.00102295620326618,0.000961295996704169,0.00090891005874114,0.00133170229417187,0.00436252528120725,0.00101179848970529,0.00602347535661338,0.00223147242427446,0.000936708624626261,0.00110110606217473,0.00376420254884906,0.000996787832740863,0.000979142248544222,0.00375198061746952,0.000927207639101202,0.00375806157800655,0.00125735941844997,0.0012087880310321,0.00124817044397616,0.00110495427511748,0.00106550999592791,0.00109721959652314,0.00637857632358156
"TT0057",0.00120739203415295,0.00111474345015578,0.00592471556866459,0.00130075230990098,0.00638295300952352,0.00126357655915529,0.00361998856940633,0.00103091572673815,0.00121789261098356,0.000963009159643975,0.00246375695445216,0.000922876975927243,0.000900633255893516,0.0011106663459753,0.000953355200594192,0.000699310924619476,0.000946816820358031,0.000926243263630597,0.00601629215313983,0.00312080055550631,0.00390124839420171,0.00117880667665948,0.00111745345732823,0.00328830206950402,0.00550017036843661,0.0011769839655676,0.00103385567790788,0.00135516220449195,0.000907971706960698,0.00109355466090073,0.000927330271982869,0.00109858517137821,0.00112044897852303,0.00105100274969046,0.000920881061874546,0.000993365950295173,0.00115911000200035,0.00240862320878228,0.00571872046029168,0.00224825063333665,0.00762278514844367,0.00408088191240791,0.5,0.00109416612508091,0.0012516703736635,0.00121840837688142,0.00644781660746407,0.001500153222031,0.00118512796744332,0.00128043414467383,0.00122347452882753,0.00248005038615164,0.00109955098457992,0.0014868272575113,0.00121655159172025,0.00659344449147669,0.00120584380253882,0.00170997325835742,0.0011838491831768,0.00110283198184639,0.00123056388760748,0.00119584313097923,0.00119808783904263,0.00445069226111347,0.000950581158869081,0.00642344504219851,0.00110389831613024,0.00126751390722688,0.00255556345455785,0.00124043847523762,0.00283518975087359,0.0058824032267495,0.00131734201224175,0.00116679998018458,0.000926414967848101,0.00611761103875617,0.000966700123623087,0.00110446366957643,0.00623008570139083,0.000944160465199092,0.00092267832366849,0.000950412645052706,0.000969307254764062,0.00110135260095394,0.00116819795025607,0.00119355674225599,0.00968067475790888,0.00294494708029771,0.00181032024770246,0.00111517152201083,0.00136298535075576,0.0011450919664671,0.00379725319686687,0.000696406540025716,0.00119279820360703,0.00114638641854495,0.00134890404470463,0.00239977698112115,0.00136610211062724,0.00132513375776943,0.0023940906334924,0.00247736548410065,0.000913889210069917,0.00123666164134995,0.000786843734234362,0.0011457288181419,0.00634326899929184,0.00145928226183227,0.001268925481863,0.00168973502472508,0.00118270689525452,0.00116586068144157,0.00767760803733978,0.00326515854930531,0.000960409363118071,0.000819806194160522,0.00086951522836941,0.000780501395643956,0.000790069938105045,0.000910688466046818,0.000981247363492514,0.00106771229260647,0.00105913389174879,0.000943062361185712,0.000886859506144986,0.00305072913520631,0.0012891526958526,0.00114604701574411,0.00108165339155149,0.00239699164454481,0.00270307324749993,0.00619837224746434,0.003557226309944,0.00136823186074649,0.00203830905176951,0.00123698425599989,0.00108310257993886,0.00629633689522562,0.00578313985640202,0.00673735033617913,0.00545067927503852,0.000966911590043948,0.000988994127384385,0.000952209132133323,0.00496589613588187,0.000792664307001342,0.00120705698181545,0.00117546268784385,0.00102689565022591,0.000981932630286342,0.00186682742155012,0.00634184264136219,0.000965771891467761,0.00453184882687987,0.00261803699909116,0.00333880985555499,0.000846220742897706,0.00228253622073095,0.000930909774684966,0.00161565305373381,0.0015812229413819,0.00132095198950026,0.00161177860949511,0.00854983302168949,0.00588539845048409,0.00122066200173565,0.000823394653618494,0.00212723300439737,0.00429920664584644,0.00317862310090057,0.00126736274451778,0.00234228274670287,0.00356513979215679,0.00105717872768337,0.000909704893769414,0.000982524370542506,0.00486333013699849,0.00126186982840904,0.000922741905426822,0.00306871808471721,0.00305918035893449,0.00314202066639572,0.00127610732991785,0.00106016039081162,0.00574168715919994,0.00136718680483912,0.00124985147375962,0.00111200505099095,0.00135391111179352,0.00103686021838874,0.00696196234129976,0.00222690845063769,0.00116927071787071,0.0011056965794542,0.00128654422168114,0.0048739136862121,0.00116677538081928,0.00522103747516845,0.00824723570932737,0.000894000508336517,0.00112013972698578,0.00551499910587973,0.00594447858563837,0.00417356795451343,0.00103648238188411,0.00254827860317718,0.00110217854180516,0.00100106294669835,0.00570923951061855,0.00101340821176611,0.00103530020010358,0.00523458401981163,0.00205455248752142,0.00138960728323757,0.00128671584679083,0.00128968519918927,0.00334871606752608
"TT0056",0.00106844424854413,0.00124903982644244,0.000923789682761296,0.00115519336846982,0.00087124787763131,0.00122764058251052,0.000887430596248765,0.0167258579432596,0.000976410695878186,0.00125536673399421,0.00102352157785374,0.0012600663408309,0.00125059639302954,0.00105094652254079,0.00105270462155107,0.000980020493713439,0.00137335135376925,0.00490933250629244,0.00356603195129835,0.0279449419590961,0.00224494858526372,0.0257164558622508,0.00122205829458416,0.000851364717433926,0.00072826946279135,0.00107867450393758,0.000937432793906312,0.000999817290042045,0.00310570854454949,0.00125378367305564,0.00124981044423181,0.00124593663594935,0.00327767468326906,0.00103686286410114,0.00118130652170342,0.00115867536030065,0.00384502987840255,0.00112913399309644,0.000778115833899657,0.00383246157356924,0.00118292387293793,0.00352538143830855,0.00109416612508091,0.5,0.0042666742041678,0.004290682473244,0.00366643542664513,0.000898340266833244,0.00108235199442952,0.00140705492172238,0.00083079327939763,0.00404329674852384,0.00130884049938458,0.00359432697358573,0.00363794924179611,0.000853499847163385,0.00093842343512302,0.000802655098307574,0.00085680013427114,0.00131935561980001,0.00329991284410027,0.000862638023283419,0.000851239737061521,0.00115534791786943,0.00126204276044022,0.000809327857186956,0.000954787986310465,0.0012378249130352,0.00406315992071574,0.000857789414009812,0.000825104746398,0.00130918216074307,0.0037491824525262,0.00101263954299354,0.025109174982542,0.000937714812505018,0.00125190848509707,0.000956224523492356,0.000848046336921862,0.000950961279607508,0.00118301816803276,0.0012631571071922,0.00125447946336012,0.00350010123057059,0.000730667329672973,0.00112703823540933,0.000852949537873909,0.000763475260460118,0.000852345402915722,0.000795072894402284,0.000835106091223304,0.000866200033722036,0.00105453102100554,0.00103384227685476,0.000915331054608657,0.00119910920934217,0.00121536376352312,0.00349706169089665,0.00363117423275657,0.000932157660785312,0.000806399503068956,0.0032365904057708,0.00116384046852276,0.00102326600487677,0.00108001166799553,0.000778920667369484,0.00108297716445883,0.000859486170953386,0.000999473174392053,0.000720481048445504,0.00102167139736115,0.00120037525643973,0.000877411817904493,0.00323513116463397,0.00086721342552679,0.00106259304618037,0.000914637876439512,0.001062739695283,0.00107626381001625,0.000987001661052835,0.000931561416340332,0.000734892469789537,0.00109274855945644,0.000928786330762809,0.018600095165867,0.000937942817928607,0.00105838357551549,0.000777012815432856,0.0010591141787032,0.000831259206005967,0.000865427474961687,0.000815402481834075,0.000857409711267684,0.000772289581165301,0.00354027372596627,0.000895313433001477,0.00109130381721464,0.000745139868227717,0.00110754392498666,0.000887230343881015,0.00116881262599045,0.000847023759849431,0.00186988083281098,0.001046609838603,0.00107901514324087,0.000937649815595987,0.000668125187420767,0.000792870558651241,0.00362657685396212,0.00298419441192976,0.018864163846968,0.000809432633491119,0.00350481694072057,0.00103627108075833,0.000757718554315692,0.00296894637558816,0.00532976120758794,0.00342024428266359,0.00111431503394905,0.000801788054549942,0.000966222418331304,0.000914568125564626,0.00100004251344516,0.000902714008859317,0.000842163999408392,0.00305334435505535,0.00109469984715417,0.00311725083712452,0.00217739102633605,0.00281667023224112,0.00100987072241461,0.000873605416875545,0.00341269908436264,0.00107045640718988,0.00102898127109184,0.000917338306782689,0.000814501756361547,0.00108557435793002,0.000906721828705057,0.000750642709105525,0.000953562542843834,0.000792211581168413,0.000741990264829205,0.00280217593289437,0.00108541236902676,0.00106189648275358,0.00100291053064507,0.000794333967357701,0.000752838139985888,0.00092276424348681,0.000702371025796217,0.000958046771071936,0.0105329451374323,0.025844332327064,0.000797167570845568,0.000810540990430442,0.00094819070309113,0.00345509239113717,0.00297552731196943,0.00391655710524573,0.00102484452999903,0.00100976903527654,0.000816014134296008,0.000735627025005911,0.00107798571038986,0.000830244006349253,0.00118491968459188,0.00346733756297862,0.00111419077210618,0.00352305341207514,0.0244972212345994,0.00351532860063245,0.000794889801024302,0.000872653616146308,0.00101459996482753,0.000991579761473757,0.00215999727191897
"KL0003",0.00239840905291925,0.0022384793123947,0.00108166535292083,0.00251320045231574,0.00100017752523373,0.00242299987856014,0.0010482608338874,0.00123550606269461,0.00353061698894851,0.00232547496126965,0.00339801180094042,0.00244167994522922,0.00244499975467917,0.0023572015714227,0.00237403172128864,0.000982563756227598,0.00234275871591895,0.00421837599779029,0.00408237523154495,0.00405301128461996,0.00279179962788525,0.00389024888919594,0.00216833309206616,0.000969510422008147,0.000994359801441563,0.000891605179300023,0.000984803020138275,0.00105465480751148,0.00155841818833878,0.00223722733661417,0.00232438149141699,0.00103897567939132,0.00254348978569551,0.00235363280336802,0.00237026522427984,0.0023559132465262,0.00437413411911731,0.0033207687579598,0.000933646349414953,0.00412645478923866,0.00237723717537557,0.00559696930088021,0.0012516703736635,0.0042666742041678,0.5,0.00682868238536182,0.00502540479641814,0.000930142112486744,0.00104660738920665,0.00277655577076366,0.00112671142836603,0.00600777229595311,0.00256267816271998,0.0012253995007049,0.00395082539597559,0.000980246138868286,0.0023978498179792,0.000886519221689584,0.000978465006159091,0.00213246376383509,0.00243707012916362,0.00107455602588378,0.00109528969918171,0.000938572355101102,0.0023570611964256,0.00093129623455634,0.00110987931911617,0.00239999612659571,0.00543013680021923,0.0011433671450097,0.00103839085761963,0.00359572368644398,0.00485895027318095,0.00307259465261624,0.0015337519957672,0.00085633167922464,0.00232408220710833,0.000942945344617565,0.00100463114953407,0.00114340487065188,0.00237437219939004,0.00232440447677441,0.00232737183563606,0.00406220922057817,0.000997195160749556,0.0022878549381081,0.00104858401033018,0.00102819798771594,0.000938919706052431,0.00102169447806158,0.00186639823301231,0.000940825328461546,0.00223712911537707,0.00097571339496521,0.00247949360010826,0.00231798999871885,0.00358790320171419,0.00511024195428495,0.00424288965854302,0.00106180047582949,0.000945902287349826,0.00270277561692489,0.00220836786245949,0.00223580945105781,0.00338381509054237,0.0010541657697925,0.00112268901039602,0.000956278660485708,0.00109379234121915,0.000945051477269424,0.00104129358565345,0.00354756446102163,0.00108106407277263,0.00580112002005504,0.00332265810342923,0.00328922672584861,0.00329603516743241,0.00338258898370747,0.00336919089160037,0.00330759713003063,0.00340987650152381,0.001005703674527,0.00348860625108,0.00330265851411191,0.00127288770389787,0.000968452435487222,0.00120144689475422,0.000946864902007355,0.00337273233296964,0.00103801186973788,0.000995291124315458,0.000982619152687574,0.00355355406912683,0.000939487541112073,0.00473579696246706,0.00360048639909769,0.000938383213086599,0.00217398136465181,0.000902255375641384,0.000989722779115357,0.000960970747180706,0.00314307186283047,0.00366747976839968,0.00323636039693558,0.00084518979860285,0.00337945877734329,0.000783911300197699,0.000994615467130096,0.00626585374912561,0.00569364853709723,0.001422075662256,0.00102925404095767,0.00597707734633037,0.000917742639275945,0.000916157829782525,0.00595518193343844,0.00198325355400295,0.00368941389915319,0.00117931713275031,0.000919913486309114,0.000987697132799377,0.00321946178654428,0.00104390666966918,0.00353489765246727,0.000983757234895845,0.00125737763500063,0.00326693578692806,0.00472866961833111,0.00143643385360164,0.00471156341674341,0.000938218944134486,0.00119809529115366,0.00396077522979939,0.00341353206196974,0.0011740780837637,0.00333297268969293,0.000918110748849094,0.00336764842872131,0.00338839181844613,0.00089419869831882,0.000816080835763435,0.000874446102368941,0.000914871027476241,0.00351281717862591,0.000972635486943425,0.000836632804794175,0.00110388545921805,0.000973493609950811,0.000847544174056099,0.00327177304630448,0.00100254280944108,0.00566141605246142,0.00364248810987922,0.00165241343650642,0.00104246400409289,0.000926729627985237,0.000916098159017582,0.00248546744591971,0.0035796848806973,0.00145208852896413,0.00361229885137118,0.00107327834448771,0.000976424493181771,0.00102245173811743,0.00352492356532368,0.000981335266388092,0.00100534781837307,0.00631978673335364,0.000904486933600528,0.00650581227185291,0.00146960834712134,0.00404050232116926,0.00115555452803034,0.00103492025296396,0.00114241017746641,0.00113391344350581,0.00374939437484361
"KL0002",0.00250699006616517,0.00233398975915953,0.00107921002122937,0.0026093588684178,0.00100345791638574,0.00250905992521475,0.00092734887468642,0.00124913756671688,0.00368375931451284,0.00243294655016138,0.00114349192026328,0.00255883378649454,0.00257740774542549,0.00246617845450356,0.00248803197007832,0.0010361898062654,0.00244987408755946,0.00452227033849634,0.00491105255899713,0.00417571575562392,0.00286040387927577,0.00422366255679024,0.00225824613806571,0.00101187123290802,0.00103745869715989,0.000819718015434508,0.000908083182578278,0.000925442978113699,0.00159376678356611,0.00235158279653361,0.00243109589193395,0.000998605913860132,0.00271226425720287,0.00246755682456695,0.00248200677368676,0.00246786918270337,0.005246182386822,0.00116134201904465,0.000929717002564587,0.0042234437968211,0.00136605002042697,0.00551742023846579,0.00121840837688142,0.004290682473244,0.00682868238536182,0.5,0.00543436018291161,0.000966583828381324,0.0010588745576711,0.00288872846945579,0.00115114739236993,0.00596723317204532,0.00270440691992801,0.00123278395045333,0.00543604731739657,0.00100232975051663,0.00250775225671362,0.000863384052743399,0.000911660190351378,0.00222056329649166,0.0025729584200461,0.00107161931253598,0.00111416809232019,0.000959294528984179,0.00246841215961625,0.00094638263937019,0.00113400988322948,0.00245516974625527,0.00549726764292702,0.00114081107352175,0.00103674768606777,0.00355140747048632,0.0048798061077633,0.00238978979281347,0.00160234439521677,0.000849477230279171,0.00243141471701124,0.000959917633268399,0.00103016743841817,0.00107731001532735,0.00248629547565791,0.00243083228796828,0.0024348058644153,0.00594174491790145,0.000921335121621008,0.00238691841317895,0.00106977243331169,0.000989215067532483,0.000992374089267432,0.000940845842396612,0.00102827367791362,0.000856762168906393,0.0010979026679716,0.00102932695302724,0.00260163913214869,0.00242062142745301,0.00345821741715642,0.00284922378475698,0.00436056665275178,0.00107662752375156,0.00097363986361838,0.00275412055386121,0.00231599799361342,0.00124631236299926,0.00352361115699208,0.00104247864459789,0.001096875724969,0.000984482702263382,0.00110172383833749,0.000913174112084749,0.000971715474309555,0.00357152410872954,0.00104889068765003,0.00478130774313907,0.00345892608691951,0.00342467710117509,0.00343199069468042,0.00352438417039518,0.00350868889381566,0.00343455274002364,0.00358303583703376,0.000937513288498998,0.00359051003498345,0.00343721305844161,0.00129843005417135,0.000998228510447461,0.00114040316445453,0.000875400856964007,0.00347899360090013,0.000963399093449717,0.00107376028104212,0.000985225910865831,0.00366450114548373,0.000961964402083166,0.00592790213909594,0.00371808365011513,0.000875421342903718,0.00106777261596846,0.000903669082215596,0.00101361168438513,0.000965807066317993,0.00325001335180618,0.00380739352172977,0.00336022285860706,0.000841370961239674,0.00352264035174312,0.000812629285460194,0.00100171443361658,0.00688324918931279,0.00599727719115905,0.00140654335726853,0.0010374435015893,0.0062728259564904,0.000967515409018211,0.000948757298171333,0.00584773803654909,0.00141444598697707,0.00131375241029933,0.0011523529557231,0.000909975907654922,0.000969052198860221,0.00208939701491847,0.00105751110259158,0.00119245765283536,0.00100322969398319,0.00121061715522443,0.00339899711615299,0.00477997931921646,0.00139871893068721,0.00381569546022126,0.00097241205975848,0.00117017455373517,0.00381464025296386,0.00353282326784307,0.00113316146862136,0.00346692448162862,0.000916174542494563,0.00376174679857743,0.00351536149176358,0.000872341799790823,0.000799559406566116,0.000863946459404017,0.000878005021893065,0.00363843718379697,0.000978722795033759,0.000794527384616402,0.00110402010110856,0.000905783132853788,0.000890800564413539,0.00337366678412763,0.00100945574762698,0.00559428213262731,0.00343631200309052,0.00172243033980184,0.00106816897474205,0.000885493543438395,0.000843309287640592,0.00415775448629014,0.00232689040447329,0.00143760398058455,0.00370476090434632,0.00108236959243364,0.000966775882926399,0.000956283869280337,0.00366318005281324,0.0010381590106091,0.000959802891470811,0.0071778371834647,0.00090603272308073,0.00700358345109262,0.00153165819562502,0.00472064862517078,0.00106623549695113,0.00094558906550336,0.00113461543106657,0.00111129250256909,0.00386092989777092
"KL0001",0.00118824297846484,0.00109126339997301,0.005708053980643,0.00122609372837915,0.00474209515008163,0.001227047185118,0.00122340372082455,0.00126020601664895,0.00344104067106347,0.000983618443875544,0.0036416373932967,0.000955798419734414,0.000945599776001454,0.00111228348816673,0.000958816150547763,0.000712064278859469,0.000968819136882915,0.00370057145819264,0.00824365269888477,0.00392624054623192,0.00126195019654666,0.00384486097874864,0.00109081272589699,0.00171848113703154,0.00482267549590549,0.00110805601954603,0.00102789063781521,0.00125040158501785,0.001420924554617,0.00111977821978349,0.000957785253646357,0.00109327225799165,0.00116376465212175,0.00104071524522554,0.000952245546269921,0.00100391351998415,0.0039677523691318,0.00325916429302234,0.00544075048061759,0.00394190799752481,0.00523464335868818,0.00444792851483943,0.00644781660746407,0.00366643542664513,0.00502540479641814,0.00543436018291161,0.5,0.00127640842084215,0.0011045550566416,0.00124610834831072,0.00105984629908171,0.00437706633372158,0.00110840020058401,0.00156005397605309,0.00247851250290007,0.00594040913281444,0.00120644916844581,0.00163621756402625,0.00114431459991475,0.00107974421382165,0.00124884822332714,0.00112199189790377,0.00110188334693307,0.00110481171753799,0.000973315686137147,0.00575635667981718,0.00121801122443186,0.00120361248216519,0.00387164987079537,0.00120213451862045,0.00171862570451303,0.00532311507973065,0.00498804389461987,0.00193155172305842,0.00133418668534854,0.00490409053980852,0.000986196633304032,0.0011907818480391,0.0056281042389908,0.000921309522222507,0.000954146814428656,0.000980661934848383,0.000988737428165748,0.00366017040969335,0.00120764844103987,0.00115805701293862,0.00637081497822393,0.00300472161431936,0.0015387721077251,0.00104915521784878,0.00126731391202425,0.00108252500367505,0.00131006640634124,0.000712614736073951,0.00115918761674445,0.00111408101299374,0.00338747144498594,0.00127148692250046,0.00407035314162646,0.00120654118180962,0.00135772554798434,0.00121604346487975,0.00093234818592144,0.00123178990311798,0.000818221330035742,0.00104737384061812,0.00565969211295622,0.00124471902003593,0.00116416530655449,0.00154674136883596,0.00109842547307072,0.00372677844279082,0.00607454378726596,0.00309139492372369,0.000952480588629567,0.000848437726824026,0.000883179581680322,0.000811827951747385,0.000817955959680393,0.00089666677986431,0.00101500686331659,0.000997690895392473,0.00101780554072264,0.000951956244595493,0.00117990462257453,0.00162470132437719,0.00117372868086417,0.00107913567495211,0.0010694331067469,0.00139316128203882,0.00131773783399124,0.00550941893289115,0.00108149333547315,0.00116767496798886,0.00315508942890371,0.00113318786273311,0.00104402783731224,0.00702422771129247,0.00553125466840537,0.00605630767007598,0.00529421701667293,0.000937954245680526,0.00101479351098309,0.000949369122426524,0.00477034715636917,0.000808367406670502,0.000883009154262513,0.00106047923964302,0.00351828037133827,0.00313290263762197,0.00137892946432622,0.00563237510660698,0.003101806879739,0.00286099744059905,0.00144795028499258,0.00319658244442523,0.00131845814686748,0.0032226559707589,0.000969500729982074,0.00159606620167223,0.00272142843335976,0.00235996732323802,0.00138290055309692,0.00592024900297965,0.00562918421337845,0.00119848809396224,0.000855828500716136,0.00111864746707901,0.00131917135413874,0.00108566219359938,0.00111030715637394,0.00124629254636517,0.00374219210635433,0.00103994264190973,0.000941682761001694,0.000986936264063928,0.00470629442966678,0.00137756382204805,0.00090278797509514,0.00416538057869589,0.00294223129949063,0.00302544833637132,0.00124506621529809,0.00100660293983149,0.00551197160182484,0.00130579546630601,0.00116123906907054,0.00104748759039772,0.00100264433392962,0.00100392828048608,0.00631711216828616,0.00326128852172886,0.00338694755711311,0.0015267785775861,0.00113560698218637,0.00465430150854215,0.00111330265297349,0.00585337446986015,0.00726003394597198,0.00136867363433597,0.00104134058941794,0.00482816087573494,0.00572832305420854,0.00141280923401707,0.00100848618416969,0.00137709436111946,0.00109284845320044,0.0036744818532969,0.00546858047003976,0.00372460435936306,0.00142838366871243,0.00777234511533071,0.00119131105748162,0.00131463019811871,0.00121324119115884,0.0011654987328043,0.00106263252388937
"CH0050",0.000910906580458905,0.00247320020872843,0.00128827781256208,0.00114301506609013,0.00503983972775021,0.00121327337228734,0.00107396680793033,0.00110652454774809,0.000961216041994165,0.000845407710360321,0.00103501950743275,0.00186319061006283,0.00185652553395344,0.000833630456618424,0.00081639387749687,0.000644450436811822,0.00200395892667007,0.000803502616388816,0.00176536770051057,0.00108794534399022,0.000892124132458582,0.00111926567632161,0.00355402477076184,0.00948143497317841,0.0046830313034657,0.0022663811810008,0.00116955290000009,0.00106953562862009,0.000741962429801344,0.00375332825811255,0.000824411363658406,0.0013780456653497,0.00088590495453362,0.000829802188146348,0.000782505011979927,0.000818198619252209,0.0010386861756671,0.00102856040838941,0.00161953233683371,0.000919720112110635,0.005158668570146,0.000891273372660618,0.001500153222031,0.000898340266833244,0.000930142112486744,0.000966583828381324,0.00127640842084215,0.5,0.00557808217075983,0.00109195484423605,0.00554198450054436,0.000895479540903996,0.00447624567724856,0.000998620426372542,0.000962056786903643,0.00134831756850859,0.000903511731883628,0.00102733826390956,0.000932200269490231,0.00238306835785555,0.000908613261217665,0.00517800291871875,0.00353333534298334,0.00729014923827473,0.000807381392732882,0.00412671010063796,0.00813118039293769,0.00114254183693959,0.000877804625575521,0.00367662448381035,0.00546619004779678,0.00592228082324444,0.00423459404633915,0.00136823101748402,0.000907075882171781,0.00391712119759936,0.00084550152625083,0.00324371960222418,0.00121143481839699,0.000875749136262861,0.000784099803491403,0.00196400121479345,0.000848141539622619,0.000997408617406478,0.00111834101838984,0.00550994388506009,0.00150852652542162,0.00101756803459179,0.00646915518108557,0.00124317909366835,0.00122647542405586,0.00360071289756534,0.000991157211121386,0.000660715296755988,0.000950675098227207,0.00395773403133672,0.00327857261884424,0.000863662256287816,0.00738180776147552,0.00919081257967107,0.00704126066456503,0.000869782926245234,0.00080059926242845,0.00492339421320676,0.000699383642586187,0.00509389551934693,0.00172761863876915,0.0076346001227621,0.00475728896381429,0.00100390485141476,0.00110546728295223,0.00557104441167281,0.00145668359933294,0.000719191224494759,0.00100752858803479,0.000691257167683454,0.000683933920374603,0.000666605482346213,0.000681151479149938,0.00201935762441279,0.000938406078471399,0.00103142078053764,0.000984869294572402,0.000730065162107295,0.000977370450433163,0.00547977655673973,0.001082119727757,0.00144618535210211,0.00100869441331693,0.00102453793356248,0.00721828701103267,0.00282109937243255,0.000943287427368167,0.00715677910051185,0.000772867236018094,0.000929725777696428,0.0024182505957421,0.0013748347073664,0.00155350430601356,0.00137784593943095,0.00264673723928476,0.00121817186751515,0.000800561463961597,0.00336300900755429,0.00244109751437306,0.0006970198127239,0.00250053905487261,0.00469396389444058,0.000808628389249658,0.000898506672855198,0.000945838772769812,0.00476382777628225,0.000752178778433125,0.00680599992887086,0.00621246374805751,0.000763940671672583,0.000803339701235554,0.000897557217138452,0.000832656502678775,0.00109336933306381,0.00090219025968995,0.00119395773239408,0.00777580069071946,0.00114147851416873,0.00108784241939568,0.000940799168332309,0.000741254579768379,0.000770934111748596,0.00341925878198748,0.000742998239372476,0.00992325151526137,0.00306611074242024,0.00454255776715036,0.00193788636687617,0.000869405495121859,0.00078002613056943,0.00103726869196758,0.00571681593609865,0.000985731595908208,0.0014363339591407,0.0036007963483765,0.000974215330552311,0.00121396507803338,0.000761065644905918,0.00104521450948055,0.00234369656312835,0.00451781947085557,0.00151639400356894,0.00452364695622769,0.00111276012203357,0.00400154661906846,0.000865980531368866,0.00083180457691124,0.00116900577855256,0.00669728446390748,0.00130040951797814,0.00366284462696947,0.0051405510931178,0.00288761977872622,0.000831140138159242,0.000759015374685733,0.00463870622827629,0.00140034026096926,0.00111345710241923,0.000887202083808355,0.00643348351574912,0.00231554274158368,0.000866975278105616,0.00245638278664692,0.000860405255646666,0.00349610368095972,0.00111166653347496,0.00115351354470978,0.00107322628266177,0.00595099500390938,0.00518527280648009,0.00075840420425155
"CH0051",0.00082766330635328,0.00431593583897622,0.00123088644242813,0.00124280148307807,0.0013514861787285,0.00115964483298918,0.00124685194056153,0.00129723000054732,0.00125646998428913,0.00198723541797931,0.00115309875776555,0.000921604900952317,0.00089359328735367,0.0007796820722622,0.000835987207095209,0.00129041393473076,0.00333171961307244,0.0010544695244817,0.00113422421956721,0.00127429993044896,0.000952816229598538,0.00127642256540464,0.00429630156039782,0.00242665332995861,0.00111649369837195,0.00387917802855862,0.00226381399542183,0.00118322286987072,0.000880410505038068,0.00432784833085175,0.00208606256479315,0.0040933044163573,0.000773215439646142,0.000817649720531977,0.000850529546877383,0.00085477074847578,0.00117036959062447,0.00123635860990326,0.00123803089140223,0.000965551974568712,0.00160753057836391,0.00100798250328496,0.00118512796744332,0.00108235199442952,0.00104660738920665,0.0010588745576711,0.0011045550566416,0.00557808217075983,0.5,0.00110008958957475,0.00624115482747443,0.0010578183467638,0.00252364100280288,0.000942578453796588,0.000957012375520055,0.000928669744573346,0.000805418757402584,0.000950776316276083,0.000883390892591991,0.00424379674903376,0.000794649111918076,0.00790001061616547,0.0112494047950524,0.00455427953689572,0.000916701285170543,0.00134750192759065,0.00610228612007503,0.00125162314392524,0.000958569525534038,0.00965437901890566,0.00184132618207137,0.00195624996758194,0.00872547154319748,0.00118920132534321,0.00109613172404551,0.00401536916084842,0.00198756858242482,0.00453176602138702,0.00092748238202935,0.000994089792025659,0.000852446720662997,0.00346598339971842,0.00200141891947785,0.000885832109338927,0.001109470023412,0.00377995183129725,0.0010781697527475,0.000961170533154147,0.00194754131351643,0.00121142164848758,0.00117153313544217,0.00255285610867729,0.0011953363189226,0.00175137881350306,0.0008558240697928,0.0040276694214321,0.0106933784291552,0.000918407261300646,0.00347952230876694,0.00682939818159362,0.00250532924458097,0.000973491279743016,0.000985595023614992,0.00787766000312745,0.00268174662930616,0.00762591353863393,0.00129456154016275,0.00282397569176468,0.00776552331319573,0.000915759614503443,0.00109815623474015,0.00467897451715055,0.00122341538287923,0.000860243572659215,0.000904898900521949,0.000789275225673323,0.000718430860201888,0.000766121378932551,0.00171303810706728,0.00113595370919126,0.000897364602099489,0.00104417186391011,0.000978283165521934,0.00070402863107469,0.00336949226310707,0.00180544110146066,0.00107640871451838,0.00123918966019797,0.00104473754603212,0.00128137293144349,0.00238246868555492,0.00161403041832017,0.00099388315144217,0.00276217138362233,0.000797177755615231,0.00101115520585488,0.00411435853762676,0.00130388513433254,0.0040560527176297,0.000947394573107857,0.00394751423837389,0.00105785446145485,0.00100006736952297,0.00377912317405571,0.00406731569871713,0.000752518926787169,0.00187491793263814,0.00655458464243306,0.000855943305776544,0.000991933129731652,0.00220119352585537,0.00244218311059879,0.000759121531024544,0.004825854639354,0.00211742819519233,0.000929363137015103,0.0019557011003043,0.00105283461897048,0.00100767130680346,0.00102351851286449,0.000993197293432109,0.00122116245078002,0.00289581930061547,0.00118129955524571,0.000892410574814116,0.000951691767684285,0.00183082783741049,0.000877337661605408,0.00995942222475093,0.000782263277025371,0.0065033905407261,0.0147157621057555,0.00846359503409413,0.00100140753296599,0.00103041928590671,0.000734657099389316,0.000934344627554889,0.00619286837319502,0.000927021240810466,0.00127662900882933,0.00412158054980639,0.000947253665517359,0.00141034397928855,0.000715003927792862,0.000922748239958624,0.00400641794116376,0.00827151470880279,0.00132623809382177,0.00280204036090197,0.00107886775128035,0.00128109911863039,0.00103956600303145,0.00118735387386389,0.00124146571930397,0.00364784925554333,0.00128842176940419,0.00400173346581955,0.00114783512197719,0.001244639231298,0.001289882261599,0.000842126074474687,0.00140894047321657,0.00128349285578386,0.00105633151421873,0.000868707251864299,0.00203310561778998,0.00412290305977039,0.000937741405219559,0.00402762160298826,0.000947194061670097,0.00377440040309772,0.00109646880326713,0.00104233302081111,0.00107094653466873,0.0102306877372744,0.00752794267681274,0.000799366721903613
"CH0052",0.002754703259191,0.00253310856968813,0.00113146160661945,0.00298935217940057,0.0023946243279303,0.00284996790152085,0.0022376597636091,0.00198080694475649,0.00130922086668384,0.00265675918777962,0.00120055689491274,0.00279013369382604,0.00279338233821673,0.00270235142940147,0.00271928185917517,0.00113526117915676,0.00266847171340476,0.0013564329641267,0.00129318035179782,0.00211124452385259,0.00299825242276199,0.00209599511902122,0.00245075433829706,0.00121769635457313,0.00119532077472155,0.0010338342103014,0.00391146324120326,0.00119116868569181,0.00193490584105944,0.00248520422216852,0.00265589448976852,0.00109686620750377,0.00283736005113515,0.0026956572701845,0.00271471541472528,0.00269805794875675,0.00130642327332711,0.00213513789204517,0.00342629262710735,0.00132903962515527,0.00259044133290916,0.00293834057524978,0.00128043414467383,0.00140705492172238,0.00277655577076366,0.00288872846945579,0.00124610834831072,0.00109195484423605,0.00110008958957475,0.5,0.00127031951708908,0.00282083678475325,0.0028871221423202,0.00119810715491328,0.00392380778935218,0.00112480110825907,0.00272950134820457,0.0010612590848604,0.00112463405099777,0.00240784033607814,0.00271155107574527,0.00612433143270544,0.00131874031446495,0.0010219828617293,0.00269637219981767,0.00122307102228434,0.000983116658546096,0.00367245193461264,0.00395668478085084,0.00127734556495775,0.00218731750953791,0.00228748068467864,0.00131876163632421,0.00363975755873366,0.00129492009885523,0.00098483113997043,0.00265531915359734,0.00136688961727837,0.00116769608326761,0.0012893232355088,0.00271934938975071,0.00265251702790143,0.00265892675622465,0.0029342352044766,0.00195768434207454,0.00257738180752133,0.00119293207807695,0.0011381987410703,0.00110218514918981,0.00131476001293252,0.00121458818827101,0.0010211816145564,0.0012005441312186,0.00112662403053975,0.00284178497197816,0.002642002079202,0.00120753548484391,0.0038658757815884,0.00211573900188946,0.00119612886114366,0.00131141493615117,0.00397274022105736,0.00250288610426259,0.00121620603005788,0.00389528464480448,0.00217140492862383,0.00126087677002118,0.00128734775180226,0.00213474975061753,0.001110450058955,0.00120576356502468,0.00110557139349361,0.00215560881643227,0.00395966149445807,0.00390965350926304,0.00378595422255508,0.00379833832858892,0.00389690493525879,0.00387954437758421,0.00381723774474134,0.00397134667781729,0.0012020922333979,0.00402949226453419,0.00380584321074976,0.00123681666930569,0.00206983018402138,0.0013189875135581,0.00124303263668073,0.00467601248347226,0.00116882279830985,0.0011993447554978,0.00120548562076403,0.00758657916775666,0.00128396104400559,0.00399242366207836,0.00668996901639689,0.00102639483016807,0.00110763634412676,0.000997300739356555,0.00113973148639954,0.000994812885472634,0.0037625147140736,0.00415939231274777,0.00369087184427022,0.000951697386742818,0.00389614923512409,0.00110902392860121,0.00129694644886277,0.0040044704801413,0.00382876099623632,0.00138537172012593,0.00215154990454697,0.00399702253330152,0.00107941541182352,0.00125230233210254,0.00399728496177773,0.00134058385927645,0.00125647892122245,0.00127396814787466,0.00103245829704038,0.00112711971110537,0.0011759572992817,0.00123323060477657,0.00119831454026766,0.00111489955838379,0.00126249196220748,0.00375531356529806,0.0040294837127426,0.0013783460753654,0.00409776856875028,0.0010656921360747,0.001248106794793,0.00129515554089213,0.00400018715039315,0.00127034287055501,0.00383867315142278,0.00108169335332631,0.00124557767894312,0.00399762416670142,0.00120924849797197,0.000942434417090182,0.00104080218287213,0.00487642157394121,0.00395745579482986,0.00110040754067806,0.000962698386998472,0.00209451206447262,0.00125463878200371,0.00102124908649069,0.00465444650319169,0.00245705044529011,0.00385327441845901,0.00213698713811913,0.00136942687267462,0.00117810334244604,0.0020722794009751,0.00100879591932826,0.0013156359987996,0.00128066189470215,0.00131880319631391,0.00407222616443687,0.00121659105807216,0.00109816846966197,0.00116409795620818,0.00404977727853132,0.00115989713969369,0.00105558654490422,0.00477240111614913,0.000996259233364164,0.00394680666747211,0.00119759178631634,0.00122732811310173,0.0051133701911136,0.0011259531427893,0.00122178713063737,0.00125968176093662,0.0041549100677256
"CH0053",0.00373150884291997,0.00095872390945031,0.00121868588016543,0.00131573473594659,0.00165162361548974,0.00125884045895983,0.00115256748171616,0.00102073761550002,0.00439845041750219,0.000794881032073116,0.00114696919529782,0.000806343617854926,0.000804203109665024,0.00114479628819909,0.000894743630124588,0.00057950180437273,0.000805368039240822,0.00170559040618054,0.00128758050804174,0.000904733504452785,0.00378852810329769,0.00088883800021662,0.000969989335821123,0.00438703464766236,0.0037275091483361,0.000955598151467329,0.00427436348559301,0.00117499303396949,0.00380611249963448,0.000989716425009279,0.000753235575454076,0.00097477918216668,0.0010790721874713,0.0019604025091823,0.000891062544020608,0.000911948826178423,0.00115162118845148,0.00118178248294166,0.00132889079114179,0.00103661729781333,0.00240310448146498,0.00116021947236263,0.00122347452882753,0.00083079327939763,0.00112671142836603,0.00115114739236993,0.00105984629908171,0.00554198450054436,0.00624115482747443,0.00127031951708908,0.5,0.00114318902071082,0.00109472431854738,0.00108487502339626,0.00103465171431893,0.00329355674875914,0.00351017735408611,0.0033624835315298,0.00339755714795673,0.000929778279019134,0.00348530884116129,0.00797751697365121,0.00692649706032722,0.00601745685588962,0.000834899131964503,0.0013487000971646,0.00529985795587461,0.00128250759191261,0.00114737472716697,0.00851905245160166,0.00170455962207319,0.00279213342756493,0.00694588444901837,0.00135280383199411,0.000678346395408791,0.00103324366487513,0.000791844458047905,0.0012028906235453,0.000963237503141778,0.000856417604977861,0.000891672209577693,0.000803067494988845,0.000793248498384019,0.000977062188823188,0.00133100411723008,0.00115364836575004,0.00108559498654744,0.00391212198838678,0.00621767961263247,0.00125303797834553,0.00124651954427542,0.00131200406280611,0.00121410537454426,0.0005556144841703,0.0010817473121373,0.00100318784082899,0.00677697173159193,0.00376000800064577,0.00611475957892168,0.00860284860834808,0.00461934461934776,0.00372400458616007,0.000722572588713486,0.00770059296297035,0.000731810589542062,0.0088727912297488,0.00129177430238905,0.00516845187098985,0.00740006129856292,0.00379801789821756,0.0011187128157327,0.00181620610867606,0.00115839401022165,0.000991367429856493,0.00101167479740521,0.000740234340648857,0.000807891487943504,0.000706479427753825,0.000708221906449836,0.000866913883573459,0.000953221818138782,0.00103070660476877,0.00104046478931783,0.00183710555425736,0.000717571656853482,0.00254869821624204,0.00121131533315985,0.00137152045190156,0.00109907918436164,0.00378235565588781,0.00456190943226233,0.00261864062463191,0.000997788052833963,0.00497472551455559,0.00189618298404614,0.00101689642635391,0.000925425070569488,0.00128245242063723,0.000929525067152795,0.00344255403660001,0.000892389609406564,0.00119433864651496,0.00341516344166759,0.00085235683453141,0.000946281945119156,0.000726644076856617,0.00257652831114583,0.00684087360606462,0.000941898353009707,0.00103660942288193,0.00103569106906103,0.00145600207185417,0.000965374660890032,0.00236548710574342,0.0039493139223631,0.00291209054179335,0.00264036649275807,0.00116132819755146,0.00088524803778393,0.00218088518509,0.000910465656520761,0.00128254534097674,0.00527330890865774,0.00115719732909059,0.000996328895048112,0.00372654106951227,0.000661263234956632,0.00298862470431978,0.00722224287671128,0.00365308476281296,0.00611554662734976,0.00839299240222972,0.00732856743038814,0.00106119541026643,0.000870784550416998,0.00312741473392744,0.00340323624179834,0.00817621504342523,0.00109067821402929,0.00134260629029105,0.000987450777863354,0.00214613099577692,0.00391609041930748,0.00341423966297108,0.00113175997837646,0.000966366979181743,0.00713141399435145,0.0013496527600765,0.00185790505468392,0.00113793969413022,0.00125509703245541,0.00104722497730753,0.00119182128245466,0.000946143268301523,0.00897234649040663,0.00122486034703106,0.00104318647539353,0.0015404855884043,0.00143758379196227,0.0036842294314847,0.00101019767079798,0.00161155206774897,0.00127885829009717,0.00107981040659847,0.00102056561109108,0.0050930544882375,0.00097175029573308,0.000970004435289603,0.000941629582227477,0.000990298249413976,0.000753896366692171,0.00110307141435667,0.00108977859080716,0.00116010900975818,0.00779684343790274,0.00795608624801716,0.00343923570724476
"TT0042",0.00241018705237982,0.00224408907646227,0.00101141340431313,0.00254093704058189,0.000998434232071699,0.00241062987448408,0.00106732009824694,0.00122372728311881,0.00343668393511505,0.00234065907892868,0.00365615402656033,0.00245861856423623,0.00246235740656729,0.00236840329934245,0.00239128842344463,0.000925643240459939,0.00235757340037049,0.00226463218250783,0.00388284860792623,0.00405742912289355,0.00406993897304712,0.00393182347620323,0.00217288469373866,0.00101135719470675,0.0010166048820348,0.000880330432561613,0.000963408789743742,0.00104514961547531,0.00107517004914608,0.00222329124345294,0.0023384176557025,0.00101288084889684,0.00256028657515925,0.00236968932516513,0.00238681115579654,0.00237207704201536,0.00357179728398718,0.00357469023682428,0.00090934603079321,0.00390040786084503,0.00388842824412196,0.00610715425261369,0.00248005038615164,0.00404329674852384,0.00600777229595311,0.00596723317204532,0.00437706633372158,0.000895479540903996,0.0010578183467638,0.00282083678475325,0.00114318902071082,0.5,0.00255869912975965,0.00232672071281459,0.00531872018148196,0.000967879898920623,0.00239672153812981,0.000846456172222728,0.000964721185543887,0.00213692756926667,0.0024465190693573,0.00105896517651204,0.00112415718984908,0.000957020047669373,0.00237356528516393,0.00092012940898065,0.000895359445535488,0.0023943503477812,0.00595912162747603,0.00112865646499958,0.000945085459331352,0.0037451690278081,0.00456777680066072,0.00231513087898492,0.00151993829342634,0.000792193371008278,0.00233917424229223,0.000768318301275044,0.000991625367249896,0.00113522643113145,0.00239095912888988,0.00233782184105162,0.00234247088661418,0.00396035504264562,0.00098410486137307,0.00228378364414729,0.00104086723986182,0.00102214747014336,0.000929171219520499,0.0010079728294792,0.00111791725109115,0.000910542759742617,0.00359746914908543,0.000919713130507676,0.00249970458521152,0.00232741906001895,0.00337672434896976,0.00542817648019245,0.00384912734327953,0.00100608929773037,0.000935902247628605,0.002808358666447,0.00222385029334561,0.00213496779343214,0.00339590942543956,0.00104315524259799,0.00110436206860229,0.000941514269215244,0.00107853798105078,0.000936349264521624,0.00099942814547909,0.00213006463061037,0.00209984890713419,0.00597086489423778,0.00333256365007422,0.00329961374953366,0.00330630359303538,0.00339536856565297,0.0033809296479868,0.00331545285005865,0.00342008678095479,0.00100236789797358,0.00348091272529779,0.00330911500862789,0.00126842621677805,0.000994588334850504,0.00120417475162362,0.000937547803221812,0.00334859734454625,0.00188023813878635,0.000989384500519904,0.000977723113764243,0.00360717219684633,0.000922636254652224,0.00606597648293669,0.00365765424502725,0.00090217178633013,0.0010115912558725,0.00086546875741216,0.000975065323538418,0.000873346422456225,0.00315014833799256,0.00371248627736866,0.00322919174984439,0.000799508554545129,0.00339238507183702,0.00098230279354657,0.000988138459383655,0.00599378760896407,0.00449972437043807,0.00216038554254469,0.000982498092090562,0.00474977831460536,0.000929711457762711,0.000912621611763699,0.00615000172366297,0.00113311051688299,0.00381549739399959,0.00116214224013701,0.000844463339497732,0.000953635055985702,0.0010105536382188,0.00099402790902133,0.00369300841255256,0.000957893777328248,0.00126394451908194,0.00327636064363021,0.00602592958179588,0.00371069377041219,0.00603261708469535,0.00091497299388092,0.00222562043566833,0.00410358084820475,0.00338989875405388,0.00115847540036562,0.00333883051599561,0.000863917712751265,0.00119062583342818,0.00341764331959863,0.00085088645689583,0.000755680249287931,0.00083140691372009,0.000856254491176835,0.00355654668051656,0.000942353641513041,0.000802817540699049,0.00107621455537283,0.000947113349968552,0.00189618394187538,0.00327427340248044,0.0009928449985647,0.00578759483463098,0.00359708062974387,0.00162248632626567,0.00102748231609562,0.000893142539383355,0.000888951144693741,0.00243866260854208,0.0039409510619786,0.00106601222231559,0.00466783399696409,0.00108708043286769,0.000884251665568155,0.0010410786639067,0.00353823564164854,0.000972304276448424,0.000979092778115378,0.00583119835876189,0.000865711224989861,0.00597148891202106,0.00144960373286049,0.00238424494369402,0.00118307341535245,0.0010135625202396,0.00111659670099661,0.00110615691864751,0.0048884426038394
"DU0009",0.00258692162968805,0.00408208661840763,0.00100599518755245,0.0025944155898647,0.000914626881349189,0.00250557511101499,0.00100205275991509,0.000944802255910669,0.0010398033125861,0.00271716389756043,0.00102732423762392,0.00408091661310062,0.00413488071441795,0.00260325278197415,0.00273054403891083,0.00210194714820115,0.00406094461397421,0.000952462835734718,0.00114994677588185,0.00130963119264655,0.0027250033383911,0.00349136021229389,0.00393555311707457,0.00112234432135945,0.00106577332584211,0.00136536401536612,0.000948413256571259,0.00102076395720505,0.00085678365806295,0.00417283261862976,0.00273374161536872,0.00146475655160952,0.00279384294660146,0.0026570777717073,0.00271089824840163,0.00269058438539347,0.00128691082991226,0.00101422880940195,0.000976554296999105,0.00119715742070607,0.00108653984035461,0.00263055133057678,0.00109955098457992,0.00130884049938458,0.00256267816271998,0.00270440691992801,0.00110840020058401,0.00447624567724856,0.00252364100280288,0.0028871221423202,0.00109472431854738,0.00255869912975965,0.5,0.00119309914186691,0.0026896879779671,0.00103918800993102,0.00258485383256459,0.00110133176503655,0.00104781010203601,0.00381260698944187,0.0025656369316721,0.00101343171861899,0.00105373462028677,0.00413157033908417,0.00271727326718249,0.00101201503802745,0.00387441827641543,0.00245987269898817,0.00261529139485151,0.00100598491633094,0.00121346979514491,0.00110346032010481,0.00111350113658473,0.00242916443428504,0.0014048833880076,0.0026630491374843,0.00271757324124784,0.00162915962917472,0.00111634976905784,0.0013509530062733,0.00271570774069102,0.00279357978914388,0.0027221334655497,0.00633205885552016,0.000931607249619982,0.00573287679195061,0.00119355182325024,0.0011365070289577,0.00108693891861049,0.00103111156912699,0.00103115071727532,0.00376679092643951,0.000977946756045171,0.00255362786698019,0.00281534241649542,0.00425239509163364,0.0010187014322945,0.0026250967683405,0.00122698726490623,0.00108325835791721,0.00106057442577067,0.00268096473040455,0.00374728675158014,0.00100401574996518,0.00387589113352302,0.000992183969111474,0.000962309276185999,0.00106934802565056,0.000992434468002558,0.00109982436206248,0.00104445797667393,0.00508146582321854,0.000942660704385736,0.0037000896305521,0.00366279519829948,0.00374251008585691,0.00372104079637131,0.00496957672376036,0.00384783896115115,0.00384241653724725,0.00374093845583422,0.00126483476178359,0.00378003824169633,0.00366288424799216,0.00121703188987045,0.00117537531056505,0.00116459454488387,0.000990125180596746,0.00360961650660419,0.00109374963201341,0.0025734579873779,0.000945494014246298,0.00501011370255415,0.00104845876791458,0.00375749549919762,0.0038222676006766,0.00144144490496864,0.000957855429763244,0.0013584237666172,0.00102078698926053,0.00141316315605334,0.00342974922408234,0.00386269406223691,0.00623367436046564,0.00238464160989585,0.00499520605900548,0.00211575645223146,0.000999285569734898,0.00379936430997083,0.00361760464878349,0.000957539870041605,0.00404977768100992,0.00379495454042656,0.00254966208307213,0.00104031238751168,0.00372003383427664,0.000777882916773175,0.00110278593467485,0.00249477105575785,0.00115631790455257,0.00129033735693232,0.00104167889933606,0.00106219661207212,0.000987308572419415,0.00115886824262443,0.00117675032013292,0.003778737894539,0.00375404635482405,0.00113121020492466,0.00381124092721755,0.00368598555677032,0.00104382728613031,0.00108514116517533,0.00368241344423959,0.00136779739279741,0.00366508821567301,0.00105120408021724,0.00110662194714967,0.00371210826723428,0.00101851888282428,0.00406081398615624,0.00109832986345504,0.00112585469056997,0.00373320849815425,0.00109848169638163,0.00245093336580798,0.0009981918417241,0.00102855898038489,0.00427803827641756,0.00353195732479488,0.00102942361105847,0.00354559375018516,0.000884022767765812,0.00133124522192382,0.00111368373836946,0.000958783481172465,0.00368006999328141,0.00122888526594192,0.00101089578485296,0.000785821381310449,0.00377397566205221,0.00096069788441206,0.000913953356356063,0.00437585719905561,0.00379195481766986,0.00121041528294722,0.00242577872360707,0.00601637775003287,0.00136689297844407,0.00376929332101822,0.00249218032785392,0.00122423851647116,0.00112658103719062,0.00101690301951512,0.00222735024871866,0.00102659752020707,0.00390345305868353
"DU0008",0.00137425819917425,0.00122699863457117,0.00281315197121875,0.00118377548391828,0.00102159481164326,0.0011499403714491,0.00343370543336362,0.00100816051929735,0.00321203450899153,0.000988279810681329,0.00500234625555293,0.00100653245996528,0.00208710082363185,0.00119671495017185,0.00101504392967365,0.000783137748908983,0.00105474523811456,0.00200580885490115,0.00344821305110897,0.00220011674583003,0.001300021027548,0.00138923559886631,0.00125049857169122,0.00102507292968016,0.00117867127626389,0.005334858803347,0.00336301920193812,0.00561630748528991,0.00109996649486838,0.00125796008657247,0.00101640537364225,0.00302127461938728,0.00396945806570131,0.00109141087590104,0.00102362034286194,0.00102221177869049,0.00531006810013242,0.00335860667358028,0.00152412165761705,0.00621018073157284,0.00106491624727757,0.00117574490643584,0.0014868272575113,0.00359432697358573,0.0012253995007049,0.00123278395045333,0.00156005397605309,0.000998620426372542,0.000942578453796588,0.00119810715491328,0.00108487502339626,0.00232672071281459,0.00119309914186691,0.5,0.0038842363162803,0.00259442752069428,0.00252282227766625,0.00598531070136058,0.00548005606373477,0.00123815088496351,0.00415088581493948,0.000958274142166267,0.000910961816874578,0.000978998850127007,0.000971965466097372,0.00135383630040984,0.00104037966863286,0.00115195748645455,0.00359564048513784,0.000969346090075908,0.00352347337654269,0.00104210087900219,0.000956710776067441,0.00115479086821458,0.00119627229241642,0.00508361743667329,0.000991178343054338,0.00193240732769407,0.00133121697190666,0.00487604691022943,0.00102429989758368,0.00104976015240464,0.000993703441771443,0.00245471601933047,0.00528205009162382,0.00119273686252888,0.00144653171169327,0.00572572037117096,0.00113034816773756,0.00354917334070385,0.00528722260247425,0.00519853997762016,0.00525940664721556,0.000764670536826169,0.00117520691351063,0.00117443388246782,0.000840614196235803,0.00238380013158437,0.00308078470854677,0.000864827212949818,0.00103974630438039,0.00131413644143308,0.00100237452028137,0.00193621088822989,0.000845542403692741,0.000972895307274247,0.00116710524659079,0.00105051455467131,0.000958287875823295,0.00582930574086087,0.00498568204144268,0.00143748128243839,0.00143140452417171,0.00315694449439975,0.00109317514785658,0.000861762802985325,0.000908438680160688,0.000860773352129199,0.000839214676635175,0.00105986630160403,0.00205972362702029,0.00554173483566053,0.00102972882904283,0.00102177274369672,0.00103256860386557,0.00107144069289625,0.00490934904319415,0.00488636757975466,0.000980779415756433,0.00628043827121481,0.00106635978860925,0.00119302804463229,0.00101277144177692,0.00107755192480877,0.00357059673566657,0.000980823051589057,0.00474330545414692,0.00163514667961684,0.00161806847977179,0.00154458866313239,0.00151192996273183,0.0010338163229991,0.00219030670750974,0.00105196506849953,0.00460274625069149,0.000871441096332775,0.00105766059146336,0.00100755612534507,0.00334853271571959,0.00200559630816267,0.00105693738336898,0.0010823748067244,0.00361133382881363,0.00106510658216357,0.00109241702274889,0.00102097695883114,0.000935151592456824,0.00757836286278045,0.00286712914182072,0.00558323321527509,0.00524744229577642,0.00545747617359965,0.00103148923220297,0.0015881955418712,0.00154021116429377,0.00564911981402995,0.000889690764986153,0.00202389121123916,0.000948607505661782,0.00109976157986497,0.00105143412870196,0.000925558482698361,0.000902976578114005,0.000969757122048003,0.00302918907784362,0.00112770577531071,0.00544480522232264,0.000954086292932044,0.00106637621866492,0.00508537692597752,0.00537426680866242,0.00552075164850539,0.00541811208948828,0.00212615060413238,0.00745273272358531,0.00589501767810174,0.000919242719224077,0.00450760867353175,0.00105185273537241,0.00096149958194621,0.00147258172608016,0.000929323174278223,0.00096150552067574,0.00330394865984426,0.00212224034712613,0.00504383551415889,0.00529705401141185,0.0038284891980924,0.00106824002484384,0.000971603252930629,0.00117324732759108,0.00106482839510502,0.00162229827746512,0.00612466717285901,0.00213730723067242,0.000984169528415555,0.00306082861094978,0.00203609038352338,0.0016808836656922,0.00114878532191107,0.00133125197252275,0.00740462203469474,0.00532671257768385,0.00686384262085443,0.000961478251257502,0.000942471267891778,0.00110251123001457
"DU0007",0.00253912221964216,0.00234657684979809,0.00384130642430991,0.00406718990087138,0.00110822111568377,0.00388880200065661,0.001000450306229,0.00108619273900478,0.00104416078646426,0.00246031237734416,0.00119419457364352,0.00260381621129327,0.00262418435481154,0.00250275816332053,0.00253897060479775,0.00102213991589315,0.00247357949322625,0.00220925660473105,0.00396857039681883,0.00358977118107324,0.00283921186636816,0.002546592150241,0.0022697276395043,0.00409642760579783,0.00115670359574255,0.000931060254051812,0.000902998302043202,0.00114988231482949,0.000967623993245518,0.00231892563991967,0.00245786525042908,0.000968382142623243,0.00409863839897213,0.00253430122448611,0.00251623113958739,0.00250478428664992,0.00245380296485357,0.00107159544217429,0.000993975155536854,0.00407584683546354,0.00388659389207882,0.00405260400976028,0.00121655159172025,0.00363794924179611,0.00395082539597559,0.00543604731739657,0.00247851250290007,0.000962056786903643,0.000957012375520055,0.00392380778935218,0.00103465171431893,0.00531872018148196,0.0026896879779671,0.0038842363162803,0.5,0.00107924495285027,0.00257117914660665,0.00102901242313041,0.0010211225424747,0.0022300440155049,0.00263140032600937,0.000981182155127157,0.00201141274561312,0.000874911976329532,0.00249816019600204,0.00105827645591521,0.000820747022161145,0.00377675669664194,0.00546019843954693,0.00105089476619368,0.000988444759844986,0.00125485753286693,0.00132643735342353,0.00241996477204605,0.00135142501552956,0.000897164781778319,0.00245882206411992,0.000755814454574522,0.00108548710512267,0.00115546365670952,0.00252058918183283,0.00245415525400683,0.00246221932777102,0.00564064110785801,0.000899909584788235,0.00241590350821271,0.00113460909638918,0.00107480735924637,0.00103627566910906,0.00103954475273573,0.00190289494106614,0.000889578718596777,0.00117269173630265,0.00101265085845657,0.00397963063545619,0.00243813579724531,0.00217219236475525,0.0027553072886091,0.00135173612999733,0.00110357824042082,0.00101623439209395,0.00277225544746862,0.00233145346212683,0.00348810437695467,0.00358662486745269,0.000977973795222835,0.00118590906071551,0.00101550539414365,0.00324826770749308,0.00102292994555395,0.00115591943974774,0.000877629708016813,0.00115714079719865,0.00599819211996821,0.003566537596881,0.00348355067211478,0.00350899412105887,0.00361090821811507,0.00358090052304409,0.00350499899328175,0.00591576299318223,0.00109020534492872,0.0037449663308597,0.00351148204420877,0.00107674709865998,0.00335110375596981,0.00131953449244841,0.00097526099586761,0.0036448400054668,0.00102489413814279,0.00116116013146757,0.00111521846918246,0.00372053086639101,0.000988936539067269,0.00492752727676019,0.00617475317738075,0.000909455836660024,0.0011561007743704,0.000921131390601981,0.0010963959686421,0.000892173574927819,0.00332093952993267,0.00484470771500665,0.00339534793258227,0.000893279463922073,0.00361273096070719,0.000926615541324408,0.000977554724214066,0.00635461372586457,0.00599835691087381,0.00194142272971704,0.00112604273573855,0.00619708587537373,0.00100337745867292,0.000997898485266917,0.00373824789664328,0.000862131823829879,0.00368370448971306,0.00115904014638318,0.000983773680481565,0.00107728902269955,0.00224761886166762,0.00117025440659763,0.00113938764818762,0.00107202573441284,0.00121751157417862,0.00345585028218432,0.00375188685346685,0.00120182043738302,0.00380093589751774,0.00092356121930441,0.00103447501441699,0.00122078205420482,0.0036893027183418,0.00112377021653429,0.00352889185367554,0.00102087134336454,0.00126287708894206,0.00359944266353981,0.000956053385149155,0.000862090793815938,0.00097594174531005,0.000892914266801951,0.00369200535901873,0.0010976219073159,0.000884319181961188,0.00111463719122072,0.000971521235811169,0.0010465179688941,0.0034451305258456,0.00236688387554419,0.00357053336899459,0.00106463941629118,0.00152395995294513,0.00103856983929389,0.000954614108150911,0.000906811977967313,0.00411142398665263,0.00129091278678929,0.00088366539969717,0.00379528003748613,0.00356711464568558,0.00210730450573798,0.00218699385294171,0.00382792040609393,0.00106972114928204,0.00093595447151981,0.00598480346904774,0.000906184625531548,0.00480119247305856,0.00125406918660603,0.00249471512139563,0.0039077071224341,0.00352295802391619,0.00205038114719782,0.00112290181968107,0.00386753432337271
"DU0006",0.00512358349192755,0.0010756811148179,0.0056810707191373,0.00116336177036691,0.00505836445039406,0.00113461736742766,0.00109191664115321,0.000882330671816601,0.000961896952237467,0.0011641565619283,0.00105364292214325,0.00116035654082242,0.00113984447128653,0.00461549016203312,0.002324290701131,0.00103582203585611,0.0010635842598665,0.00142971209288527,0.0056874662615262,0.000828185317120223,0.00118908322970895,0.00083337957991403,0.00107511696892056,0.00307794590444575,0.00846905370454932,0.00117599947021587,0.00092487653876126,0.00119815703710218,0.00407645443654203,0.00104976293377646,0.00108874719669407,0.00105675527329142,0.00390640770494615,0.00372123600251015,0.00237150075543649,0.00364816234272278,0.00104043309623213,0.0010294019316852,0.00546249889702792,0.00098133098017694,0.00458204770697897,0.00106983176644834,0.00659344449147669,0.000853499847163385,0.000980246138868286,0.00100232975051663,0.00594040913281444,0.00134831756850859,0.000928669744573346,0.00112480110825907,0.00329355674875914,0.000967879898920623,0.00103918800993102,0.00259442752069428,0.00107924495285027,0.5,0.00557554843075133,0.00545339999150357,0.0049382098200451,0.0010782899378285,0.00461492559741309,0.000953958356540314,0.00094224192016641,0.00102123603267751,0.0012484530522135,0.00610722339794675,0.000985624349158351,0.00108642009179579,0.000998656146641697,0.000984072033381942,0.00258092110086184,0.00311031048629649,0.000872570848415378,0.00106968071930301,0.00177835423574676,0.00363727862743752,0.00116437452618828,0.0011739437590329,0.00733951948020137,0.00100756782089549,0.00237324044925909,0.00106212604000343,0.00116484762686842,0.00110526596844955,0.00110321411538905,0.00116055616545169,0.00699099751728011,0.00473905930056747,0.00601518797494548,0.000951870830914551,0.00113167265742874,0.00102224103176608,0.00105976661935115,0.00100202937110933,0.00275733155476571,0.00109807812928868,0.000969446132607003,0.0010548777312724,0.00107724838197625,0.00109944134564197,0.00142959121383529,0.00114960275281416,0.00100605256548829,0.000953199376454953,0.00101287409388453,0.000909428863508749,0.00594436348493152,0.00129805963029648,0.000989130046770673,0.00472653099702703,0.00103498859277932,0.0011040111955785,0.00611220149655127,0.000937643222764935,0.00101015684058089,0.00198328980913575,0.00219926418086671,0.001938911457206,0.00102042720075233,0.000894005054997755,0.000986044075863249,0.00121334936973857,0.000950487940736058,0.00393665293908383,0.000843576596767624,0.00276211294652301,0.00112543866777961,0.00103169732877544,0.00100316697037505,0.00141775722893805,0.00157964268394182,0.0059203475967433,0.00102709073607075,0.00121489665152337,0.000955712500802598,0.00103392981797341,0.000982167083805463,0.00599796244725176,0.00561332735684586,0.00961266900895922,0.00528256882279243,0.000907895587482925,0.00180536883433533,0.000933739864268819,0.0048714989012155,0.00102995981363621,0.000939424219176241,0.000974931792579145,0.000963105626935168,0.000924441611864371,0.000871228083957787,0.00598468158376044,0.00195148824481415,0.0043379956527532,0.00246156460712482,0.000936563146549259,0.00114185742010804,0.00100099127538076,0.00216727562389149,0.00532851626264262,0.00300208179081812,0.00129909005602824,0.00139791871840062,0.00572270459752698,0.00834402809189788,0.0038808299860767,0.000980113645939408,0.000909985905904714,0.000916626768212301,0.000977312647755571,0.00112760277543928,0.000939320692598181,0.000924645406846565,0.000974961536831106,0.00102207056864404,0.0046056067750196,0.0072220870133748,0.00105760463853088,0.000904273644568238,0.00303420245401186,0.00308152957999609,0.00581883562723995,0.00248608164988097,0.00340399541029789,0.00816134000721714,0.00143768900859186,0.000972777291204106,0.000949598943604099,0.000915971981753224,0.000948889974511847,0.00646112725674251,0.000968630090458869,0.000934249367333842,0.000899866697258982,0.00424034994462904,0.00339692647166408,0.00109827462733018,0.00501398401496617,0.0054256122005289,0.00127544070302692,0.000929550099386081,0.00514949261108915,0.0057109278509001,0.00148888275346565,0.000978834054075879,0.00394157571235214,0.00103994983433109,0.000913673383176866,0.00555872721594173,0.000910732156526913,0.00088276774538333,0.00373683539515978,0.00112127446586095,0.00130647497320868,0.00098966277749816,0.000989805727857733,0.00101522101414011
"DU0005",0.00677075184322109,0.00229963281454276,0.00125356598891111,0.00249628489741342,0.00096066331623244,0.00236565602837558,0.000895904071809043,0.000745297402677259,0.000977734688654226,0.00260802108844916,0.000953765879516023,0.0027607491047501,0.00276253431846561,0.00624690794028505,0.00395541678283222,0.00138306151506516,0.00252207227715826,0.00152043452564686,0.00121897008567949,0.000753022940304092,0.00281697187634144,0.000785831424920867,0.00222606842099279,0.0010661077012074,0.00466629761608016,0.00102826093442274,0.000875671854782391,0.00105127917063136,0.0042297540758179,0.00224859247159208,0.00255463843570949,0.00100812868181831,0.00573351361971991,0.00414346834613849,0.00399681875673812,0.00407763995064278,0.00114585675029609,0.000902798960648156,0.0011388416356066,0.00112323421593801,0.00113732278409588,0.00251801234085736,0.00120584380253882,0.00093842343512302,0.0023978498179792,0.00250775225671362,0.00120644916844581,0.000903511731883628,0.000805418757402584,0.00272950134820457,0.00351017735408611,0.00239672153812981,0.00258485383256459,0.00252282227766625,0.00257117914660665,0.00557554843075133,0.5,0.00520561979912873,0.00514190208414666,0.00219620739582384,0.00633660859577836,0.000820865604429372,0.00087932087578422,0.000775132521222273,0.00274043101021749,0.00109121597007789,0.000809952463795177,0.00230744308997338,0.00250342740296927,0.000829772673529022,0.000906657188613371,0.00105497014379534,0.000901322239956133,0.00230401290697385,0.00107763182672401,0.00116306209230112,0.00260427396684403,0.000939827256351437,0.00267413098239005,0.0012539255481788,0.00400085393493276,0.00250013116511504,0.00260539743472046,0.00270273041812119,0.000959382086350173,0.00236994489865223,0.00143682493230054,0.00444369858533396,0.0045903252391205,0.000929285502632345,0.000982557837889952,0.000878713802112516,0.000992512111576357,0.00133697752626939,0.00562362456442655,0.00238102030601563,0.00078258415193305,0.00266705166225474,0.000952104198641847,0.000831683503478645,0.000933046156101984,0.00272900124719317,0.0023823768614045,0.000834527425349319,0.00372576731532551,0.000831432703649829,0.00105383715560411,0.000928724827839919,0.000817643964768343,0.00455077798493857,0.000975547045676509,0.000845583512353389,0.00107996667903996,0.0035646932961155,0.00352860644345867,0.00463576347131781,0.00486187371900755,0.00376092692764391,0.00372619649402071,0.00342627754363904,0.0035279574381176,0.00131240081446027,0.00351421441718639,0.00670838258210749,0.000815946161461461,0.000948559539146152,0.00117405847967778,0.000948850680389872,0.00339049190840697,0.00117354513205456,0.00118794838801319,0.00104668650143974,0.00361543197890761,0.000921475342706561,0.00467313126791145,0.00359668933260975,0.00087234523554534,0.00121172803989571,0.00117882725423832,0.00461571559528609,0.001137783472128,0.00322747083896703,0.00372903065213201,0.00333889628807964,0.00117378525035041,0.00376408876659809,0.000852723083898727,0.000851848363453846,0.00359495260957726,0.00338085603473991,0.00075128872110283,0.00103288707825925,0.00582782023513397,0.00100327447850778,0.000980009250307856,0.0035631672999059,0.0011362296628228,0.00112405986201213,0.00252212411083084,0.00513627625677933,0.00268824487537004,0.00105923839650569,0.000928573206389174,0.00121568332507425,0.0041794592659352,0.00428070482798897,0.00352920317450498,0.00363744089534017,0.000933542681679035,0.00375284084623018,0.00087597205163531,0.000804130432991309,0.000854838755897421,0.0034402863366082,0.00128503526809806,0.00733856868506383,0.00533369938852067,0.000903893272123791,0.00352787616826421,0.00116268294015082,0.00114865600729968,0.0041256098505086,0.00231935464744882,0.00629380481278565,0.00415037759385132,0.00107757035373357,0.000820575038129011,0.000876309443697943,0.000748909329949605,0.00332430222371446,0.00110100737354195,0.00333225522067971,0.000891817997139809,0.00082391557253975,0.00438803390763685,0.00112738198270559,0.000956199387809909,0.00130929638530403,0.00115035667717596,0.00123844377979117,0.00361869423191789,0.00102749556496046,0.00114305397795895,0.00120335486609289,0.00362986857713193,0.002639702963286,0.000954734163187095,0.00352098208786473,0.00120122020191576,0.00349973581660501,0.000750013118144384,0.0013982476990843,0.00105845036110412,0.00108804890449062,0.000807164729423441,0.000841099702892077,0.00384535526626258
"DU0004",0.00516597453549392,0.00121281187951678,0.00476238552534946,0.00107117929186143,0.00109605142052296,0.000977044576949676,0.00171038652266609,0.00080440633055396,0.00171830694132974,0.0011550812561728,0.00292214359532814,0.00113125918119311,0.00112324049933841,0.00460386949971588,0.00233872190417882,0.00104863497301466,0.0011090983075815,0.00140283729185153,0.00126491694246746,0.000776283238033724,0.00118586175572118,0.00077978472776802,0.00122929518256242,0.00107713501349564,0.00449411037770347,0.00485723684976097,0.00171589057270674,0.00495533630910342,0.00403873007224666,0.0011843818006406,0.00109849417494453,0.00173993107851288,0.00372215543282017,0.00372215888467268,0.00241500129242152,0.00361430142573584,0.00159706387210344,0.0016069379422431,0.00296776846309253,0.00169929667193601,0.000982658424647533,0.000905571953794674,0.00170997325835742,0.000802655098307574,0.000886519221689584,0.000863384052743399,0.00163621756402625,0.00102733826390956,0.000950776316276083,0.0010612590848604,0.0033624835315298,0.000846456172222728,0.00110133176503655,0.00598531070136058,0.00102901242313041,0.00545339999150357,0.00520561979912873,0.5,0.00836538566100407,0.00123308279703076,0.0044919530172669,0.000867926724348511,0.000865576965187164,0.000966035567852851,0.00121294645511924,0.00162530389518676,0.00105329250601989,0.000977317446756046,0.000911581482890979,0.000925822715927663,0.00108631928690451,0.000952985324269174,0.000706517712866819,0.00103376899924897,0.00177948860345129,0.00566982314710762,0.00115623119761281,0.00177029436093105,0.00301691425878435,0.00184194840670601,0.00241687966549865,0.00111415895174131,0.00115683460050525,0.00100958747084386,0.0046514755148839,0.00120443969910911,0.00188723756109352,0.00900481155880255,0.00446547865441522,0.00176195513896889,0.0019051364832082,0.00446194503079817,0.00451469546665728,0.00100768834814667,0.00391642398190524,0.00116130761967541,0.000782409623660611,0.00108777136093317,0.000850141326344058,0.000853014435097081,0.000994545268668078,0.00116609486476099,0.00105402290854599,0.000870303504071353,0.00098758815233018,0.000905179215895778,0.00134489736528304,0.000990590149266309,0.000849728093443524,0.0090948723891201,0.00182030382874548,0.00124120923608998,0.00164352218911372,0.000903070447504135,0.00103063377109613,0.00198004416271045,0.00219306466059826,0.00101150075301056,0.000996287737030654,0.000977500847552118,0.000961448515727498,0.00505194020808042,0.000896020086617644,0.00402609861659491,0.000856867479409063,0.000982457509113963,0.00190267143503211,0.00422605384922131,0.000876025836937012,0.00573946290116129,0.00109848142092169,0.00145902289761794,0.000923715618600192,0.000994403214766201,0.000917163771892896,0.000903739226353911,0.00300040828633162,0.00473429275453881,0.00455938202963546,0.0049722442472196,0.00313293274015871,0.00091279258768569,0.00102135580383832,0.00104130699675458,0.00518683526102122,0.00195895976608573,0.00100655973839834,0.00091632792889362,0.000894942331696814,0.000842360722905289,0.00079098654545965,0.00135648700523289,0.000978457762299823,0.00117132480531097,0.00105691931396156,0.000879204532153404,0.00115916815249542,0.00448271490309936,0.00173275466777338,0.00946279838298079,0.00698169153323989,0.00495220253442267,0.000944932816102884,0.00314733833191711,0.0057196770269054,0.00449793469910193,0.000996017893233442,0.000908981511337797,0.000805749227002713,0.000998317116381929,0.00107682419843708,0.000840458531972344,0.000734987015190504,0.000853150486653226,0.00169574922776453,0.00434037699033387,0.00951442129989541,0.000848417822365386,0.000950679023835986,0.00547555831034137,0.00589090374052935,0.00871082535515163,0.00629108637069933,0.00343247384952431,0.0078846810885819,0.00558695016245607,0.000827985404593174,0.00164222079457459,0.000929726977490788,0.000876715239988566,0.00179488710915831,0.000809688566790484,0.000836024173771588,0.000871708309921783,0.00414478252294225,0.00549784752646468,0.00472412286087033,0.00117377153393101,0.00120974887699241,0.00129222899174973,0.000976921734068377,0.00112381978117228,0.00454298468187814,0.00559690879920744,0.000954667314950169,0.00362429917004963,0.00175706105982281,0.000844991308639716,0.0047669189951127,0.000842884198850125,0.000944565912486385,0.00558406023999053,0.00445652158326186,0.0052267612549634,0.000910909017739019,0.000844222002775844,0.00103368572362948
"DU0003",0.00533921036408797,0.00112715807204808,0.00145122339751491,0.00109037724117712,0.0010464789561744,0.00102504379752593,0.00528669533309985,0.000836511994662171,0.00368143129783144,0.00215104400439399,0.00554946669976459,0.00119294783292089,0.00118923154600465,0.0043647725023507,0.00234113534748409,0.00112328274105953,0.00113719236843255,0.00138776647148431,0.000997888603557896,0.000845281756037878,0.00121814711341078,0.000863504291960471,0.00113198699452875,0.00105055475079764,0.00404551848093827,0.00569153497401632,0.00516928841564644,0.00568813906590405,0.00407855289953564,0.00109302902946341,0.00114914084026158,0.00343128125881291,0.00133074166055697,0.00244824309200083,0.00365892079498124,0.00238925849335065,0.00454659212663031,0.00514883893440691,0.00132251768242235,0.00528011729613378,0.00100182685880357,0.00100890011088347,0.0011838491831768,0.00085680013427114,0.000978465006159091,0.000911660190351378,0.00114431459991475,0.000932200269490231,0.000883390892591991,0.00112463405099777,0.00339755714795673,0.000964721185543887,0.00104781010203601,0.00548005606373477,0.0010211225424747,0.0049382098200451,0.00514190208414666,0.00836538566100407,0.5,0.0011518485504333,0.00415431138245471,0.000975948580757992,0.000907443844202756,0.000923716955754586,0.00230503565054217,0.00112618714155681,0.000957831238070056,0.00107433037406975,0.000995476117360194,0.000959348985743579,0.00107208250567474,0.000982779375356623,0.000789846807221275,0.00108151847098755,0.00276233851546545,0.00171567716799645,0.0021410171806552,0.00171463213359323,0.00361512735985241,0.00568042068354602,0.00366171013159958,0.00110068230817363,0.00213387463310255,0.00103011757467488,0.00550846646266822,0.00110665616078019,0.0013607741574053,0.00753299337337523,0.00445131788464529,0.00541292880929009,0.0059045658213619,0.00577129951271998,0.00577159043431932,0.0010729799032514,0.00135478227905334,0.00106955895510416,0.000772815774812636,0.00118987853633669,0.00085435275326489,0.000822321836370828,0.000998946211618225,0.00123388589737034,0.00105218061331448,0.000852983168337169,0.00105728786191971,0.000996566058842095,0.00103519161242234,0.00101510240496632,0.000887188873683054,0.00768660194521274,0.00553332414388768,0.00116767745056326,0.00118421451716619,0.000922355645647106,0.00105551644274043,0.00300271109659315,0.00218151309961483,0.00105855673955119,0.00105680987369725,0.00101690317506922,0.000953646744269182,0.00583826440811925,0.000964666091599091,0.00390252272103726,0.000874241945373257,0.00102065103578885,0.00554194919927953,0.00542044960039059,0.000894517594608373,0.00561045128297307,0.00111626203672501,0.00116661150714933,0.00100880769649197,0.00105195979579453,0.000937208945487788,0.000926853198922763,0.0052339426512724,0.00137841841724074,0.00140634084707173,0.00425655415963377,0.00130632990384152,0.000991817263108699,0.00111225985975612,0.000963245644376804,0.00168248425234984,0.00107141573762955,0.00194454180247227,0.000979662299658336,0.000900736309993785,0.000859215491227978,0.000848665053738926,0.000995385983668825,0.000977947156548288,0.001044083342681,0.00109370474479626,0.000953039494118269,0.00121269262482324,0.00574304631675907,0.00355963961383268,0.00797166727631065,0.00679630008291828,0.00520626333246108,0.000964521406421876,0.00132872687229385,0.00265001160470775,0.00603656971130988,0.0010206058595407,0.000984257916289206,0.000865670661060356,0.00104687228566514,0.000983598160205052,0.00093272931697397,0.00076155804694842,0.000901914056388229,0.004876832837439,0.00503752600914751,0.00556632796589965,0.000800336730745206,0.00101630269620923,0.00307614628837711,0.00320586065877162,0.00731698150929988,0.00591714636076921,0.00316626903381598,0.00189915555699148,0.00501912684621672,0.000850339722855098,0.00500857800517944,0.00103210995799316,0.000906950532186171,0.00119069177995308,0.000878920044170183,0.000892482884619484,0.00092947942516633,0.00383349794541736,0.00177646538849137,0.00580786351250841,0.0010556778036275,0.0010348076292973,0.00132452612582235,0.00105180226577205,0.0010175616247255,0.00137990272137329,0.00598740394532151,0.000981733533892771,0.00237785753553481,0.00345165972879388,0.000842597561211536,0.00145942418857958,0.000857513476197334,0.000941377811196844,0.0016918348966372,0.00594264338531445,0.00555795181317523,0.000897178490974275,0.000907026689572303,0.00199042985705217
"DU0002",0.00224123572896245,0.0067492336267577,0.00108313742420284,0.00219891770361147,0.00077640612387337,0.00210680470517133,0.0011185103437285,0.00110026530979333,0.00118273777692387,0.00472082235197654,0.00112745856022263,0.00247673669924085,0.00244847800513421,0.00222833418058857,0.00233443471518556,0.0011354452960528,0.0046151455641727,0.000771715331680934,0.000993891005330235,0.00128290009501748,0.0022979154253891,0.00133913826281476,0.00831890070521962,0.000928900363178816,0.000898590672244354,0.00499914696394891,0.00107055505750745,0.00106623906286768,0.000772087734178999,0.00674750522672554,0.0046932394424333,0.00620228403202785,0.00226608589792543,0.00226814264258666,0.00237427975992579,0.00233317987532435,0.00130716480143827,0.00109889580380037,0.00100763397798729,0.00123760393788883,0.00089555061703001,0.00222004196326353,0.00110283198184639,0.00131935561980001,0.00213246376383509,0.00222056329649166,0.00107974421382165,0.00238306835785555,0.00424379674903376,0.00240784033607814,0.000929778279019134,0.00213692756926667,0.00381260698944187,0.00123815088496351,0.0022300440155049,0.0010782899378285,0.00219620739582384,0.00123308279703076,0.0011518485504333,0.5,0.00217203777446262,0.000863402909139082,0.000913302004070012,0.00227367018354647,0.0044325504782447,0.00103151954999848,0.0052812500665624,0.00205837584135378,0.00219447485912137,0.000878436306786761,0.00121470933784463,0.000907764146737162,0.000914057395765655,0.00206445508873377,0.00222333515866489,0.00417709097992494,0.00472359811517825,0.00492860722793533,0.00118759836493756,0.00143068986386295,0.00237872843380122,0.00495950230233437,0.00475696029873452,0.00234188698952367,0.00100445855209685,0.00542714775440156,0.00118881848145604,0.00123662122142999,0.000965576784621945,0.00114037330662072,0.00117200651681898,0.00374738822972255,0.00102093135009589,0.00117660857408615,0.00230300538169182,0.00554560988122487,0.000833408386570843,0.00221852240367896,0.00094965641255326,0.000873583695752487,0.000872895530859803,0.00225538097059327,0.00448204487263268,0.000833578693545272,0.00339935766347622,0.000856583929048382,0.000961928114016542,0.000881975737749405,0.00083507316630552,0.00118832084796715,0.00113773405282196,0.00218360018255804,0.000970781868320999,0.00316985134041332,0.00314739296249298,0.00417154542603747,0.00322759979450721,0.00335474861209591,0.00337739856439733,0.00446947563723658,0.00319150303949859,0.0012104597141835,0.00321845192866457,0.00319654507952156,0.00359262577794702,0.000838533390034008,0.00122347267393507,0.00103810740564346,0.00309239086362384,0.00117542772244007,0.00100120258772862,0.000941409939827943,0.00328526226477132,0.000880264492538415,0.00320661113970308,0.00326646954294953,0.00671866441463859,0.00102006358349323,0.00574185587860883,0.0010962089230131,0.00448533119320034,0.00296682828285885,0.00332120328899214,0.00700813412639706,0.00694559840420916,0.00333106713113242,0.000843909268854906,0.000853749143142396,0.00321741993856756,0.00306260993612543,0.00119181217678643,0.00105793803814703,0.00322369952727135,0.0044684288029417,0.000870012670103203,0.0031910591400496,0.000771985269671699,0.00114800249951183,0.00150656738929705,0.00130689740863611,0.00143005448336181,0.00102563005613273,0.000871528588787852,0.00104272099143452,0.00116352576114205,0.00130324481622326,0.00553355250418514,0.00321790704874652,0.000938621291657183,0.00326561824781208,0.00475795086834244,0.00088732671169395,0.000879203033809589,0.00314176235812773,0.00149080284872351,0.00321276705123168,0.00118340759078137,0.000872520054981166,0.00318832799044633,0.00111092661601203,0.00450712879770292,0.00126363101241674,0.00141879922931281,0.00320290956937479,0.00115375865959767,0.0053346479869969,0.000844286641224629,0.00112583058221773,0.000932723111840695,0.00304453408301166,0.00100289144934141,0.00303335499730036,0.000949369108690862,0.0013322440242273,0.000937578769178712,0.00106685858583307,0.0052279085138596,0.000945813896030646,0.000940914269787969,0.000739514302421766,0.00323884187932723,0.000829208457986556,0.000978562154357744,0.0011919942006414,0.00323942967475711,0.0010370679518015,0.00720171313710764,0.00318837614268479,0.00521396481780491,0.0031698732018166,0.00444836371621863,0.00122048082567648,0.00122666238396317,0.00105239621014297,0.000861096479455409,0.000866640334682909,0.00332557073784965
"DU0001",0.00586005055139442,0.00228165023581093,0.00121563662514624,0.00248177550387096,0.000976313310398436,0.0023536628494475,0.000942182788403267,0.000853804215608574,0.00102369915023692,0.00250939542449701,0.0010009664182212,0.0026667397973098,0.00267321563820072,0.00558706738822452,0.0026889262929998,0.00124442638668824,0.00244417423632703,0.00147819972681568,0.00234037398797491,0.000993439821952222,0.0028380823300948,0.00100868044735402,0.00220994236012438,0.00106435055445321,0.00446143627347154,0.0010082849771264,0.000917663925925218,0.00104505043793058,0.00367383910178081,0.00223505549684281,0.00246554462602298,0.00103749597283537,0.00615717525095185,0.00400605470027462,0.0038105958677561,0.00390201283975129,0.00226912113012259,0.000950271977006994,0.00110367176678752,0.00350416897766269,0.00118213485183359,0.00255142335165141,0.00123056388760748,0.00329991284410027,0.00243707012916362,0.0025729584200461,0.00124884822332714,0.000908613261217665,0.000794649111918076,0.00271155107574527,0.00348530884116129,0.0024465190693573,0.0025656369316721,0.00415088581493948,0.00263140032600937,0.00461492559741309,0.00633660859577836,0.0044919530172669,0.00415431138245471,0.00217203777446262,0.5,0.000813794696656966,0.000861508108177679,0.000766453315888819,0.00262740173894477,0.00107888143572856,0.000794151882379145,0.00229599889499247,0.00256382263041518,0.000819289266502325,0.000923455056161864,0.00107723167059995,0.000945204350973405,0.00229083158121657,0.00118722170966437,0.00111240960984327,0.00250632287546331,0.000856364544979762,0.0025236207476031,0.00123699796046251,0.00271609845465087,0.00242992099548004,0.00250792748684559,0.00273452602009891,0.000954138205452588,0.0023291254471106,0.00138773925414742,0.00433373548269906,0.00391433839873412,0.000972357708603653,0.00103456219276269,0.000916521727283147,0.00100668456404429,0.00120313144928954,0.00423266794674254,0.00236199873455458,0.00077939895848514,0.00390107187055307,0.00104195422090338,0.000822333677801857,0.000943504545768543,0.00273901602936398,0.00230278375867307,0.000842688530788068,0.00361935733065306,0.000821964681310703,0.00106522295598985,0.000938777793858472,0.000811440846729121,0.00433199258172922,0.00102821538444518,0.000810610192844022,0.00107614192239584,0.00462235384387018,0.00348955500307165,0.00357792917109849,0.00468005344170339,0.00364598777978612,0.00360874648658086,0.00339050137019489,0.00350993200320946,0.00126605834069677,0.00348054438064037,0.00608157482861212,0.000915833932783574,0.000961022817660828,0.00124448544766741,0.000960949895204541,0.00335792977049936,0.00115713786280909,0.00118028369713953,0.00105032086144302,0.00357726126445981,0.000924641109590379,0.00611325254435447,0.003559992711454,0.000893914521716883,0.00115331198975347,0.00111606282053601,0.00447460537107606,0.00107297019193602,0.00319775881121581,0.00373302772869847,0.00330360521826058,0.00111913954099024,0.00364965429883052,0.000828545128585417,0.000843653563052446,0.00466556640395396,0.00339400795878713,0.000884308783539842,0.00104227853763414,0.00629092241265161,0.00101019726350556,0.000984615756489781,0.00355654093981428,0.00109383709832491,0.00226347475269528,0.00244905704528567,0.0043108016243058,0.00149387354983993,0.00104276140654983,0.000941053280286087,0.0011733041906208,0.00402498847610178,0.00457876669504533,0.00343108326583543,0.0036360628418779,0.000954243576233329,0.00473700559589475,0.000877320609582526,0.00079747024332807,0.000883210201860949,0.00340799978633443,0.00126071593982957,0.00641014211066971,0.00448281011343777,0.000915786971683726,0.00350226842811204,0.00111420879064373,0.00109211676880588,0.00274563917233945,0.00124516280376316,0.0063026661333622,0.00430590183496452,0.00104403461020737,0.000814365378542339,0.000907580012675037,0.00073761912780926,0.00329203000021841,0.0010945891959669,0.00330174910467853,0.00093703769374218,0.00105238720246499,0.00415780886127631,0.0010833070656224,0.000961896424058336,0.00392039216501032,0.00117527657457903,0.00116727331937901,0.00361193142639774,0.00104074300097333,0.00109076801764646,0.00118148780133585,0.00362333749670538,0.00251469492311459,0.000984856595587735,0.00356221215900981,0.00113449343994117,0.0044413288776617,0.000925844568733291,0.00244258626935243,0.00111147237097395,0.00109928523097097,0.000801049660285694,0.000833727887038881,0.00382758319806102
"CH0010",0.00083024333164085,0.000893378493189003,0.00130938689852388,0.00136736906720158,0.00194592969115987,0.00131296562457866,0.00247109008950985,0.00219742283340827,0.00153548340329946,0.000660571173840696,0.00126135726161382,0.000666610413365044,0.000663451492859967,0.000727616120459607,0.000684725416901979,0.000464740629391478,0.000706292660877171,0.00111930523372306,0.00133444655827701,0.00104456106908777,0.000979190925285483,0.00102976682069664,0.000908251103004129,0.00325886735735181,0.0014246028794491,0.00102425992219817,0.00856175122179635,0.00134924382340016,0.000931390045384449,0.00092286299683587,0.000650253237948893,0.00104183436983597,0.000742428907506169,0.000706396336857072,0.000658387333386479,0.000667622890544612,0.00125753053175802,0.00234928897407617,0.00372684276742548,0.00111292769200652,0.00219529544948391,0.00100523475043212,0.00119584313097923,0.000862638023283419,0.00107455602588378,0.00107161931253598,0.00112199189790377,0.00517800291871875,0.00790001061616547,0.00612433143270544,0.00797751697365121,0.00105896517651204,0.00101343171861899,0.000958274142166267,0.000981182155127157,0.000953958356540314,0.000820865604429372,0.000867926724348511,0.000975948580757992,0.000863402909139082,0.000813794696656966,0.5,0.0107591155639073,0.00573577423992343,0.000653285920776999,0.00358149927575929,0.00497661921302308,0.00135612064100705,0.000982357734560555,0.00941679557209675,0.00424205388914066,0.00258272610657203,0.00856942772010859,0.00362846376624813,0.000677472824822969,0.00100421211762028,0.000658940387120437,0.00125619789159791,0.00176362291632488,0.000971400625915602,0.000659659801345977,0.0007018319155977,0.000660357450342563,0.000872486550228965,0.00413670738705306,0.00109568506813938,0.0010247442093482,0.000880539880355258,0.00269816902821839,0.00362439504295571,0.00141948324540741,0.00139922404892019,0.00130564135761417,0.000450977325774687,0.000771458740033078,0.000948140398361545,0.00852749813507782,0.000943777190667598,0.0080783876313161,0.00868678389544767,0.00647811936030246,0.000949321119830922,0.000605346011264487,0.00943259612939183,0.000592137685737614,0.0116590799942639,0.00146110227713585,0.00699430026487392,0.00913275935826541,0.000893453676984894,0.002335457595873,0.00192389741801803,0.00129771328205927,0.000792646989662604,0.00121914299341201,0.000551614492372942,0.000565929128902238,0.000552184292592071,0.000559325604735708,0.00180320585867892,0.00115196478970129,0.00117115545806614,0.00105367141264832,0.000621129815590571,0.000906235966445895,0.00256767467906527,0.00125049934341384,0.00355110467224352,0.00113009712404079,0.00132086407194656,0.00411383533802097,0.00180781485225388,0.0031987148320474,0.00667094467434062,0.000777626470266592,0.000993404738021714,0.00103535320182515,0.00137903808512114,0.000932493160180411,0.000974060782082623,0.000905715729233614,0.00324717952716821,0.00100020470979686,0.000774252154335542,0.000899572772460005,0.00056626916586065,0.00406802458696385,0.00995543450241482,0.000852606916508886,0.0018958962571926,0.00137177193870833,0.00373937774420603,0.000751192358214981,0.00221849946997318,0.00515460388502442,0.000868543492087907,0.00143648092368134,0.00114834265098557,0.000864612577981221,0.000820246764332567,0.000711636259626734,0.0014380200288262,0.00499859908588637,0.00114995023596611,0.00079708386709318,0.00101726183603613,0.000551627199536181,0.000851115173367368,0.00887456257627119,0.000752886732057699,0.00576731734835409,0.00807289513972352,0.00899023407420246,0.00108025462120224,0.000961982412860433,0.000680436325861415,0.000872974019134685,0.00797409049485782,0.00125739381925315,0.00356286445035654,0.000944692178655789,0.000819648334247937,0.00121502718084739,0.000680804150002473,0.000934883936374502,0.00177249226910913,0.00977404146010867,0.00360747305403798,0.00246346453952068,0.00313348889674358,0.00137958269644568,0.00101791381625081,0.00203557562695539,0.00105200771718311,0.00615476372977893,0.00245989767428754,0.0011158815113261,0.00152103295347369,0.00137614726140983,0.0014050316215513,0.00182179738925833,0.001760980883467,0.00252684928866838,0.00111235639414431,0.000909445246474717,0.00272574592150651,0.00104106364620373,0.000922626453847158,0.000939428348136915,0.000943358791123223,0.000844347491448935,0.00105678903297075,0.00127096313402331,0.00125146489109198,0.00967683829458395,0.00930391625032139,0.000757993384519712
"CH0012",0.000877512017055395,0.0009537643858861,0.00126755079512942,0.00139470657476793,0.00178821956603642,0.00128104662359287,0.00322752507753368,0.00325004013007576,0.00139833841991773,0.000725207159406914,0.00118688975012129,0.000750726069331849,0.000747760084436529,0.000783833103988523,0.000752623201309172,0.000485478457835571,0.000814753194404321,0.00105885210428033,0.0012858847390064,0.0010038340586604,0.00102736191946946,0.000995657744126667,0.000955899338312014,0.00549176629254854,0.00348397884454613,0.000975038351423645,0.00380197957068738,0.00125354809951518,0.00088296439942683,0.000971807528105513,0.000720637469187888,0.000984771472771292,0.000840438566180248,0.000772875963253164,0.0007218821002999,0.000732560690767468,0.00116979565628959,0.00134262497582657,0.00405332586515159,0.00101300023748411,0.00191745693063818,0.00107924846116607,0.00119808783904263,0.000851239737061521,0.00109528969918171,0.00111416809232019,0.00110188334693307,0.00353333534298334,0.0112494047950524,0.00131874031446495,0.00692649706032722,0.00112415718984908,0.00105373462028677,0.000910961816874578,0.00201141274561312,0.00094224192016641,0.00087932087578422,0.000865576965187164,0.000907443844202756,0.000913302004070012,0.000861508108177679,0.0107591155639073,0.5,0.0047544394177672,0.000713842329541589,0.00568928555651077,0.00413075379622514,0.00136008458901042,0.00102852924217965,0.0103110712366643,0.0018496964335659,0.00225068316283188,0.00929073962085556,0.00428541316194398,0.000671056946792211,0.000987318180468664,0.000723472271442598,0.00105175845045483,0.000867593522947871,0.000940846219590693,0.00072328557461294,0.000790125760111277,0.000725074782590277,0.000917416908821396,0.00340543448579738,0.00213680484448437,0.00101117680810766,0.000874705168139084,0.00226817476922434,0.00432432682400464,0.00130819631374558,0.00130034394492616,0.00126577885629086,0.000477518395467481,0.00191622553792192,0.00099691555003996,0.0111969912773293,0.000984255012627508,0.00394213861394106,0.00846812812097561,0.00556841002154489,0.00101545438927319,0.00068349302454363,0.00861438564006414,0.00068955283561686,0.0104226745321669,0.00139978354855279,0.00592032077028449,0.00849259215073476,0.00087223461040584,0.00123879587701151,0.00162419368572846,0.0012517000643245,0.000890159885410855,0.00368848317377651,0.000613899312037956,0.000644835527826009,0.000641003856622555,0.000649651158247648,0.00306701391097744,0.00355592127240498,0.00314614451812083,0.00104165633779036,0.000683941458371313,0.000935180379006254,0.00220944782433594,0.00112565167415623,0.00419318781331329,0.00112740639227496,0.00128232636006009,0.00273296274720173,0.00175468449597597,0.00287862149082367,0.00643600363767674,0.000818568036591611,0.0010580723845273,0.000977533240374181,0.00133785524954704,0.000935150670996662,0.000972160924220893,0.000902740719582587,0.00399332580815818,0.00103529859662126,0.000828059252523059,0.000894910803285751,0.000650885043749889,0.00474403755301605,0.010409404676196,0.00089465552312959,0.00106564730003115,0.00207667311473495,0.00153099615187739,0.000786891669980217,0.0019181678864874,0.00567938096335631,0.000940183009852026,0.00195094357870458,0.00111275499143355,0.000827904435772641,0.000820088072302297,0.000720149661484021,0.00133008581151548,0.00339007508516093,0.00118165860006004,0.000806428885670713,0.000947345641456871,0.000619883605098182,0.000905764933532509,0.0105370756673948,0.000807790908230631,0.00481723239815595,0.0111698482744389,0.00908766030301075,0.00107137164960594,0.00176311943041483,0.000730047896296726,0.000869379839943419,0.00691157786773582,0.00372888670664255,0.00422009316211325,0.000941743313485466,0.000826732400627265,0.00114620396655582,0.000743238650777199,0.00088684061398096,0.000930253257829459,0.00900887564329739,0.00435985565515711,0.00257229902845624,0.00375809211081602,0.00135028094282186,0.00108213471872443,0.00120668717008713,0.000980245482339286,0.00516866444379455,0.0037666166078355,0.00103723893181563,0.00140478186497522,0.00137296599829767,0.00132814886728335,0.00177159250189087,0.00168078479847829,0.0035077822850056,0.00105587742178363,0.000912718891061525,0.00228295083682486,0.0009806990994871,0.00096741077126163,0.000933427303226611,0.000976997049077809,0.00083220739365,0.0010341205763665,0.00116746217730878,0.00115926971515066,0.00998860899436285,0.00824321772440586,0.000814313169687716
"CH0013",0.000817454992649892,0.00221697039379349,0.00121463205273456,0.00104834763772993,0.00177991791080911,0.0011190591646594,0.00111697263167227,0.00121971663775223,0.00103021120097709,0.000728921296052735,0.00103951333591107,0.000712799479837815,0.000708784282592601,0.000702243269601311,0.000677875853713344,0.000547089066257792,0.000827698959399059,0.000883552141578059,0.0015694056681381,0.0035370490676202,0.0008660084042369,0.00364098979903221,0.00232159057653113,0.00488076782721153,0.00152132377612668,0.00209450484794777,0.00135022286082186,0.00108267003379784,0.000746316168197839,0.00241172479897872,0.000704268950838667,0.00214091753292728,0.000714900564817475,0.000686706374892102,0.000647620192183732,0.00064763049230851,0.00123704946243943,0.0010702294129791,0.00150650469733579,0.000976939908377257,0.00261981175585121,0.000867843556145374,0.00445069226111347,0.00115534791786943,0.000938572355101102,0.000959294528984179,0.00110481171753799,0.00729014923827473,0.00455427953689572,0.0010219828617293,0.00601745685588962,0.000957020047669373,0.00413157033908417,0.000978998850127007,0.000874911976329532,0.00102123603267751,0.000775132521222273,0.000966035567852851,0.000923716955754586,0.00227367018354647,0.000766453315888819,0.00573577423992343,0.0047544394177672,0.5,0.000673854563110864,0.00158009408745112,0.00809064864606639,0.00126964437957195,0.000879514713048006,0.0050722224517839,0.00203240135880821,0.00410347170742961,0.00473719341270762,0.00137445361905327,0.00113008135675965,0.00378181933373906,0.000729166223910156,0.00177367485200763,0.000929142784634365,0.000880979814038947,0.000648922572113201,0.000814891634784525,0.000731604703565472,0.00113407533159749,0.00120447571600291,0.00393089370906082,0.00113962461472846,0.000939707022947216,0.00435422181059768,0.0013683179546528,0.00119720483967356,0.00383513757431907,0.00111915253430533,0.00054793185953961,0.000745189485490947,0.00271203475983921,0.00463755787657231,0.000810270724280975,0.008898766482034,0.00655510548895316,0.00575885258109076,0.00081307043468202,0.00160586744748119,0.00556782035950574,0.000573651338519179,0.00554846043723518,0.00135245887658794,0.00546262964760739,0.0051927672820042,0.000940251037316463,0.0012419003031142,0.00539540102638791,0.00122151035725648,0.000692626989077465,0.00106181360659658,0.000568674735459456,0.000562893871197121,0.000548695907574245,0.000554219804304556,0.000951046145809809,0.000965122296585692,0.00112962267870283,0.00102225513892868,0.000614009872561013,0.00103038795606935,0.00757578667917059,0.00109375276353781,0.00148607444102743,0.000921377005163461,0.00113467442850681,0.00509148182316062,0.00158580971922493,0.000862275128490523,0.00522710736023824,0.000745649177607236,0.000799860810552632,0.00230145907010515,0.00123429186156087,0.0021717619032008,0.00104017198564995,0.00135724844307066,0.00122435565817883,0.000765000787372124,0.00202177524935347,0.00227724154444685,0.000567518827707093,0.0265165137390305,0.00508352541867471,0.00076763561984985,0.00103774820253278,0.00109932876702599,0.00440212626305779,0.000684744404515494,0.0039955587734446,0.00448675572362733,0.000741798821798397,0.000885553032578994,0.000985429588332498,0.000850652166174462,0.000974085235884585,0.000806901840368587,0.00136233142864181,0.00541019436857118,0.00102937493335092,0.000863194562090485,0.000937435707023616,0.000643293376649098,0.000730346438008232,0.0071741118452676,0.000695151008799608,0.00725288353580153,0.00429630934073959,0.00719468435390155,0.000912696907142794,0.00100391527656953,0.000685738079958475,0.00095228834674656,0.00633897599624665,0.00108290577750273,0.00148048232211532,0.0023726466571792,0.000893477717346474,0.00125267709049631,0.000652923821137656,0.000905718685452992,0.00226356662413974,0.00490889879611482,0.00155151411136869,0.0315139274490329,0.00111033435870462,0.00150010456534053,0.00083869077799364,0.000909565115667734,0.00145419389851441,0.00608904336434422,0.00130866341577839,0.00375438836027107,0.00165212332755933,0.00134689569444204,0.000912718699487499,0.000710032362966444,0.00169994590776337,0.00139879233349815,0.00232054485082589,0.00079935834034013,0.00433955666225665,0.0023035451162809,0.000970395385275407,0.00220984014213309,0.000965240099601499,0.00227799449527614,0.00121610748161299,0.00107561161444272,0.00111121120694318,0.00538213518246057,0.00563750532544319,0.00075953558458699
"DU0090",0.00391394850722152,0.00355073806036733,0.00094160890360974,0.00244067463466598,0.000757879402128669,0.00232860958935502,0.000817344143111048,0.0010316039809493,0.000904324283176468,0.00609636571074098,0.000843221842503082,0.00585792315537436,0.00570667228468155,0.00533256257316362,0.00577288875678514,0.00409894408733637,0.00546980053711645,0.000853704203635288,0.00098225311637078,0.00117116010734496,0.00258820986410345,0.00120316232338367,0.0024603142011454,0.000799437554323908,0.00120593253918383,0.00207306779604443,0.000749777718586561,0.000825990829436048,0.0010032378107746,0.00242109888645422,0.00578307398557347,0.00320483675085674,0.00281485005802584,0.00537174397382476,0.0062008434067705,0.00585682293101816,0.00104723689185943,0.000826219291516171,0.000883409513096584,0.000986471203196815,0.000911636694077662,0.00247828249355326,0.000950581158869081,0.00126204276044022,0.0023570611964256,0.00246841215961625,0.000973315686137147,0.000807381392732882,0.000916701285170543,0.00269637219981767,0.000834899131964503,0.00237356528516393,0.00271727326718249,0.000971965466097372,0.00249816019600204,0.0012484530522135,0.00274043101021749,0.00121294645511924,0.00230503565054217,0.0044325504782447,0.00262740173894477,0.000653285920776999,0.000713842329541589,0.000673854563110864,0.5,0.000852587037930187,0.000853460198241256,0.00227078829173108,0.00244686587373038,0.00063828160965359,0.000759849600334178,0.000844777549658797,0.000753118957982725,0.00225659312707944,0.00422051612348429,0.00107887705828174,0.00607999163441751,0.0010615290941016,0.00390078064651746,0.00262805733292445,0.00621532602833538,0.00553154441312547,0.0060733421224756,0.00273328933744138,0.000768060481799562,0.00244506993932741,0.00136167629304466,0.00119757051210459,0.00337062753807486,0.000852506586698881,0.000839937749226053,0.00079192430011901,0.000804326443935636,0.00476841160619744,0.00302702983544576,0.00258703130574255,0.000639010304503872,0.00247429293692535,0.000775310964037191,0.000645675226348536,0.000753098268715281,0.00251949888122204,0.00531271800195488,0.000655172005959882,0.00651194763626119,0.000641913236503443,0.000854367823625568,0.000745239197416237,0.000658890760429961,0.00112853576468646,0.000868967510875588,0.000875302937907358,0.00083344865706805,0.00344740803138346,0.00344197824759412,0.00675184110826275,0.00624981120780132,0.00634453527652362,0.00656669169281154,0.00350555222017814,0.00347851615077553,0.00132303362957115,0.0034725371632436,0.00596818074232385,0.00337550531209196,0.000766752174467049,0.000957188429090798,0.000798600387795317,0.00334172870769361,0.000838948798156766,0.00120747969946466,0.000808807374058711,0.00358625428766278,0.000757542232575417,0.00349085124514698,0.00355021254009094,0.00190024220350042,0.00089156908922375,0.00216524619076839,0.0023422770789268,0.00337755301752396,0.00317720817748343,0.00358741431239643,0.00348031788974535,0.00209837755877147,0.00615844357397369,0.000729381980306392,0.000707215326922147,0.0034974394794045,0.00331677416009577,0.00109405461872077,0.000828943401888291,0.00351236652658842,0.00201696127480153,0.000797307227923134,0.00346649996884966,0.00072923510638719,0.000908165423086384,0.00429234534735544,0.00226214836724837,0.00455468816750416,0.000807898868337323,0.000740171881532716,0.000939804207322402,0.0038026210521277,0.00116260850851607,0.0064982657102475,0.00349947102341236,0.000762976199941651,0.00355876381617368,0.000901837812090094,0.000646722849021716,0.000707539432156316,0.00339574364766093,0.003922666962783,0.00472621517754252,0.00227902419267347,0.000710044301747988,0.00345571783955195,0.000887576903301531,0.00109710075864434,0.00380024376222475,0.000900602985400426,0.00353402781086885,0.00111482244949651,0.00197537148916373,0.000669377821828953,0.000789509821550513,0.00070910725519308,0.00327125945906999,0.000829773541621773,0.00328229868639604,0.000915531795141817,0.00120615233183971,0.00100598591309582,0.000846787566026698,0.000930638997813194,0.00104090390088429,0.000929100362012653,0.00070292863228857,0.00351858738229948,0.000825664955844478,0.000847212310634902,0.000997116537195901,0.00352020554793296,0.00365884463165782,0.00211360134652802,0.00345409150159493,0.0021946280027662,0.00343078779991041,0.00217065389088738,0.0010432460331764,0.000922998478916316,0.000815850720927427,0.000619649517737782,0.000672261565201123,0.0036434419181946
"CH0049",0.00106996694583464,0.00105177293818099,0.00545943004746993,0.00119939414055074,0.00733687358976112,0.0011788633498757,0.00322569700782896,0.00411086419971318,0.00117425365129856,0.00086025628586758,0.00116486280249596,0.000836142452420795,0.000816522121902833,0.00100484713538055,0.00085538349153951,0.000639439175926027,0.000870510262360602,0.000824448738000367,0.00553603762548678,0.000791287923994882,0.000936459453534269,0.000803279573743078,0.0010682666166041,0.00716451175265757,0.00610903577190543,0.00118403681313192,0.00264813124336682,0.00125536325023606,0.000815226222289678,0.00104242108261282,0.000837991706528563,0.00108336687281558,0.00101337317100591,0.000944041078047101,0.00083016122991779,0.000900072287205764,0.00107656635920855,0.00125790867806127,0.00886536341920199,0.00101951919457978,0.00458749858258688,0.000996831955965104,0.00642344504219851,0.000809327857186956,0.00093129623455634,0.00094638263937019,0.00575635667981718,0.00412671010063796,0.00134750192759065,0.00122307102228434,0.0013487000971646,0.00092012940898065,0.00101201503802745,0.00135383630040984,0.00105827645591521,0.00610722339794675,0.00109121597007789,0.00162530389518676,0.00112618714155681,0.00103151954999848,0.00107888143572856,0.00358149927575929,0.00568928555651077,0.00158009408745112,0.000852587037930187,0.5,0.00131219743461308,0.00113724074860444,0.000908972038969954,0.00147265440268927,0.00386393438413889,0.00324512357744018,0.00125652846371906,0.00461784433607579,0.000729263387060415,0.00476250094684642,0.000862930643520993,0.00129797541153464,0.00577463313492191,0.000985805174204519,0.000831799392140878,0.000862474088692956,0.000865356350769416,0.000970016708935062,0.00352647869203033,0.00545678902178552,0.00657792135227638,0.00169042717741264,0.00284539453040673,0.00391399896733579,0.00129279262949632,0.00116218221867319,0.00109681051749083,0.000636332937839125,0.0019779131561132,0.00109738504914646,0.00142527271463321,0.000861086291969974,0.0014712130817894,0.00411058322538625,0.00520062180917152,0.000932755003763652,0.000812185396926777,0.00142579140500509,0.000703509751713372,0.00236343539479116,0.00588053597073987,0.00486557152665175,0.00148699617640496,0.00153705760960567,0.00123411095115732,0.00126835297281291,0.0059836873406623,0.000797149091835467,0.00370715397353994,0.000728638557368312,0.00078087807612551,0.000704387973657996,0.000711649964402388,0.00308876156294813,0.00368828169329325,0.00216556158308611,0.000951484915082968,0.000850033863902402,0.00100791828283557,0.0030418700015916,0.00113249161178455,0.00500410110460166,0.00101097498732808,0.00133582508767792,0.00176824765200972,0.00584228387612248,0.00113841805834479,0.00544995310303275,0.000755836415386945,0.00101860544552252,0.00109039233130965,0.00576922799664059,0.0053713331480256,0.00623360246548203,0.00506552680907694,0.00406056860597546,0.000804829168206492,0.000902564500020901,0.00461765257481318,0.000706955382391363,0.00386670355226878,0.00514447342591774,0.000852515251744051,0.000891483872849862,0.00122426599603829,0.00593697108130927,0.000788444813052164,0.00441648854902551,0.00648671497987536,0.000810679698568881,0.000912761680229847,0.000987157396098254,0.000898405413291003,0.00154832235496076,0.00148933680265571,0.00135027697011167,0.00182338821151448,0.00550149910468,0.00542718376039812,0.00104124811519518,0.000734247334286954,0.000753215219524723,0.00132101430107393,0.000758050129690805,0.00152830607389655,0.00142910510528518,0.00133597959391591,0.00100295714834898,0.000949174834628529,0.000871488161375048,0.00324150073960715,0.00149634985779021,0.00348855462878918,0.00619843957389777,0.00291698431466054,0.00295577825712987,0.00130713336928736,0.000808414309611531,0.00529234696846176,0.00135126329815826,0.00231399998814148,0.00488742051062227,0.00192214343101013,0.00404062754431074,0.00639281697139853,0.000947102203612646,0.00107194216128125,0.000867863641631618,0.00146095520766523,0.00659207383024788,0.00115680785211926,0.0049395786349873,0.00528760105019046,0.00089653214966639,0.000836342920675402,0.00522450775301217,0.00815219107630183,0.00139667374771337,0.00086330911855208,0.00173010749373443,0.00108257672609967,0.000840572733679782,0.00529926857689537,0.00083976542899698,0.000873029193753559,0.00479289231079258,0.00130561311768095,0.00128364137069048,0.00150544377418956,0.00148485870597135,0.000762031011741312
"CH0043",0.000828340135138332,0.00491714517890551,0.00109889340990855,0.00097414508743059,0.00150955232476056,0.000993721625422596,0.00109703748995511,0.00104447648259926,0.00106722170038125,0.00179625747607972,0.00101456778210046,0.000898396882943965,0.000871486256064251,0.000762329713826927,0.000781596544781768,0.000624886304563815,0.00196906188112573,0.000941101615481088,0.00131158358245317,0.00128724525127568,0.000818782573687007,0.0013134197603431,0.00537920175606279,0.0044409973026016,0.00132023382538417,0.0042549646961196,0.00123636685682909,0.00103320476753835,0.000743562906943133,0.00504399260843164,0.000995457928801053,0.00462484889427844,0.000757498598086095,0.000765738915061223,0.000782093774452663,0.000775136754685704,0.00129984064163511,0.00104887839837373,0.0012441133954271,0.000973004501647736,0.00144877397289662,0.000800326851903738,0.00110389831613024,0.000954787986310465,0.00110987931911617,0.00113400988322948,0.00121801122443186,0.00813118039293769,0.00610228612007503,0.000983116658546096,0.00529985795587461,0.000895359445535488,0.00387441827641543,0.00104037966863286,0.000820747022161145,0.000985624349158351,0.000809952463795177,0.00105329250601989,0.000957831238070056,0.0052812500665624,0.000794151882379145,0.00497661921302308,0.00413075379622514,0.00809064864606639,0.000853460198241256,0.00131219743461308,0.5,0.000959097533345639,0.000800793892763399,0.00452255101533327,0.00674189422699884,0.00367007243954206,0.00436524199145584,0.00113028508631976,0.0010206397439807,0.00432393637754279,0.00179757006549139,0.012711457659477,0.0009252077277791,0.000994938877648479,0.000783819337404233,0.00203359349454216,0.00181205194541829,0.00114688853009743,0.00111809022417521,0.00414922743809285,0.00110070031406217,0.00102658011874477,0.00410036719121834,0.00120114259806423,0.00118936568473959,0.00380285532093645,0.000978123736227342,0.000658910041990125,0.000797892436569359,0.00407217636117691,0.00414827600467178,0.00079356860276394,0.00590383594096056,0.00556336078269227,0.00456851326364466,0.000791901792315174,0.00180686179540164,0.00473295476090959,0.000738489358001441,0.00494112267686998,0.00117487262107161,0.0049975899453637,0.00454590409623928,0.00100825619712064,0.0010790643918678,0.0398092463533191,0.00102980731685847,0.000685828668244599,0.000867229849091518,0.000735389659373743,0.000669826557323136,0.000690553213184415,0.000727743107553023,0.00199065353851243,0.000823508732631923,0.001015348398763,0.000857577713639329,0.000702927445878848,0.00201956338925944,0.00335738012394826,0.00106152543157839,0.00126786739335869,0.000867555504319826,0.00111364007239616,0.00459656100115743,0.00136520988157743,0.000859997495929539,0.00477656563760072,0.000727336119049119,0.000812432802552678,0.00559624333203773,0.00112257468155825,0.0045796172614678,0.0010016838078538,0.00498369285206077,0.00101709635461873,0.000800002899435271,0.00441337119980235,0.00502007980799792,0.000691954286846571,0.00169231088657929,0.00439786690935154,0.000762098241182893,0.000824333505205854,0.00103812445922496,0.0017486630719933,0.000720627595110965,0.00655060619104948,0.00398702219687059,0.000723928637073114,0.000849461741144972,0.000946618573314535,0.000989988068503104,0.0019433277198327,0.00101178485021485,0.00114967472205331,0.00504499353183781,0.000950266073952761,0.000903152029674339,0.00101694428753079,0.00167827691990097,0.000731682268671307,0.00422415675675864,0.00071080373361805,0.00918557727874816,0.00299184491440776,0.00463199377486281,0.000888605022694825,0.00104050180224824,0.000743059028115228,0.00101221529086985,0.00537106194542642,0.000873526836881165,0.00129765470264626,0.00434178715126003,0.0010209933504516,0.00236997288950299,0.000701239105946417,0.000949415237554877,0.0046906456501749,0.00436377264531561,0.00178021677736108,0.00207692745786629,0.00095763072899337,0.00132877611962319,0.000770097425130391,0.000851771463316634,0.00114653905967069,0.00595968503858984,0.00117590745301217,0.00507864814731693,0.00142679515782767,0.00114826949577388,0.000856469011025491,0.000716217597534737,0.00139026961219423,0.00114308004519447,0.00123831141545327,0.000791765122700602,0.00410655595689667,0.00516234684724527,0.00100672207694431,0.00454188568424017,0.00101466629640486,0.00390312094031552,0.00121921399824853,0.00108274157317141,0.00103027756406021,0.00487134463773076,0.00494556988468716,0.000724580550789933
"CH0041",0.0023188812821906,0.00215952249513635,0.00384918452714678,0.00397650340431576,0.00394204496583586,0.00582152397059523,0.00367190212363321,0.00307820755331444,0.00114473814602137,0.00224015039143313,0.00395048761343892,0.00234941498315646,0.00235097538130781,0.00227804236730528,0.00229211044222684,0.000915534128345118,0.00225571209286393,0.000957451665542353,0.00127454730582359,0.00215394116631151,0.00251744587412707,0.0012509216593445,0.00209585080145936,0.00131907115176126,0.00113655281192337,0.00100020878741414,0.00105853369426778,0.00427072310038808,0.000857396195788053,0.00213447350850816,0.00223623747399981,0.00101993959589604,0.00241413212370565,0.00227644562516594,0.00228572885811712,0.00227379106724242,0.00123833179210072,0.00333872329365465,0.00108945812123579,0.00123871070271061,0.00232488467304963,0.0036609897836361,0.00126751390722688,0.0012378249130352,0.00239999612659571,0.00245516974625527,0.00120361248216519,0.00114254183693959,0.00125162314392524,0.00367245193461264,0.00128250759191261,0.0023943503477812,0.00245987269898817,0.00115195748645455,0.00377675669664194,0.00108642009179579,0.00230744308997338,0.000977317446756046,0.00107433037406975,0.00205837584135378,0.00229599889499247,0.00135612064100705,0.00136008458901042,0.00126964437957195,0.00227078829173108,0.00113724074860444,0.000959097533345639,0.5,0.00241616835736544,0.00149131146078163,0.0021030032515869,0.00125931546456336,0.00140333473764604,0.00228475942776202,0.00116703046581256,0.000938857585152625,0.00223901932882445,0.000805447901733115,0.00109547558323058,0.00120278482329505,0.00228967294468265,0.00223760186140646,0.00224217845089345,0.00250154271187889,0.00105408732835236,0.00222649382292724,0.00118283767268112,0.00104861684500755,0.00108227667200365,0.00114430069162707,0.00131036411718493,0.0010059966455919,0.0034705536183697,0.000899598335237674,0.00240357844635216,0.00227162520591204,0.00370305492307096,0.00246614778300972,0.00124727313042229,0.00408201832837936,0.00116636881926885,0.00254580118406142,0.00212225334499206,0.00377050151972773,0.0033076737657116,0.00129890945090759,0.00428014398387771,0.00117949347084384,0.00431509149829384,0.00100466799502188,0.00377369359835985,0.000856671848235318,0.00431924327571305,0.00338360365426471,0.00330890210007419,0.00321616539296793,0.00322793148362559,0.00330533107657375,0.00329204958135406,0.0032492361838564,0.00339344549053031,0.00115578171215191,0.0062220237720622,0.00323423999821426,0.00114496196505974,0.00427003275667098,0.0041907511012763,0.0011042988174073,0.00609442172477657,0.0010480793035453,0.00124386122434117,0.00132577988323433,0.00354037348917391,0.00114292551812524,0.00336207493189112,0.00365647796325242,0.000971770098892018,0.00379760389112885,0.000970649150853579,0.00109556819465837,0.0009251920485689,0.00315920372703051,0.00349060475895009,0.00316013809938278,0.00089555846374261,0.00330522768436515,0.00181805892040388,0.00123480016917189,0.00345100159365151,0.005705299451096,0.00231609077702075,0.00370873783496527,0.00341691599468008,0.00102884358404787,0.00109980522095773,0.0034324056762922,0.00170093675445029,0.00121818847920662,0.00115209442302648,0.000950092343419858,0.00104108069634045,0.00382685242051479,0.00403932104958658,0.00228440157295268,0.00105810980200936,0.00113207797773543,0.00319280642775021,0.00345714846877367,0.00147814692243665,0.00346728428878022,0.00107503220151506,0.00351578712376259,0.00137790282110315,0.00624652691105264,0.00116013384484164,0.00326554358998436,0.000996695648131432,0.00380362905224079,0.003354620304678,0.00103342604884,0.000895799685810636,0.000970272949950254,0.000936016163340952,0.00334643765933307,0.00108018876298664,0.000907316039879724,0.00379893997391689,0.00109355490428364,0.00358752278384186,0.00331471319296656,0.0024755740488599,0.00568213152683753,0.00118048851994319,0.00372096413251478,0.00118813445092579,0.00112201074419686,0.000997715116060755,0.00128788141844307,0.0013165243159735,0.000957636404633814,0.00351764672762551,0.00428322755375859,0.00121571859988616,0.00114099609051105,0.00606794196088835,0.00111415803664407,0.000986830186665728,0.00341176488283527,0.000946911888398382,0.00339171431453297,0.00110674444221279,0.00114545744525497,0.00209319997669781,0.00378562093977553,0.00245555300032839,0.00424244037615112,0.0035134632408867
"CH0040",0.00253107967628144,0.00230641268749397,0.000984384851206417,0.00259278977159616,0.00095991285674513,0.00244549953240736,0.0010288015919691,0.00117990696062524,0.00216006647666841,0.0024116305321203,0.00229859456160726,0.00253482153470614,0.00253850199223792,0.00244455775310297,0.00246578186503391,0.000942890352491045,0.00242822124569005,0.00119023243266142,0.00361292333912063,0.00395570617501152,0.00570919960565803,0.00407214160913946,0.0022313951302648,0.00101037358150505,0.00104993647821394,0.000890005483855812,0.000903969080185847,0.00102369252810206,0.0010150974049845,0.00226479677389756,0.00240893162124962,0.00100047063895739,0.00267641198194179,0.00244879679290781,0.00246148732122948,0.00244673482558237,0.00222046536877215,0.00346117934674474,0.00090676848832228,0.00402891554538745,0.00418009322012271,0.00593303346141625,0.00255556345455785,0.00406315992071574,0.00543013680021923,0.00549726764292702,0.00387164987079537,0.000877804625575521,0.000958569525534038,0.00395668478085084,0.00114737472716697,0.00595912162747603,0.00261529139485151,0.00359564048513784,0.00546019843954693,0.000998656146641697,0.00250342740296927,0.000911581482890979,0.000995476117360194,0.00219447485912137,0.00256382263041518,0.000982357734560555,0.00102852924217965,0.000879514713048006,0.00244686587373038,0.000908972038969954,0.000800793892763399,0.00241616835736544,0.5,0.00101170568208831,0.000907882375533871,0.00398747606912322,0.0039827150375531,0.00236801987438891,0.00153682834295595,0.000808507533189251,0.00241006238826633,0.000726844342976414,0.000994245792771899,0.00113372692160989,0.00246575628320396,0.00240780266872794,0.0024134278547622,0.00281052370903987,0.000871714031221407,0.00234516058255726,0.0010650999945172,0.00113771534586372,0.000949834259061412,0.000978512754199199,0.0011113882545357,0.000881702602394122,0.00359794379513421,0.000936842361606921,0.00257959768052432,0.00239249577476618,0.00117848939404626,0.00581507424982087,0.00351646586953905,0.000927428047403668,0.000925422815818598,0.00541565133757365,0.00228967767089684,0.00106472551405056,0.00348536445620836,0.000961643234624851,0.00105310253657449,0.000928507097441371,0.000993100957429059,0.00104252938901034,0.000991291711545046,0.000876949575468657,0.0010316463052296,0.0062584340622755,0.00341132004045317,0.00338677089945895,0.00339458434126554,0.00348599972823612,0.00347061749363625,0.00339643899978857,0.00349876674283916,0.00101599955457755,0.00354805467127865,0.0033981356164708,0.00123738597605981,0.000955433481151208,0.00123932398316599,0.00092124275228695,0.00340324599631195,0.00193152752861626,0.000997358089229758,0.000936329680187826,0.00475774147906835,0.000909743025545495,0.00625184678555391,0.00464955565651852,0.000880741623274088,0.000969959546060472,0.000866076234896607,0.00101741769811545,0.000855655112045377,0.00321877281266197,0.00487526001386969,0.00330657546802023,0.000815735218964393,0.00348316598758475,0.000762426332086475,0.00093466603979235,0.00480233614196231,0.00350953302022943,0.00137373129926483,0.00095153129128888,0.00380989465617733,0.000926558794169267,0.000909061151442289,0.00630369193162111,0.00105349734642769,0.00403903340259448,0.00116259875199055,0.000893956378224176,0.000992275434096356,0.000967125521537514,0.000956695288286066,0.00362693245731672,0.000969065559381148,0.00359581260740859,0.00336147280663166,0.00624895517022779,0.00384916354367363,0.0062560746068454,0.000885652331434203,0.00114430805629254,0.00409735834271913,0.00344793367198443,0.00114174787367055,0.00345334544052792,0.000918740503632165,0.00106121652988086,0.00352857010388136,0.000867176681545473,0.000779718208906132,0.000867037526313526,0.000893269349338908,0.00579976342497658,0.00100417970070275,0.000817843644442864,0.000997529539455468,0.000932542891560239,0.000769148121074401,0.00334441430016868,0.000971206266609031,0.00561549366224871,0.00353470270876095,0.00164046985258072,0.00103469129788207,0.000889986529869045,0.000873035281057516,0.00134125265390581,0.00402759478714018,0.000969287058661791,0.00484130682014662,0.00105134992167567,0.000847253135036455,0.00105964733470759,0.00364794950446042,0.000983006093766578,0.000960390538708225,0.00476665538645714,0.000867050544095712,0.00582470934178752,0.0014615153457187,0.00215871023611188,0.00208547642606753,0.00101415753984149,0.0010138446798948,0.00101088175153991,0.00630528795095529
"CH0047",0.000840013456394337,0.000900743092333924,0.00141607262487319,0.0015067223337675,0.00181227161804556,0.00144812562793103,0.00146567160420724,0.00133707460370781,0.00386465367204482,0.000648950325235636,0.00135395099420238,0.000655404819115327,0.000652009656294115,0.000723414043856476,0.000664766047676509,0.000481767888814975,0.00071484556473549,0.00226596608626956,0.00135244535644894,0.00105885365945465,0.00101208402299588,0.00103647781827401,0.00091182358557047,0.00299583266634418,0.00135544514750078,0.000976381584800146,0.00524511924542481,0.00216160368449442,0.00221579815787888,0.000929636584490931,0.000642340357033555,0.00100456277535285,0.000737037313154829,0.000688446455640391,0.000644087991383251,0.000654442866247203,0.00126114152646162,0.00211784436311716,0.00140322180571678,0.00106593700154957,0.00204058105228656,0.00107597228346711,0.00124043847523762,0.000857789414009812,0.0011433671450097,0.00114081107352175,0.00120213451862045,0.00367662448381035,0.00965437901890566,0.00127734556495775,0.00851905245160166,0.00112865646499958,0.00100598491633094,0.000969346090075908,0.00105089476619368,0.000984072033381942,0.000829772673529022,0.000925822715927663,0.000959348985743579,0.000878436306786761,0.000819289266502325,0.00941679557209675,0.0103110712366643,0.0050722224517839,0.00063828160965359,0.00147265440268927,0.00452255101533327,0.00149131146078163,0.00101170568208831,0.5,0.00247759838179808,0.0024321008342088,0.0100027949737836,0.00135317241271338,0.000655173257123331,0.00098969137303014,0.000647379509623013,0.00127101770421358,0.0008463869978741,0.000899777261492207,0.000645325428753088,0.000714726811817014,0.00064884799104226,0.000851698756254946,0.00142930406020937,0.00107489273913365,0.00102054887788374,0.000910910285904907,0.00239828679460331,0.00142847905516706,0.00146617954955071,0.00655479152400653,0.00139471126486721,0.000475188110379146,0.000756032814585879,0.000911253377416411,0.0110869863206596,0.00100658545066483,0.00528576064542368,0.00830620557900403,0.00316385472505711,0.0010207838300413,0.000608467053705029,0.0100921202081571,0.000588194866665009,0.0122554405061132,0.00239509491504912,0.0035133065563162,0.00993120148011471,0.000930061387283304,0.00132300844292802,0.00182391741061594,0.00144550225659237,0.000833622078893614,0.000914604592790105,0.000536038041616081,0.00054913536268526,0.000537360783198688,0.000546796138502774,0.000774309973647956,0.000905735030628884,0.00101776885214761,0.0018649731043637,0.000613016013185995,0.00089871756946206,0.00307986546310795,0.00130242027623058,0.00147110447128432,0.00199884205213551,0.00699484683131755,0.00286737215430272,0.01000305370145,0.00100510480107579,0.00342353168789432,0.000777580274679104,0.00189579004141934,0.00103467044136391,0.00232543057196148,0.000931711827265741,0.00100148218973611,0.000906651812670375,0.00116558370578742,0.00437672109411281,0.00077118929716673,0.000914210128449943,0.000547304739798455,0.00183309150031514,0.00775612403050495,0.000885520628344888,0.00177346415573593,0.00146665192023109,0.00166655615118859,0.000755933205120585,0.00197439807517184,0.00265893456829624,0.000936631450970689,0.00481874922002734,0.00119211867919541,0.000832442519278415,0.000828700548104005,0.000711227779634151,0.00224473478135415,0.00449853936748176,0.00128776877659435,0.000799142540532238,0.00101211817208138,0.000539694332769853,0.000894225596494622,0.0105466949902822,0.000810245302274444,0.00522514655996019,0.0127779240888281,0.00980065632168104,0.00189089272613675,0.000877299640179472,0.000681611244996699,0.00089835546322879,0.00759497953378902,0.000966333688082718,0.00135754898873891,0.000921283400816367,0.000804896540983418,0.00417604968444544,0.000697581423557012,0.000938719560562759,0.000964267767279599,0.010452622262261,0.00148188097036693,0.00187867225018214,0.00185902996669034,0.00230195198202745,0.00177724016463764,0.00174982970448305,0.00111010247102287,0.00564046786933518,0.00203581329263642,0.00109602411832018,0.00140128475686094,0.00146979396579573,0.00989688357651937,0.000896551965562136,0.00255057144038867,0.00218588682166677,0.00107982712563954,0.00169210754613009,0.00241642950949522,0.00103184779251464,0.000960248030279904,0.000923250409582607,0.000977902094607884,0.000815146792526575,0.00108535091222404,0.00125022375803162,0.00131751260533818,0.010803955666337,0.00980893538450907,0.00079604306145906
"CH0046",0.000906174522742421,0.00126048011925394,0.00144594158700865,0.00118194136268729,0.0078199632078529,0.00358218273298341,0.00397513811492818,0.00222887862914339,0.00129210607969674,0.000799156040424461,0.00219978788430325,0.000783033400204941,0.000770213198313699,0.000858528670457877,0.000791423070942428,0.000644362237255136,0.000846115362361775,0.000919888159265168,0.00312204209894343,0.000960612865307515,0.000892798184211448,0.000981864295059022,0.00125342354229285,0.00618007998968584,0.00480151763372927,0.0013379384719398,0.00129375310238438,0.00127462883764064,0.000874846870295923,0.00141399945215078,0.000934110407066992,0.00133254038375407,0.000880760894301494,0.000838975849518483,0.00075247128177477,0.0007981169618965,0.00115849090438261,0.00368878950210081,0.00410017816835602,0.00106266086009721,0.00610475032729935,0.000964355826414322,0.00283518975087359,0.000825104746398,0.00103839085761963,0.00103674768606777,0.00171862570451303,0.00546619004779678,0.00184132618207137,0.00218731750953791,0.00170455962207319,0.000945085459331352,0.00121346979514491,0.00352347337654269,0.000988444759844986,0.00258092110086184,0.000906657188613371,0.00108631928690451,0.00107208250567474,0.00121470933784463,0.000923455056161864,0.00424205388914066,0.0018496964335659,0.00203240135880821,0.000759849600334178,0.00386393438413889,0.00674189422699884,0.0021030032515869,0.000907882375533871,0.00247759838179808,0.5,0.00554195762016176,0.00164269881476123,0.00352505049592686,0.000749937517954822,0.00168383330854712,0.000797425680627549,0.0307799344007003,0.00240734215155278,0.000999241878476179,0.000753942973393211,0.000972718675163389,0.00079966054645565,0.00103916259945531,0.00390143364251428,0.00145950938790123,0.00281586195762253,0.00109467459777698,0.00551412935162857,0.0035666536198975,0.0013653041838852,0.00133091334822902,0.0011777645275035,0.000641875797923493,0.000939929873882581,0.00129315699294576,0.0016568066859024,0.00087671530377118,0.00446811407970027,0.0019856455597026,0.00769880995988676,0.000893291216359783,0.000722054487522385,0.00166688118444015,0.00062693147583279,0.00391062087955104,0.00514582587897838,0.00603467344041189,0.00175077898939107,0.00107574177485955,0.00126761277639709,0.0242770861584842,0.00283689378518665,0.000714050173644317,0.00110661340498433,0.000641926240153313,0.000672460695826209,0.000613148581937946,0.000665164512623614,0.00107125031265893,0.00101735259469143,0.00112634423256196,0.000940922623175534,0.000723909089487345,0.00111040416675073,0.00506533232181037,0.00120430314940048,0.00332109113295858,0.000949489246361308,0.00114881247913034,0.0055472121775801,0.00322246460474429,0.00338048523569559,0.00623832562860209,0.000709831592086969,0.00300882920581586,0.0025016191630557,0.00161973700761038,0.00166494327451941,0.00263663545956821,0.00369762907818593,0.00210851457178652,0.000778201069784989,0.0011637114009755,0.0014877135439147,0.000634412410462952,0.00155410740749927,0.00344791355498228,0.000749460799305296,0.00078799645933709,0.00123353224498727,0.00354033108617,0.000692967210086942,0.00541254067893781,0.00706622711946029,0.000778521862788101,0.00161186072201545,0.00101012605411177,0.000919288800059444,0.00221233399001805,0.000954014687864112,0.00125949398790391,0.00513122122463406,0.00248070416285145,0.00136530336961186,0.00106335572687346,0.000660952902232533,0.000755020627987494,0.00159408769054346,0.000750203701499432,0.00439869301090322,0.00250596741528698,0.00171983838545228,0.00284717023807788,0.000981596405544133,0.000754037523284629,0.00117935395257832,0.00181686298755703,0.00107058704691442,0.00352821618858665,0.00152601989063348,0.00109563385513179,0.00406608032864058,0.000722155283767254,0.00131808739205703,0.00135454108240331,0.00398473678359613,0.00395204569258101,0.00159193131061803,0.00349285575242211,0.00400031451842373,0.00183468683522652,0.00302877419529668,0.000977108931295702,0.00385293016191423,0.00403707810686401,0.00151515131936449,0.0050489981605897,0.00438815255402954,0.00103999845378171,0.000762456039391052,0.00478064124350405,0.0027238211222026,0.00135774995778296,0.000847829229830276,0.00534132505194811,0.0013416390921559,0.00085530387972279,0.00164324229543151,0.000862353884490326,0.00106440552822456,0.00132437736506401,0.0038662841997816,0.00116377335958846,0.00178767609354848,0.00183193539244154,0.000728284597774971
"TT0062",0.00105703676558636,0.00093476708590356,0.00162904644506333,0.00132593168864703,0.00643444734630043,0.00132067893038321,0.00124210457908393,0.00128536607126841,0.00312524286420286,0.000814091554051161,0.00240292903525925,0.000833085489440212,0.000835875643381414,0.000993394168213821,0.000907163316178701,0.000608488770840522,0.000822304410183885,0.00102007113567217,0.00537735243612541,0.00327061755426037,0.00375636945733645,0.00339480206449311,0.000945916296599851,0.00740028114644027,0.00614124623511129,0.000879077534603928,0.00106736548656933,0.00117568504454437,0.000943049969537941,0.000961951664839723,0.00078826028192128,0.00091696761849841,0.00102800256613456,0.000972458957884864,0.000857130078772896,0.000917330334481638,0.00113960641161585,0.00376422090998377,0.00184819165218902,0.00118712388270374,0.00928300916968537,0.00392673934492066,0.0058824032267495,0.00130918216074307,0.00359572368644398,0.00355140747048632,0.00532311507973065,0.00592228082324444,0.00195624996758194,0.00228748068467864,0.00279213342756493,0.0037451690278081,0.00110346032010481,0.00104210087900219,0.00125485753286693,0.00311031048629649,0.00105497014379534,0.000952985324269174,0.000982779375356623,0.000907764146737162,0.00107723167059995,0.00258272610657203,0.00225068316283188,0.00410347170742961,0.000844777549658797,0.00324512357744018,0.00367007243954206,0.00125931546456336,0.00398747606912322,0.0024321008342088,0.00554195762016176,0.5,0.00449311046723264,0.00131434659782662,0.00105852329162322,0.0012086250836718,0.000812020850978438,0.00128348718513001,0.00286322483600687,0.000871914383165346,0.000858775118424893,0.000794221681751283,0.000813401450893983,0.00108790554938139,0.00114967070635104,0.00112285400693886,0.00603640389763905,0.0010848143261214,0.00637427032281943,0.00118035627589209,0.0058972729727714,0.00106524106000339,0.00353628154999106,0.0005989593440259,0.00109264539986789,0.00100143526755007,0.00329025784446157,0.00358927812738751,0.00528900557241686,0.00297458116873539,0.00599820770531858,0.00127554747341794,0.00073259452460986,0.00251643264579137,0.000719067903833202,0.0025525691688701,0.00507855932244284,0.00569683659059953,0.00245355619577127,0.00101363882725861,0.00112755850572323,0.00180684222607373,0.00530758454511928,0.0030976024722177,0.000995532165332863,0.000730931090241992,0.000789471299159447,0.000721508152076318,0.000717044558633298,0.000837382563953935,0.000955756418965881,0.000935406772418745,0.0010501869361366,0.000849670093668087,0.000988371344586776,0.0062645933753762,0.00120917424691589,0.00126958592033144,0.00107836965788974,0.00112911588082941,0.00640221049093977,0.00536012671364925,0.002128460179739,0.00516050568679232,0.00106863448616614,0.00334064075699872,0.000898878243327291,0.00184832314568172,0.0014415666652636,0.00318559106876551,0.00136530153139769,0.00111199586879207,0.000988899322440004,0.000833327296204822,0.00114640957226623,0.000748297465645433,0.00142548683434547,0.00246070737755553,0.00103104191261367,0.000990493546353771,0.00204331178846332,0.00530992110806243,0.000944010560505473,0.0065257779878873,0.00597277748843823,0.00346513433910416,0.00109732019131634,0.00217988278404316,0.000852151956618168,0.000924584439326572,0.000801458739761887,0.00113903805047302,0.00802249622477271,0.00441832068267417,0.00152131174929062,0.00110665532039147,0.00067761758279359,0.00315842353983902,0.00476020129211346,0.00301826894904151,0.00475523695759379,0.00421428920095547,0.00496989776357704,0.00110542169767842,0.000853960603438868,0.000892905531927331,0.00113549300232388,0.00288605606110082,0.000982828017258335,0.00123677413923836,0.000897197204482916,0.000947729617113439,0.000950245967786225,0.00190946854056569,0.00138021101991859,0.000856274065086785,0.00237900133397504,0.00127839102030964,0.00154761808029564,0.0011053009785288,0.00339957087015662,0.00348513493619804,0.00362306477368477,0.0013634575983302,0.00458619758973228,0.00234365353900241,0.000976472788018012,0.00659424035143664,0.00822259646888342,0.00107658365233512,0.00107142063223682,0.00606150382589313,0.00167743832416331,0.00120147715690317,0.00102861855689487,0.00616672288408472,0.000921996926169589,0.00191063492633378,0.00140204355745383,0.00190955523128514,0.00116152392872469,0.00135950239146449,0.00234646770709214,0.00111461720665808,0.00248772252883849,0.00266522709956737,0.00110939592469035
"CH0044",0.000903596653897862,0.000944901335367333,0.00120816682331826,0.00137603812901432,0.00158048787013818,0.0013478739690224,0.00120676757879062,0.00136107734826183,0.00338416161402921,0.000758805823937858,0.00334042143869687,0.000779119524519974,0.000776545685941054,0.000809462494288979,0.000773471568297588,0.000479072737811084,0.000821882088101075,0.00379021125790055,0.00384276510900869,0.00404114267265576,0.00129458499584906,0.00416052446312289,0.000944926782677707,0.00266828762523544,0.00122001633193734,0.000810022730823721,0.001502289798606,0.00115414615386621,0.00134782232476747,0.00100227298221036,0.00075208387394988,0.000917330768742576,0.00090448007497351,0.000788328345666657,0.000756246137577124,0.000763316731435894,0.00416676367656116,0.00329764210934713,0.00118883219205458,0.00337597141834827,0.00406891648299797,0.00445871059012599,0.00131734201224175,0.0037491824525262,0.00485895027318095,0.0048798061077633,0.00498804389461987,0.00423459404633915,0.00872547154319748,0.00131876163632421,0.00694588444901837,0.00456777680066072,0.00111350113658473,0.000956710776067441,0.00132643735342353,0.000872570848415378,0.000901322239956133,0.000706517712866819,0.000789846807221275,0.000914057395765655,0.000945204350973405,0.00856942772010859,0.00929073962085556,0.00473719341270762,0.000753118957982725,0.00125652846371906,0.00436524199145584,0.00140333473764604,0.0039827150375531,0.0100027949737836,0.00164269881476123,0.00449311046723264,0.5,0.00132791211290008,0.00120674837940195,0.000853529715914374,0.000756915930674451,0.00103647807022164,0.000770542972197347,0.000780137671572888,0.00075772919716115,0.000814821716929111,0.000758505058902313,0.00121559075228565,0.00113200766620034,0.00110693710191601,0.000936319113746193,0.000787381841569361,0.00220239604085336,0.00116394617528566,0.00120728379360186,0.00115774555284111,0.00224201504115226,0.000475692335471441,0.000857564932976059,0.000985411319072428,0.0114733410422677,0.00229519220796149,0.00854691825119618,0.00754524794837444,0.00285320522934373,0.00122556130433975,0.000719711533949353,0.00864174649667662,0.000711846655744778,0.00823573761332518,0.00138988277021448,0.00321256486280151,0.00841658238641426,0.000738837901272819,0.00106862531110443,0.00401566656215827,0.00127538370808134,0.0028997776809913,0.000946430227452603,0.000658317875751736,0.000665309852353766,0.000668525026391516,0.000675938192009043,0.000857761000049766,0.000964176835810436,0.000835393129257401,0.00110428925638874,0.000712973321249292,0.00111017663713959,0.0020706439735183,0.00112219583260313,0.00121396294868508,0.00118054922674949,0.00116955587812519,0.00262271897809764,0.00162659053310973,0.00108984017263639,0.00383937995418619,0.00317585928059592,0.00114237459935443,0.000879053939412022,0.00135471604103789,0.000832924272664365,0.000890861669110124,0.000870236298317544,0.0011357928230836,0.00114829588249765,0.000844173472286802,0.000780083736645976,0.000674292906491154,0.00150918086963365,0.00712690056987989,0.0032705374756036,0.00308597278070641,0.00153453839640557,0.00146135597179722,0.00285906720506193,0.00184114528627704,0.00239242403451464,0.00322926041177411,0.00159754140689408,0.00220046062487483,0.000781859887674909,0.000703930963340104,0.000609876474170909,0.0030504412789112,0.00335986179396429,0.00314087523223824,0.000722614591607524,0.000992886658351418,0.000660305353028874,0.00309652552583399,0.0116455806673196,0.00107943317531208,0.00484383539075444,0.0088338024207908,0.0124538280088358,0.00112189295211474,0.000811916924730562,0.000764672390723104,0.000746407779491949,0.00796439229002634,0.000991557605943726,0.00112028882267167,0.000776661471301995,0.000660204902255743,0.000945083625564594,0.000876821236285981,0.000760308744916712,0.000770521623906838,0.00885350858158341,0.00124382327997125,0.00162228246869078,0.00116020435097427,0.00126927316405611,0.00327009879549264,0.00365677548958815,0.00162302020300414,0.00522718383082295,0.00112848093057462,0.000914528413036638,0.00157694593182181,0.00363609670126059,0.00166300602430103,0.0010572752798998,0.00159507654609813,0.00126322993390364,0.000924579082961199,0.00102012981203225,0.00222648482861786,0.000916283747066605,0.00368164042828985,0.000830906297071645,0.00395480186241948,0.00135823458318911,0.00228104773700177,0.00104441393961343,0.00105634645023603,0.00984190946752214,0.0082176064564016,0.00107034568353581
"DU0100",0.00231425304572095,0.00217397651251211,0.00110665340756199,0.00244042944744687,0.00232075118120837,0.00232539305867071,0.00217669159877715,0.00388462592083359,0.00127015577957036,0.0022269736780951,0.00113634423570171,0.00234330475058768,0.00234436514833976,0.00227133946507703,0.00228060902660583,0.000911949644544811,0.00225269523668,0.000901648149881984,0.00122133278716841,0.000880080045458695,0.00246738422389959,0.000925454443892319,0.00211321632721269,0.00139059004102733,0.00127999674496572,0.00105219883980027,0.00274406030422256,0.00116169416078479,0.000865809273442214,0.00213646836077706,0.00222542252625586,0.00103768089161236,0.0023983468108317,0.00226735327764634,0.00227200192483386,0.00226164712316003,0.00119161464709942,0.00204918637052746,0.00655516406436245,0.00119951769602565,0.00131406618814666,0.00241299197943482,0.00116679998018458,0.00101263954299354,0.00307259465261624,0.00238978979281347,0.00193155172305842,0.00136823101748402,0.00118920132534321,0.00363975755873366,0.00135280383199411,0.00231513087898492,0.00242916443428504,0.00115479086821458,0.00241996477204605,0.00106968071930301,0.00230401290697385,0.00103376899924897,0.00108151847098755,0.00206445508873377,0.00229083158121657,0.00362846376624813,0.00428541316194398,0.00137445361905327,0.00225659312707944,0.00461784433607579,0.00113028508631976,0.00228475942776202,0.00236801987438891,0.00135317241271338,0.00352505049592686,0.00131434659782662,0.00132791211290008,0.5,0.000894612635781619,0.000996825629146324,0.0022258773642081,0.0011372665179784,0.0011040621056627,0.00127105523911784,0.00227587999001295,0.00222787769956091,0.00222902561567926,0.00247435182986759,0.00367881768284378,0.00226578762739957,0.00114606320510966,0.00110052550989366,0.00124472821628299,0.00425806478169088,0.00119050779221194,0.00103114513530162,0.00109674792288252,0.000903147209918688,0.00239746915392557,0.00226054257928231,0.00127273314999322,0.0023847957581001,0.00139517265141103,0.00136779732145658,0.00671652382587944,0.00240977999630207,0.00212127342063223,0.00132162739206569,0.00327053432408246,0.00335607595217676,0.00116924508475919,0.00613418809766533,0.00133043053588749,0.00108773286027275,0.00120629209920492,0.00105687437673503,0.00106869155401845,0.00329381516199311,0.00645982228998967,0.00317527027248339,0.00318846955406904,0.00326832945250164,0.00325576447563455,0.00439320600389363,0.00585240547085526,0.00225927017779318,0.00337023415240336,0.00319712068571461,0.0011166465510719,0.0013116759423599,0.00119221147270213,0.00612185479496961,0.00325553956350202,0.00113447624884084,0.00139512422675911,0.00112211471248593,0.0054155451312295,0.00725075886613251,0.00330794702098689,0.00344229719999029,0.000999571382883059,0.00108813390601193,0.00100120009637089,0.00107765287680175,0.000979760856767716,0.00787612823999289,0.00343628066999889,0.00314311748784807,0.000957689125379657,0.00326954790096438,0.00438801227954886,0.00713933651011013,0.00333670051699487,0.00321723991987112,0.00128046435271111,0.00112491062198631,0.00332830911602283,0.00119405776867987,0.00702128130828868,0.00333210086725588,0.00103325137431544,0.00114577559561694,0.00114699913036301,0.00102502598816031,0.0010849998146385,0.00114178275917659,0.00138853777580757,0.00112358920060587,0.00107040219391312,0.00113451230707417,0.00315183144028794,0.00334606858927688,0.00137375932093091,0.00337923154262391,0.00127186775120936,0.00133492402378873,0.00132459808167166,0.00331210926969077,0.00123875870830479,0.00323024903453178,0.00104975302866923,0.00134046518584382,0.00665037011995353,0.00605786676041243,0.00100416485592493,0.00106089672503187,0.00110323576275294,0.00329074784173769,0.00109029282779875,0.000987642644734473,0.00215185720716443,0.00632599685439198,0.00196438486415186,0.00689752683444419,0.00110357217911926,0.00321799652492718,0.00197871291984341,0.000914096918533394,0.00134022885561542,0.0045144282046279,0.00101212097898626,0.00135418023877337,0.00121309853453027,0.000930514578936626,0.00414894717925404,0.00126127776887246,0.0036003825566137,0.00117194953176483,0.00335911430013879,0.00129975793799105,0.00100488352915346,0.00330815438292762,0.00100486038784674,0.00329745314216289,0.000832142668371016,0.00116391298024272,0.00127754708657868,0.00111145110794061,0.00133119528420536,0.00136148382197475,0.00342068217205106
"DU0078",0.00209985540659409,0.00139521972249605,0.000885231326148309,0.00102223364325147,0.000738921856376961,0.00115513593015497,0.000774028333678207,0.0124294282914016,0.000756364212992785,0.00404353727002119,0.000838451500114469,0.00375001601142145,0.00361183871092896,0.00328373982234771,0.00359467933504204,0.00307147509318188,0.00367456294456416,0.00223807019464058,0.00127943981432737,0.0293830420801717,0.00106604632007023,0.0291558091430919,0.0013534134796387,0.000788193673368713,0.00086296644790473,0.0019979180165241,0.00078630437061248,0.000932461544450358,0.00297686302300685,0.00130891146896937,0.00378873114662319,0.00294437600247797,0.00124295926063774,0.00327231917254459,0.00405669696647238,0.00376587060379984,0.00126631453044291,0.000911436668791332,0.000724095410858656,0.00126199470326576,0.000907776188328249,0.00135235585515498,0.000926414967848101,0.025109174982542,0.0015337519957672,0.00160234439521677,0.00133418668534854,0.000907075882171781,0.00109613172404551,0.00129492009885523,0.000678346395408791,0.00151993829342634,0.0014048833880076,0.00119627229241642,0.00135142501552956,0.00177835423574676,0.00107763182672401,0.00177948860345129,0.00276233851546545,0.00222333515866489,0.00118722170966437,0.000677472824822969,0.000671056946792211,0.00113008135675965,0.00422051612348429,0.000729263387060415,0.0010206397439807,0.00116703046581256,0.00153682834295595,0.000655173257123331,0.000749937517954822,0.00105852329162322,0.00120674837940195,0.000894612635781619,0.5,0.00110727233968199,0.00402917794831301,0.00115705330291381,0.00313946129844416,0.00209607852702052,0.00406707079394487,0.00360601577962928,0.00402323211850222,0.00122395845935755,0.000682577122832472,0.00122327641591918,0.00107395972888891,0.000833667524350688,0.00279587320661548,0.000714280251566454,0.000705379587128483,0.000831257143302817,0.000865236435297562,0.0037570523518228,0.00121300945152249,0.0013256297948168,0.00093844565186832,0.00112409214832875,0.00138595389092443,0.000799110990530884,0.00067734985370749,0.0010933696737578,0.00345136232208555,0.000788542097281053,0.00342113195268984,0.000609640731037669,0.000980563245441115,0.000742567559314221,0.000828256404268838,0.000803460620641884,0.000950697938959724,0.00119146924151104,0.000817591356691113,0.00107491457269362,0.000855588166004187,0.00369875233896866,0.00317128194345783,0.00326462524894828,0.00347420760825704,0.00106556593739656,0.00087369407065767,0.000984914426327318,0.00107299149894371,0.00296330771436348,0.0158884792220523,0.00084774271219983,0.000912081884883437,0.000690005873659771,0.00103462206177029,0.000698221352574845,0.00100876798137635,0.00073334006073241,0.000853591708152937,0.000656486678959558,0.00136463126024854,0.000835846397250502,0.00186997263776262,0.000695229862800651,0.00205228582250512,0.0018817443896819,0.00311314246001051,0.000798118287683692,0.000961034349480627,0.00116902259862062,0.00199709300527156,0.00302711829606725,0.000638361751864504,0.00064864604697096,0.00131285641364805,0.00102231551270925,0.0140029697067851,0.000734543939981722,0.00102829593405397,0.00114196942251754,0.000667449251147799,0.000972188665848127,0.00374138772613752,0.00116398026644237,0.0035053979219245,0.00182606830836876,0.00373998119600802,0.000789456304384,0.00090030393052389,0.000723090475218554,0.00302210914582723,0.000996663530142522,0.00351789958273849,0.00101729273506575,0.00106795360510803,0.00094760304133977,0.00105945831323008,0.000637317587285476,0.00122583436628872,0.00104190183461618,0.00319325412525052,0.00189743336328573,0.00181635113780006,0.000800270407717389,0.000841319541499722,0.000732892285336592,0.00115421812263643,0.00308945097831848,0.000748740075517353,0.000963116333811575,0.00107595450479445,0.00192042355823366,0.000836466703348378,0.00069098060018255,0.000716533605965011,0.000846343497859261,0.000656988832698265,0.000796098831315949,0.00757778729701817,0.0291638794997243,0.000820347560511548,0.000756113973678758,0.00102162625945991,0.000972728296763619,0.000894832110385702,0.00272150162741127,0.000848157162127783,0.000903573568988216,0.000760778133870629,0.000770953531418817,0.00101149002898733,0.00296220580161467,0.00202873583830971,0.00133023467106297,0.00207767374979898,0.0013556074721511,0.0279628275814296,0.00123880233004807,0.000697367981976489,0.000805648812066215,0.000759338973529294,0.000831711364613739,0.00123336939940785
"TT0049",0.00116335648616322,0.00441847298458725,0.00550863472162803,0.00100940302155813,0.0014214452995014,0.000948214987741074,0.00144669419605735,0.00100279771542988,0.00124444353505372,0.00118456491573689,0.00136356809587733,0.0010115686449593,0.000967970902767053,0.00106871172203505,0.00097816919808058,0.00085283111355786,0.00233754608193599,0.000809321928480886,0.00164915028183062,0.00100710366950097,0.000921278172952872,0.00101875081869439,0.00427804874340597,0.00125567032124153,0.00156365651609787,0.00465614799019462,0.00131149857772651,0.00292393889060519,0.000875242539476835,0.00397064630278602,0.00223300432613568,0.00428499755791075,0.000967048523424642,0.00101766418353908,0.00101454409712737,0.00102400622426532,0.00134888256602754,0.00130847316909318,0.00483943502430865,0.00129413687441298,0.00119872292385623,0.000858178592502844,0.00611761103875617,0.000937714812505018,0.00085633167922464,0.000849477230279171,0.00490409053980852,0.00391712119759936,0.00401536916084842,0.00098483113997043,0.00103324366487513,0.000792193371008278,0.0026630491374843,0.00508361743667329,0.000897164781778319,0.00363727862743752,0.00116306209230112,0.00566982314710762,0.00171567716799645,0.00417709097992494,0.00111240960984327,0.00100421211762028,0.000987318180468664,0.00378181933373906,0.00107887705828174,0.00476250094684642,0.00432393637754279,0.000938857585152625,0.000808507533189251,0.00098969137303014,0.00168383330854712,0.0012086250836718,0.000853529715914374,0.000996825629146324,0.00110727233968199,0.5,0.00220797347934021,0.00509563814862717,0.00470314636748296,0.0014018667672688,0.00101675775193375,0.00242098618118413,0.00222299734667074,0.000931328634526142,0.00158565008808867,0.00399046550069651,0.00526211879323746,0.00579408227915245,0.00126959628682323,0.00136610116212458,0.00149993043475413,0.00287135149885763,0.00145464156408201,0.000893106281424355,0.00107197875827868,0.00471855710128324,0.000973870895044309,0.000837550459929065,0.000994087213273832,0.00107675050505908,0.00108750416624717,0.000906902423132794,0.00340773282305322,0.0009599205549226,0.000889228389791243,0.000956821738056635,0.00306322550547734,0.00105694284376191,0.000960522560220171,0.0053741996932573,0.00138988102306777,0.00475818352253909,0.00485550993639007,0.000802226286375568,0.00090926887508637,0.000932817606863202,0.000885673295030273,0.000838844057087249,0.00087993210075397,0.00336547082810088,0.000891282586318586,0.00163453192306184,0.000872914967053206,0.000949668057340631,0.00218736316105546,0.00117873471811922,0.00142980925952561,0.00145816814987624,0.000882401289130085,0.00488453844587706,0.00108307167327759,0.001836235448278,0.000926029664135696,0.00104238767868609,0.000757536147749342,0.000857472098418335,0.004406200686877,0.00558434710854617,0.00816894111625796,0.00367157938585278,0.00790991853028109,0.000873110491469193,0.000831829408468498,0.00393649888207791,0.00862399492356728,0.000834423981143817,0.00134757787578845,0.000990106669766538,0.000812451235771544,0.000824002256014385,0.00102290488791328,0.00423588815168118,0.000795519080192495,0.00451292605064769,0.00114412993644601,0.0007981220735004,0.000804183975876925,0.00140995245016458,0.00133189891862602,0.00555869524796658,0.00550577320179603,0.00300035562849405,0.00106183991160501,0.00518282750256659,0.00520432663169921,0.00141557636974231,0.00201887514286981,0.000762264976899734,0.000917016007053469,0.000797973180082122,0.0041779596920212,0.000981347929085453,0.000895166163872845,0.000850666990052959,0.00134885678485338,0.0009983983104523,0.00623448882667931,0.000973554609453434,0.000855679639147667,0.00554147350998122,0.00893281607996038,0.0059157265556775,0.00475835488984096,0.00085968649408811,0.00612364378351042,0.00777486300980624,0.000946629940727969,0.00139960635837958,0.00240965800016295,0.000872503124147137,0.00621146990059771,0.000812676924552886,0.000829531716159911,0.00106722117823029,0.00114373129039815,0.00592414993710227,0.00477359272038568,0.00134840157030964,0.00156912631339846,0.000797307483781637,0.000820732039662533,0.00142845287389812,0.00530466757111563,0.00454387217776356,0.000845527437847962,0.00116845454033643,0.004271995468881,0.000828187334640117,0.00848303629103404,0.00081555002718297,0.00366335763588224,0.00629461188965446,0.00147463607446105,0.00311925748718004,0.0019596473847597,0.000971771498691007,0.000800433059959393
"DU0072",0.00265494568228492,0.00371455176107415,0.000951603292837687,0.00240597860986727,0.000722944727373865,0.00229453729816066,0.000871906721248187,0.00103687794918647,0.000957791806919964,0.00619693030612404,0.000888418999871342,0.00574301685221318,0.00559088441978337,0.00389995702502893,0.00556271558915004,0.00397409519277311,0.00545953613628356,0.000832850355048617,0.000962088623091033,0.00116083786245694,0.00253551600062568,0.0011931658520691,0.00359879104671164,0.000761878510452937,0.00107690362611829,0.00327835009764584,0.00079998190360597,0.000838994460177631,0.000920804467264595,0.00251709274743159,0.00587029511717911,0.003504210045152,0.00270591880883035,0.00400945840701424,0.00591663293057817,0.00557698882430982,0.00109457020251669,0.000873307282593477,0.000891973334420822,0.00103154433601334,0.000866148293827087,0.00244177970976331,0.000966700123623087,0.00125190848509707,0.00232408220710833,0.00243141471701124,0.000986196633304032,0.00084550152625083,0.00198756858242482,0.00265531915359734,0.000791844458047905,0.00233917424229223,0.00271757324124784,0.000991178343054338,0.00245882206411992,0.00116437452618828,0.00260427396684403,0.00115623119761281,0.0021410171806552,0.00472359811517825,0.00250632287546331,0.000658940387120437,0.000723472271442598,0.000729166223910156,0.00607999163441751,0.000862930643520993,0.00179757006549139,0.00223901932882445,0.00241006238826633,0.000647379509623013,0.000797425680627549,0.000812020850978438,0.000756915930674451,0.0022258773642081,0.00402917794831301,0.00220797347934021,0.5,0.00224446537021458,0.00368065112677421,0.00262657374614214,0.00593060270948934,0.00566898449384944,0.00618635824483338,0.00266475059547069,0.000786247733523786,0.00250631850289806,0.00130591561353821,0.0011556801754082,0.00209662221160578,0.000902111277508675,0.000893263072076431,0.000903143496317335,0.000824011777497416,0.0046585260112617,0.00289052717730905,0.00380886339303131,0.000649341285788153,0.00243738849260991,0.000758751422094598,0.000644189905993324,0.000731453655598839,0.00247923716010003,0.00535768915529075,0.000657933646226303,0.00639353161185347,0.000647947948484206,0.000857399532495826,0.000726040690784257,0.000662688991025521,0.00107852643943703,0.000916151229115369,0.00101668409683491,0.000848340711879043,0.00339950137647078,0.00338554869791702,0.00650032017221158,0.00598750444928882,0.00622236186520959,0.00644653225944907,0.00351893842823978,0.0034313143841801,0.00129031582726886,0.0034266320201859,0.00569328971832587,0.00352099954886401,0.000738198177728576,0.00099896649274469,0.000827703211282661,0.00329674692263266,0.000865055334718379,0.00113229655630609,0.000806186551246999,0.00353722399290699,0.000742894940030382,0.00344098341237201,0.00350123620661926,0.00215605844078614,0.00090164895922741,0.00337206037447585,0.00117081585629629,0.00360026427162987,0.00313780229472761,0.00353926223494502,0.00441308148032809,0.00329482530250307,0.00603480428843303,0.000729115026649342,0.000709701444028744,0.00344873716194186,0.00327139915338548,0.00110371717112376,0.000833743511058062,0.00346244025758225,0.0021460452427549,0.000771401522812244,0.00341929184321606,0.000723369051205881,0.000944642964583072,0.0042601240894988,0.00120058733383061,0.00434887596560773,0.000814249505303709,0.000718223330384513,0.000947237258794361,0.00252154880824092,0.00116086470496344,0.00659050904172204,0.00345093602864605,0.000768226884894851,0.00350749225793155,0.0019247811250017,0.000666801956004152,0.000710581669534158,0.00334964715671945,0.00391554834626405,0.00451830622897618,0.00119191202509831,0.000705000840837556,0.00340988017117877,0.000911822508429094,0.00221728154851989,0.00245849454952916,0.000948143767396782,0.00345693663731325,0.00108475336063316,0.00217178117522234,0.00067390819033625,0.000836837616536675,0.000716583038428526,0.00322885591284088,0.000848095287657496,0.00323859370313323,0.000915267303683872,0.00119543257773047,0.000914251718387089,0.000871913220035169,0.00106558637722274,0.000967897268214664,0.000908576517660617,0.000692788052768728,0.00347115608823855,0.000789092510222188,0.000857199656899785,0.000987997638858205,0.00347078664295504,0.00340119733243003,0.00334313898104153,0.00340666004276961,0.00341119349447189,0.00338420362786303,0.00230333068462623,0.00105165439633069,0.000966235041210887,0.000825422778896485,0.000629499745208279,0.000673818530048226,0.0035798410348183
"DU0073",0.000962051526965354,0.00484011645837172,0.00112551096642428,0.000817465169175773,0.00136160934675675,0.000976529107865112,0.00175399349963845,0.00106190918181395,0.00173825241660951,0.00224424965412646,0.00132864079191552,0.00107139593304644,0.00100538627890885,0.000873327837616941,0.000938602064968978,0.00150188759424753,0.00235636122634044,0.000893789665490657,0.00104944481783964,0.00112502304579092,0.00076901706189654,0.00115915892701136,0.0049496292242107,0.00150148174495882,0.00123626363041319,0.0051025707998325,0.00180744050601704,0.00156388964457309,0.000930583530072052,0.00486576140929086,0.00343734256895256,0.00517069277316252,0.000836892036189186,0.000895972164143803,0.000964310467801649,0.000945307305055282,0.00160159806635507,0.0016558471174613,0.00134600964095995,0.00146975488667192,0.0011427215770352,0.000747156877549705,0.00110446366957643,0.000956224523492356,0.000942945344617565,0.000959917633268399,0.0011907818480391,0.00324371960222418,0.00453176602138702,0.00136688961727837,0.0012028906235453,0.000768318301275044,0.00162915962917472,0.00193240732769407,0.000755814454574522,0.0011739437590329,0.000939827256351437,0.00177029436093105,0.00171463213359323,0.00492860722793533,0.000856364544979762,0.00125619789159791,0.00105175845045483,0.00177367485200763,0.0010615290941016,0.00129797541153464,0.012711457659477,0.000805447901733115,0.000726844342976414,0.00127101770421358,0.0307799344007003,0.00128348718513001,0.00103647807022164,0.0011372665179784,0.00115705330291381,0.00509563814862717,0.00224446537021458,0.5,0.00118765728615435,0.00175687132896863,0.000966462053077831,0.00372042081961595,0.00226008836288117,0.0010552331157178,0.00369831513535641,0.00417461697202857,0.00122669304440856,0.00163526789471989,0.00146158100436047,0.00180938178325014,0.00167134067266788,0.00227206204407549,0.00150092313456747,0.00198046358646331,0.000915444562274337,0.00463866732891811,0.00103233205756068,0.000740865316326044,0.0014448342761357,0.0010156367126748,0.00160403680057344,0.000815844134827223,0.00216624175261562,0.000906520422679551,0.00090642557596767,0.00136883297073291,0.00114645244133926,0.00152276121005213,0.000906330429073891,0.00168596853075013,0.00159140203150429,0.0327270590107832,0.00102145707050672,0.000662271466121914,0.00101899687368002,0.000907626289697069,0.000817712008707744,0.00083018248168424,0.00183559394577284,0.00364075649399239,0.000819870087095318,0.00171389911590866,0.000737266635219253,0.000802106762786423,0.00346325272345815,0.00122984369003377,0.00150248175401711,0.00175540858444168,0.000691341345993554,0.00200804586752626,0.00146613953599048,0.00124799618748292,0.00100897268147953,0.00150788395039965,0.000675625949098224,0.000905844278470132,0.0152239360317452,0.00112466531267746,0.00479886009558104,0.00117961415154827,0.0112170760070626,0.000977566836288026,0.00101587943563059,0.00432796174929015,0.00494738299279884,0.000820734342184922,0.00141406813212289,0.00118635476061849,0.000701650038877731,0.000666408333455098,0.00108886298208344,0.00236178805695727,0.000683432916540876,0.00495383672800144,0.00155809385377086,0.000684268023976897,0.00103853488754513,0.00146945674108658,0.00157046391997184,0.00962175990204427,0.00192798800538389,0.00153287584387581,0.00127888796432238,0.00110172522729823,0.00117631673552539,0.00155638405163726,0.00212125022727295,0.000682439891563526,0.000913416088332738,0.00085011752917702,0.00491991922203636,0.0011601370332432,0.00105015422305757,0.000861041100376238,0.00255608336053524,0.000859429976603131,0.00161835582029377,0.000935240046513903,0.00098059739554393,0.00181197561955681,0.00523751802782949,0.00171656624557947,0.0288826355951929,0.000776153883525224,0.00129103878816012,0.00533190249702908,0.00107637324376373,0.00763102609817536,0.00233290170819104,0.00100779571749335,0.00126731036309603,0.000709470111540228,0.00100742991887329,0.00102786729824511,0.0012929800501142,0.00177561217425417,0.00522390867283664,0.0011485955881813,0.00113051288395102,0.000991720604457019,0.000719618804080233,0.00106519616516396,0.00120570140098779,0.00194177730939907,0.000703537933600722,0.00141899756249382,0.00522755356270026,0.000861640832694819,0.00483699130134696,0.00086827898048405,0.0040826132165237,0.00163890942037102,0.00161521729785148,0.00156036871904215,0.00111573918701601,0.000952812347763039,0.000758878141360267
"DU0070",0.00269493736968087,0.00118801998166695,0.00531813241818371,0.00116155146476463,0.00472114658712643,0.00114030363016323,0.00109850744378025,0.000867774007104153,0.00106070202183654,0.00369038597677791,0.00103300566682999,0.00252156599391008,0.00249484710699025,0.00411657500469314,0.00397944713968833,0.00398122177248375,0.00133167703231709,0.00123303281196012,0.00528522174926388,0.000880281118523302,0.00107765138629858,0.000882640079465801,0.00116707815635129,0.00281291246723852,0.00744113461777826,0.00119962399851824,0.000907669448759965,0.00111647793583139,0.00309449600116429,0.00110327040290161,0.0035128161405213,0.00115121979260769,0.00135738559689576,0.00390903214440558,0.0040424518295316,0.00402597799913265,0.00101305363669197,0.00103548437034242,0.00517851615339163,0.000950281756845879,0.00424269169640209,0.0010804182651328,0.00623008570139083,0.000848046336921862,0.00100463114953407,0.00103016743841817,0.0056281042389908,0.00121143481839699,0.00092748238202935,0.00116769608326761,0.000963237503141778,0.000991625367249896,0.00111634976905784,0.00133121697190666,0.00108548710512267,0.00733951948020137,0.00267413098239005,0.00301691425878435,0.00361512735985241,0.00118759836493756,0.0025236207476031,0.00176362291632488,0.000867593522947871,0.000929142784634365,0.00390078064651746,0.00577463313492191,0.0009252077277791,0.00109547558323058,0.000994245792771899,0.0008463869978741,0.00240734215155278,0.00286322483600687,0.000770542972197347,0.0011040621056627,0.00313946129844416,0.00470314636748296,0.00368065112677421,0.00118765728615435,0.5,0.00352319405178798,0.0040504520396456,0.00129856109854566,0.00367155758168127,0.00118171912021496,0.00305161339253836,0.00119038714341264,0.00769931262585366,0.00293597102293175,0.00509945183298176,0.00100543622923876,0.00112504197287479,0.000990385520048223,0.00100976007814948,0.003286243415802,0.00273770145163621,0.00119718954177449,0.000856183619691219,0.000968559265407348,0.000951700983164271,0.000951315362650497,0.00131408086508604,0.00105727034403946,0.00126154173696177,0.000829683953057888,0.00320096892987671,0.000794253151517981,0.00553152321494249,0.00118788493641442,0.000878227735561948,0.00274285228952768,0.00200760276727812,0.00103613482974541,0.00576846331761531,0.000911759975694135,0.00190223030631433,0.00344705128793521,0.00363824514389227,0.00324503310991342,0.00324751141798877,0.000990644907664686,0.0010478466675513,0.00355929442177008,0.000974325156113676,0.00362399439131756,0.000967037638576223,0.00256391421384064,0.00103270840674295,0.00102230001925275,0.00101448751000395,0.00126230152704766,0.00255764899887511,0.00549232310916655,0.0019576452207091,0.00113021357319763,0.000880551522754148,0.00105351620956512,0.00105570334395149,0.00560933066692536,0.00537853941818003,0.00863272452235093,0.00510475787562047,0.00095717426033591,0.000902483033678319,0.00100649202246804,0.004656314811527,0.00328425788529904,0.00180618243068687,0.00123861657584011,0.00095832172397319,0.000943729180634919,0.000842942472268458,0.00557953437436129,0.000920167686404993,0.00412709928636342,0.00268760083979133,0.000918232457638047,0.000961108672492074,0.000929910063543237,0.00355869851630215,0.00402079563601988,0.00436439010041053,0.00118534857519478,0.00124854785052992,0.00537620616971869,0.00805106231527291,0.00118601329144026,0.00313764317017051,0.000868144521802446,0.000788917568070805,0.000900512890775873,0.00106138200697942,0.000830559712041304,0.000811811778521274,0.000991745886972796,0.00349019926979583,0.00335223813895473,0.00463935902342458,0.000921622934050679,0.00095879553244937,0.00283730755313216,0.00292530254726885,0.00564937218780688,0.00223147045554023,0.00104323989342509,0.00534909723711475,0.00138308018714662,0.000868307128055828,0.000969079602902267,0.00101821189141598,0.000976318526938898,0.00609611471841853,0.000982226735969978,0.000864871875659268,0.000923744946357039,0.00221861931514934,0.00314757802886261,0.00107933268124967,0.00465112826167454,0.00502832535452186,0.00106809760391016,0.000925890946224554,0.00479734283301635,0.00536333389037501,0.00143426386438744,0.000959803928858129,0.00408699364137269,0.00112176485376549,0.000933355432111693,0.00531736679797156,0.000929771678477659,0.000999643451284653,0.0047332417771329,0.00109327488773928,0.00118656626635761,0.000853672086112869,0.000862653442424983,0.000943854277251255
"DU0071",0.00125257121487184,0.00142229669989285,0.00102728502717338,0.0012271021502458,0.000939440810191347,0.00114341529054177,0.00649312125675548,0.00101576022193352,0.00613320195593682,0.00263320420843077,0.00638950452424073,0.00402608035738631,0.00407230632059641,0.00132249663267882,0.00402635971429478,0.00512538278623264,0.00389214984550364,0.000895687648159686,0.000851162227966102,0.000917383872643746,0.00119119534196513,0.000942684841871594,0.00143542790745596,0.000862367300661792,0.000955524176982899,0.00547643698313535,0.00629153840360825,0.0053160820108945,0.000904442806477008,0.00137512284013368,0.00389170647330268,0.00588944511477316,0.00133892755658399,0.00378729132208727,0.00262408479109042,0.00260795106646127,0.00573236033601758,0.00628747578487557,0.00109228183923294,0.0064252915913505,0.000866071632436061,0.00116618650853241,0.000944160465199092,0.000950961279607508,0.00114340487065188,0.00107731001532735,0.000921309522222507,0.000875749136262861,0.000994089792025659,0.0012893232355088,0.000856417604977861,0.00113522643113145,0.0013509530062733,0.00487604691022943,0.00115546365670952,0.00100756782089549,0.0012539255481788,0.00184194840670601,0.00568042068354602,0.00143068986386295,0.00123699796046251,0.000971400625915602,0.000940846219590693,0.000880979814038947,0.00262805733292445,0.000985805174204519,0.000994938877648479,0.00120278482329505,0.00113372692160989,0.000899777261492207,0.000999241878476179,0.000871914383165346,0.000780137671572888,0.00127105523911784,0.00209607852702052,0.0014018667672688,0.00262657374614214,0.00175687132896863,0.00352319405178798,0.5,0.00262942143193476,0.00267073382411278,0.00263220287106698,0.00244207908764415,0.00637109534669996,0.00127156543706779,0.00242484578956026,0.00161525427841698,0.000955014595380747,0.00665998282858441,0.00708388254152315,0.00631468772634907,0.00560072164223925,0.00495427291668062,0.00137738143293954,0.00133067944963027,0.000736118444689997,0.00122727094576434,0.000773221244753213,0.000716491366782551,0.000967960494602086,0.00125025315009164,0.00369161655868388,0.00077639075972946,0.00347967265237449,0.000986908107493422,0.000901448362540321,0.000987414928134776,0.000839284119700815,0.00296182739422664,0.00778641882455745,0.00110651605383161,0.000947748013785281,0.00100523929639059,0.00321025674100179,0.0023244768845254,0.00342973363656903,0.00359436899926013,0.00346071634210332,0.00353178822642674,0.00218144071779934,0.00837997327431635,0.00110802518715945,0.00116208290872945,0.00205229591523094,0.00091478920844926,0.00573987854447029,0.00593966056792266,0.00101815379099248,0.00506997777400599,0.00364556614437565,0.00100788209831314,0.00227761187442878,0.00157049808653386,0.00100928655751004,0.00107459201601774,0.00561012609744984,0.000931667105791815,0.00118823866155322,0.000984220758312857,0.00111382611129111,0.00179046787769645,0.00122254362816757,0.00121180066735724,0.00142836913770531,0.00358084479994362,0.00214699813391886,0.00154436499414949,0.00103320286994444,0.000984387080387745,0.00103519633225067,0.000822959506353741,0.00103718488649412,0.00106654849808755,0.00160271755223242,0.00105056194099141,0.000926787706720242,0.00577683977705632,0.00835266830926751,0.00174345505059431,0.00295081846794415,0.0047642891411053,0.000858867936040427,0.000979054913706459,0.00219906266000005,0.0059144646578805,0.00235609908328579,0.00106764398910477,0.000794553498036422,0.00108306201096246,0.0010073588868237,0.000921650342636981,0.000708932140829636,0.00103643334923928,0.00924793411446295,0.00113440884959239,0.00146367458292876,0.000707638633597451,0.00318832336396292,0.00163499527831249,0.00172467846058637,0.00173929906192936,0.00530675050882546,0.0010029726124485,0.00125244182264138,0.00464693762860155,0.000812611488152925,0.00606921530311967,0.00113124103363925,0.00108519606211313,0.000926021801219953,0.00102939312392854,0.000917474062993007,0.000999506450656934,0.000865380335034609,0.00141853944951395,0.00573032960342592,0.00097345384132569,0.000854659866350389,0.00092497193418545,0.00118483172894442,0.000872591453724154,0.00100479327565506,0.00670091731929709,0.00110854104127795,0.00106263482793414,0.00586260230376963,0.000984251255603375,0.00120893216701398,0.000990500006925442,0.00113870337301637,0.00124462346348259,0.00669649733307043,0.00513089921836909,0.00083741633412105,0.000842011019921829,0.00109252394115501
"DU0076",0.00412427858207354,0.00247519801789693,0.000939838689380173,0.00246122228299858,0.000764862828056998,0.00234750268679982,0.000799087275407193,0.000945830836536482,0.000869545105566132,0.00594678444851095,0.000841601995654503,0.00586139838383286,0.00575132454184318,0.00560444027195206,0.0058401887044977,0.00407592647733935,0.00533240932148846,0.000978298418055281,0.000965865000686983,0.00109093159821839,0.0026265261784555,0.00112065252200008,0.00237403463396494,0.000809118432947646,0.00235895212529408,0.00105422608781696,0.000736242662423257,0.000871705809899224,0.00204613390946757,0.00235697454172705,0.00563125635934256,0.00112531368263923,0.00286468559881477,0.00544416307510839,0.00644481120513162,0.00594151643535777,0.00101433595807263,0.000812320932269436,0.000877969353129266,0.000973242052014782,0.000927708933071888,0.00249739726967381,0.00092267832366849,0.00118301816803276,0.00237437219939004,0.00248629547565791,0.000954146814428656,0.000784099803491403,0.000852446720662997,0.00271934938975071,0.000891672209577693,0.00239095912888988,0.00271570774069102,0.00102429989758368,0.00252058918183283,0.00237324044925909,0.00400085393493276,0.00241687966549865,0.00366171013159958,0.00237872843380122,0.00271609845465087,0.000659659801345977,0.00072328557461294,0.000648922572113201,0.00621532602833538,0.000831799392140878,0.000783819337404233,0.00228967294468265,0.00246575628320396,0.000645325428753088,0.000753942973393211,0.000858775118424893,0.00075772919716115,0.00227587999001295,0.00406707079394487,0.00101675775193375,0.00593060270948934,0.000966462053077831,0.0040504520396456,0.00262942143193476,0.5,0.00536872309993992,0.00592281355802327,0.00275490727512826,0.000806461744163071,0.00350212843525655,0.00133663388776372,0.00234841755543477,0.00362885648812773,0.000841260938501784,0.000832419640492726,0.00074787674379448,0.000846461442907431,0.00467563984825109,0.00421924638619185,0.00253377886750073,0.000642949918525204,0.00249965043703165,0.000783335710014786,0.00065447149471638,0.000764969901599924,0.00254596966421161,0.00516024418012175,0.00066323626011096,0.0064568231818229,0.000649812339913741,0.000830019578780113,0.000758212469548982,0.000665683557226167,0.00224462298958528,0.000861282011691607,0.000814235873694313,0.000815509732543072,0.00346604143769285,0.00347199786845232,0.00671944925781305,0.00639528058678645,0.00638682923848741,0.00648620610332774,0.00347774178336804,0.00349651894620858,0.00238729644541146,0.00348952060847537,0.00620718106782507,0.00219191988936619,0.000780854003783614,0.000958047554143495,0.000823229460787448,0.00335769152812809,0.000888652777733562,0.00122085660320672,0.000787342080262869,0.00360512554281807,0.000770451814757418,0.00351094773958665,0.00356740482613191,0.000947995663951265,0.000892318407743746,0.00110267292802683,0.00242070647310525,0.00113605627073291,0.00319361908326999,0.00360909854746614,0.00342437669493294,0.00108283582944797,0.0062020012731467,0.000750964080280341,0.000715769422551363,0.00351434958038491,0.00333347856457366,0.000995676491041704,0.00080389105903932,0.00353457186789237,0.00100608822680762,0.000813434632652355,0.00348554824797946,0.000779406310415461,0.000935902233586662,0.00427367656584616,0.00353281328164831,0.00471810477148831,0.000853434758549683,0.000752169833702602,0.000935831013016775,0.00385268256434901,0.00116817594500358,0.00636051692300541,0.00351990978858329,0.000769852075925029,0.00358162517082437,0.00083785961883644,0.000651124782109612,0.000712645269155045,0.00341180719427153,0.00391265975931742,0.00596480909823057,0.00245325375766483,0.000718861343035376,0.0034749114958461,0.000904096225892591,0.00104413606281443,0.00391350902959819,0.000966356490315924,0.00359806877310478,0.00114131663509893,0.00101849849015145,0.00067527132772431,0.000783417303582662,0.000709311551170708,0.00328675077339869,0.00081025589886395,0.00329820066933007,0.000884354217787944,0.00112514496455508,0.00206894897705975,0.000850096430707481,0.000897576584546961,0.00105628439200681,0.000916803599672352,0.000783954779125843,0.00353825654473544,0.000834219828427751,0.000843392869349145,0.00104947308064942,0.00353922291155089,0.00373750215502254,0.00106390213892604,0.00347012385226086,0.00111907301065405,0.00344648586864661,0.00120246390922014,0.0010454648000185,0.000923038556327749,0.000864674661976295,0.00062602956475635,0.000679470798310096,0.00368601115406649
"DU0077",0.00254436086667933,0.00390616064194193,0.000954627368472122,0.00240276375797929,0.000694062632247282,0.00229321823294365,0.000906420652365023,0.00108101225938038,0.00098267735748164,0.00567362662043067,0.000925215494972613,0.00594892659069794,0.00578552027794323,0.00264124242742354,0.00403105095619309,0.00397138080759211,0.00576512849901829,0.000844014955542298,0.000931475385574833,0.00116339154962868,0.00253008865715693,0.00119659971739961,0.00493861649460056,0.000741727833989337,0.00095073382508848,0.003478302192228,0.000846486273287754,0.000892767786979145,0.000869767647448298,0.00513480234913576,0.00583879101183786,0.00368857722453069,0.00264239706203344,0.00273396114447077,0.00535593019071404,0.00536123374516614,0.00113389610266,0.000908474682158919,0.000895227589356266,0.00106473418214004,0.000837534638800779,0.00243847290484026,0.000950412645052706,0.0012631571071922,0.00232440447677441,0.00243083228796828,0.000980661934848383,0.00196400121479345,0.00346598339971842,0.00265251702790143,0.000803067494988845,0.00233782184105162,0.00279357978914388,0.00104976015240464,0.00245415525400683,0.00106212604000343,0.00250013116511504,0.00111415895174131,0.00110068230817363,0.00495950230233437,0.00242992099548004,0.0007018319155977,0.000790125760111277,0.000814891634784525,0.00553154441312547,0.000862474088692956,0.00203359349454216,0.00223760186140646,0.00240780266872794,0.000714726811817014,0.000972718675163389,0.000794221681751283,0.000814821716929111,0.00222787769956091,0.00360601577962928,0.00242098618118413,0.00566898449384944,0.00372042081961595,0.00129856109854566,0.00267073382411278,0.00536872309993992,0.5,0.00569597117126718,0.00266744606893112,0.000825198667988587,0.00260789830231955,0.00233553121945887,0.00112597269659059,0.000956984947547799,0.000932939795340673,0.000933607572183025,0.001021153622821,0.00086305850105338,0.00467966641854575,0.00278874705748449,0.00396224657422412,0.000719652048985028,0.00243536728245953,0.000784046405168121,0.00068466210110838,0.000734662013568065,0.00247778121081901,0.00530687940740733,0.000708872462694071,0.00647835520764869,0.00069934191886854,0.000840764488977191,0.000733542691415178,0.000712416961242643,0.00105901871263819,0.000942194009029893,0.00132767794216545,0.000842256336085245,0.003426913827173,0.00339246554434443,0.00604980403245569,0.00371930308943115,0.00622438443843416,0.00637788166965761,0.00359612764537177,0.00345006106452112,0.0024359976656684,0.00345411308757176,0.00359027777286649,0.00386984027009456,0.00072585940983313,0.00104063866039988,0.000862699353664854,0.00332310180061452,0.000926828200818794,0.00217488562567747,0.000781108435905608,0.00354812177778,0.000748811271278814,0.00346673668948235,0.00352854218546819,0.00340699571344727,0.000901010299474988,0.00354311508249474,0.00105898257004313,0.00378844178079916,0.00315983387452851,0.00357011316804721,0.00465088146361856,0.00350653044316098,0.00600118097925841,0.000756431167352441,0.000741175616860529,0.00347429345542085,0.00329796426141847,0.00116154828074623,0.000838392091169637,0.00348813968245084,0.00231639194230268,0.000755090274490535,0.00344665903336316,0.00075532321525452,0.000982336899243404,0.00419759287609693,0.0012001031123974,0.00387186861614523,0.000864552667373606,0.000720724388455428,0.00094721789154482,0.00134451379776442,0.00115460690264356,0.00630504190284853,0.00347849231766185,0.000834613779310685,0.0035350604337242,0.00210446393939072,0.000765655631773524,0.000766236690070045,0.00337790396600022,0.00274255273734662,0.00354930285208568,0.00112238482172244,0.000739843608674521,0.00343110721033652,0.00094104285061446,0.00360370682277361,0.00125531567670528,0.00114626162384188,0.00346602340941294,0.00108633075483976,0.00237661504975346,0.000728567842804084,0.000904780853267171,0.000804059835993535,0.00325754637743119,0.000843971350630172,0.00326466788272187,0.000950919122059644,0.00119828221613701,0.000848965753792231,0.000905414329927376,0.00218334494478539,0.000933954316699711,0.000878785296708604,0.000712749254664159,0.00349903243260163,0.000760641720749562,0.000858320184810105,0.00101019551002675,0.00349838143922781,0.00115835139301876,0.00358908481965176,0.0034346446201868,0.00358690827149197,0.00341214445822066,0.00245851821370379,0.00107657059722849,0.00100579447555693,0.000878068883086696,0.000705220718931114,0.000720291291347927,0.0036039010536471
"DU0074",0.00265600603561633,0.00373175310930248,0.000954179801020466,0.00240933238423749,0.000724237714246444,0.0022977485417484,0.000874813275976214,0.00104027505959769,0.000960978873812028,0.00619271883286743,0.000891121090208954,0.00575156310705685,0.00559901702826867,0.00276803742539312,0.00555427810279033,0.00398024341605408,0.00546998623930928,0.000834347428914577,0.000964118170910348,0.00116292722855707,0.00253900670335891,0.00119531171633648,0.00361831069806045,0.000763228964912208,0.00107649502694073,0.00330288050748005,0.000802673383595799,0.000841060869726859,0.000920682488253224,0.0025230803776152,0.00588156868123312,0.00353194899653483,0.00270805267916245,0.00400570456576787,0.00590885990278317,0.00556904300788723,0.00109789433074448,0.000876064002976467,0.000894334528201623,0.00103454485678643,0.000867502687350323,0.00244519372709778,0.000969307254764062,0.00125447946336012,0.00232737183563606,0.0024348058644153,0.000988737428165748,0.000848141539622619,0.00200141891947785,0.00265892675622465,0.000793248498384019,0.00234247088661418,0.0027221334655497,0.000993703441771443,0.00246221932777102,0.00116484762686842,0.00260539743472046,0.00115683460050525,0.00213387463310255,0.00475696029873452,0.00250792748684559,0.000660357450342563,0.000725074782590277,0.000731604703565472,0.0060733421224756,0.000865356350769416,0.00181205194541829,0.00224217845089345,0.0024134278547622,0.00064884799104226,0.00079966054645565,0.000813401450893983,0.000758505058902313,0.00222902561567926,0.00402323211850222,0.00222299734667074,0.00618635824483338,0.00226008836288117,0.00367155758168127,0.00263220287106698,0.00592281355802327,0.00569597117126718,0.5,0.00266842668526187,0.000788275226355997,0.00251129114574533,0.00130771204588414,0.00115697029763639,0.00208998807964433,0.000904952129820284,0.000896136032471253,0.000907014516953766,0.000826073412098917,0.00466713171953284,0.00289253919122236,0.00382591203630104,0.000650816127524327,0.00244080349518303,0.000760186792822189,0.000645569457890761,0.000732838266835903,0.00248269215987782,0.00536821306804278,0.000659336881651554,0.00640258519956986,0.000649372852181771,0.000859649408889959,0.000727428251012627,0.000664124484891521,0.00107939289590683,0.000918923707194462,0.0010212169301045,0.000850716708151331,0.00340382975179234,0.00338888560344296,0.0064956987516567,0.00598141858430963,0.00623091139870567,0.0064557178118707,0.00352456804480983,0.00343566949972122,0.0012917334396424,0.00343094626785129,0.00568521105747164,0.00354254284445369,0.000739486112272833,0.00100177084117046,0.000829918939033783,0.00330090743777945,0.000867440540177076,0.00113411447051034,0.000808234364539998,0.00354161839485411,0.000744373804485675,0.00344533024896237,0.00350561807388313,0.00217310530968706,0.000904126589392086,0.00339826792236822,0.00117138590377935,0.00362569803516355,0.00314177081251259,0.00354370424799737,0.00442924856866022,0.00332431886647302,0.00604284213785457,0.000730634210644838,0.000711231973313436,0.00345306859727658,0.00327554062604896,0.00110745773903261,0.000835930345660351,0.00346681951693944,0.00215986220278613,0.000772788058477768,0.00342362891054005,0.000725146950698788,0.000947063799118824,0.00426817355950699,0.0012012860132919,0.00434160166346698,0.000816238292310449,0.000719562771040502,0.000949740942454378,0.00251720822268323,0.00116319956448007,0.00661614434539037,0.0034553129818582,0.00076982631584966,0.00351192099907123,0.00193894776125818,0.0006684121861884,0.000712080186844052,0.00335386621670064,0.00392420119952625,0.00451397368102773,0.00119258581036714,0.000706432416619254,0.00341419552066167,0.000914457943279582,0.00223222627154817,0.00245319378102208,0.000951025676637721,0.00346119672446262,0.00108650135129165,0.00218679426498514,0.00067536800539498,0.00083943475474425,0.00071824623758742,0.00323293861205657,0.00085055481844442,0.00324272213587904,0.000917953203102679,0.00119758504413013,0.000913994192973508,0.000874569676212078,0.0010701968672501,0.000969403694495163,0.000910501364542838,0.000694304899456871,0.00347555981992005,0.000790486984097539,0.00085958396271677,0.000990257195207492,0.00347515251201246,0.00339123983314315,0.00337433409393297,0.00341094537381998,0.00343662220482684,0.00338846393709858,0.00231659791067661,0.00105440823873848,0.000969129815756372,0.000827479386139498,0.000630961581021155,0.000675256160672285,0.00358429844904176
"DU0075",0.00266455228577128,0.00246876726845196,0.00106661900943289,0.00265856772172094,0.000932605456600223,0.00254947162412614,0.000949336726372525,0.000906503897548364,0.0010617579756253,0.00266671494019124,0.00103217271414903,0.00416269736001439,0.00557490625789268,0.00268868274116855,0.00400961297768371,0.00271991725453421,0.00269078490034308,0.00356648811782509,0.00456666298117923,0.00127736051580318,0.002849936675565,0.00129673300672376,0.00239051696052421,0.000991061698522259,0.00113926283718959,0.000912408420493476,0.000881699784294082,0.000926219353090263,0.00136829690935702,0.00513207425751013,0.00269557316638554,0.00106723748522779,0.00586464383748058,0.0040000149533809,0.0027500569817957,0.00275815428558979,0.00462694534407184,0.000993296264704896,0.000954080362938496,0.00387306585181989,0.00115676580141233,0.00278873197040703,0.00110135260095394,0.00350010123057059,0.00406220922057817,0.00594174491790145,0.00366017040969335,0.000997408617406478,0.000885832109338927,0.0029342352044766,0.000977062188823188,0.00396035504264562,0.00633205885552016,0.00245471601933047,0.00564064110785801,0.00110526596844955,0.00270273041812119,0.00100958747084386,0.00103011757467488,0.00234188698952367,0.00273452602009891,0.000872486550228965,0.000917416908821396,0.00113407533159749,0.00273328933744138,0.000970016708935062,0.00114688853009743,0.00250154271187889,0.00281052370903987,0.000851698756254946,0.00103916259945531,0.00108790554938139,0.00121559075228565,0.00247435182986759,0.00122395845935755,0.000931328634526142,0.00266475059547069,0.0010552331157178,0.00118171912021496,0.00244207908764415,0.00275490727512826,0.00266744606893112,0.00266842668526187,0.5,0.000841772126525913,0.0025259265319117,0.00123276884018654,0.00104399713415651,0.00105279211823132,0.000995600520951167,0.00101759506780597,0.000911902281788476,0.000949064744131935,0.00216212530951141,0.00293780764607706,0.00256641310851754,0.000965941277921122,0.00274178770493623,0.00369097741262377,0.000890661492287228,0.000967964882520568,0.00275294078387377,0.00253493813842827,0.00100370293089506,0.00386518881519108,0.000841277503923055,0.000995348597649318,0.0009641710922079,0.000890197995263861,0.000994264741712548,0.00106920071179394,0.00382491244974889,0.000976716793862682,0.00378154403305097,0.00368870353955961,0.00372514480926074,0.00375678007551013,0.00492796456367979,0.00384719222084806,0.00363859649724358,0.00609818691754999,0.00121121266152186,0.00375278127398857,0.00368815533944868,0.0010326068645426,0.00109285141206814,0.0011769306885126,0.000932106728156246,0.0035947324507917,0.000947683542402904,0.00378882281973824,0.000919897503942898,0.00384839435764926,0.000953577912392072,0.00393894422881281,0.00380594697651062,0.000949896352062472,0.000985247623636574,0.000949326685745087,0.00109102957514471,0.00101789072966658,0.00341162372862036,0.00388739463700411,0.00356193902697995,0.000924101670277482,0.00507608907787545,0.00184331656110648,0.000896877937337896,0.0066422332672047,0.00621734668011331,0.000939037817627192,0.00101608398521403,0.00635950750318953,0.000991750872896237,0.000972535000680522,0.00378177239901698,0.0010175502971288,0.00116377990152939,0.00246976462798186,0.00106566434844542,0.00119253565219704,0.00103279602159147,0.000972816475037675,0.00100378782240753,0.00239466252835998,0.00125470357813733,0.00367186053145487,0.00378675445864531,0.000996192206862285,0.00384522190101998,0.000940566776324975,0.000883787130100436,0.00107294466073307,0.00365221318502311,0.00137183640290346,0.00368259114379506,0.0010445261624529,0.0034052709362877,0.0037099464710859,0.000934538551767935,0.000925346891674537,0.0010392160369594,0.000960386396051096,0.00376992623412889,0.00111336128341579,0.00089318129125051,0.000889480315029382,0.000962061073178123,0.00388854778689624,0.00352349409182508,0.00101195215324598,0.00356647366640744,0.000991304348368359,0.00113161612217186,0.00103386400117862,0.000900898930874575,0.000932338969462,0.00474420577914502,0.00110380897293061,0.00109410679054939,0.003780868371957,0.00101453818896575,0.000965154478139319,0.00415244253243939,0.00381231978839898,0.00117434461984439,0.00102553561632408,0.0065688998358209,0.000952812401464879,0.00630965062624431,0.00103474252138686,0.00432390989609768,0.00109963548236311,0.000980564939245843,0.000897852453709501,0.000892021542192589,0.0039236318215705
"KL0012",0.000957934217092262,0.000993531308917113,0.00133883637314736,0.00105296737977334,0.00327293336483967,0.000989490682787595,0.00759720981048619,0.00290311541648411,0.0230835412857483,0.00078816241195889,0.0055781719076886,0.000790019136606934,0.000790296934104056,0.000866704146650089,0.000804943244343561,0.000686858752745812,0.000847670842394859,0.00083732750856595,0.000927681848339079,0.000705754575404707,0.000940173437593478,0.000742436423383753,0.00101976908737605,0.00115237904286216,0.00106268276628004,0.00545311022032451,0.00819069649190249,0.00575343486655835,0.000898261248684197,0.00100101256305042,0.00082641859288513,0.00357502219095656,0.000861474562117769,0.000819230563967993,0.000804878396801502,0.000772140698807848,0.00355594346392616,0.00738841459754101,0.00389665458039604,0.00517650529380105,0.00101162241890911,0.00103170390032463,0.00116819795025607,0.000730667329672973,0.000997195160749556,0.000921335121621008,0.00120764844103987,0.00111834101838984,0.001109470023412,0.00195768434207454,0.00133100411723008,0.00098410486137307,0.000931607249619982,0.00528205009162382,0.000899909584788235,0.00110321411538905,0.000959382086350173,0.0046514755148839,0.00550846646266822,0.00100445855209685,0.000954138205452588,0.00413670738705306,0.00340543448579738,0.00120447571600291,0.000768060481799562,0.00352647869203033,0.00111809022417521,0.00105408732835236,0.000871714031221407,0.00142930406020937,0.00390143364251428,0.00114967070635104,0.00113200766620034,0.00367881768284378,0.000682577122832472,0.00158565008808867,0.000786247733523786,0.00369831513535641,0.00305161339253836,0.00637109534669996,0.000806461744163071,0.000825198667988587,0.000788275226355997,0.000841772126525913,0.5,0.000998282011970171,0.00115477952752993,0.00441342750212968,0.00102775440384087,0.0102424604148108,0.00681173269219676,0.00578541188207422,0.00555068430612334,0.000657928903105684,0.000818773883589426,0.000946115146095973,0.0011742395498895,0.00108894581556247,0.00101828987867171,0.00111150078357987,0.00360834794514544,0.00108884954373636,0.000773435045305044,0.001116966205862,0.000650710233914229,0.00367305891769075,0.0012023735669998,0.00352879921840899,0.00200098381468637,0.00462839272903914,0.00758253893323699,0.00143391091785681,0.00120125568987049,0.000722044833164677,0.0030370226097693,0.000655618821315621,0.000681298545147668,0.00064699976311939,0.00064549354500413,0.00194666398867339,0.00297554163135156,0.00679802873888065,0.000881264138532002,0.000717257971526858,0.00097074222313067,0.00117009864536656,0.00548956663267368,0.00756028088192502,0.000812132963344408,0.00570128419696788,0.00113308254970694,0.00135117242884286,0.00337648784586773,0.00353175934855831,0.000682990351557996,0.000835866536052219,0.00510820987155251,0.0012682445505522,0.00123210291779923,0.00109508575459668,0.00117688871877752,0.0031667973431223,0.00106567118589905,0.000823997697554223,0.00148844633642703,0.000661660021251265,0.00356357627588441,0.003434977085709,0.000700393926460634,0.000731702760594762,0.00117421301233308,0.00192099954442697,0.000694738969556311,0.00104603538912106,0.00367748111015544,0.000887893792929084,0.00127137992992754,0.00546453438649254,0.00346497330017879,0.00436675374389396,0.00415417130209951,0.00522788517448452,0.00116013880925769,0.00136297423529021,0.00107903785924037,0.00370745502400464,0.000682719734811264,0.000876216783476952,0.00112815709588279,0.000903794748491231,0.00112613165307641,0.0014388146282395,0.00101689836682393,0.000830776291901845,0.00559849170490855,0.000778939275972068,0.00291115647993056,0.00100268433537313,0.00304971261083402,0.00657766499132631,0.00428032262782417,0.00432196387729914,0.00497752301321514,0.00073916867260591,0.00149327168750822,0.00490481795086961,0.00303289441583123,0.00729167258477423,0.00170401830980751,0.00298098488316099,0.0012031352771468,0.000917025843931647,0.00289577903285553,0.000805029266068871,0.00109372185547955,0.00514947429306178,0.00557380402588297,0.000995178671117682,0.00111114324013321,0.00121828431115186,0.00180568936932639,0.00109987306480825,0.00349864690792468,0.00594501479454042,0.000810925952555983,0.000954190457318484,0.00359929095154516,0.000670709971784177,0.00126830846046543,0.000682696809598534,0.000785100130161008,0.00148818800257762,0.00589339371083412,0.00554916950344245,0.00122036413419478,0.00121264048308984,0.000861357068314146
"DU0038",0.00238366385892715,0.00534878557761688,0.00115521976932373,0.00238372771051443,0.00100578735399242,0.00228355220731738,0.00106269907577603,0.000893304675598334,0.00108295715507699,0.00250555416757488,0.00105891583053545,0.00249084040991749,0.00246774488611095,0.00235527316584182,0.0023790249043489,0.00105876435136412,0.00371172024676866,0.000807084228003136,0.00114901342181489,0.00112393998157737,0.00245866166596877,0.00119918876531893,0.00545490792462052,0.00534728381405435,0.00112023382126615,0.00387083138622655,0.00101491315681881,0.00104494784376192,0.000801184171154617,0.00525449864551555,0.00250231007651221,0.00392944224451317,0.00242071524713734,0.00235360274470715,0.00349587282202081,0.00237452433306754,0.00122276153118402,0.00102545208381371,0.00112533200128015,0.00116252992921095,0.00110991753946713,0.00237381113290657,0.00119355674225599,0.00112703823540933,0.0022878549381081,0.00238691841317895,0.00115805701293862,0.00550994388506009,0.00377995183129725,0.00257738180752133,0.00115364836575004,0.00228378364414729,0.00573287679195061,0.00119273686252888,0.00241590350821271,0.00116055616545169,0.00236994489865223,0.00120443969910911,0.00110665616078019,0.00542714775440156,0.0023291254471106,0.00109568506813938,0.00213680484448437,0.00393089370906082,0.00244506993932741,0.00545678902178552,0.00414922743809285,0.00222649382292724,0.00234516058255726,0.00107489273913365,0.00145950938790123,0.00112285400693886,0.00110693710191601,0.00226578762739957,0.00122327641591918,0.00399046550069651,0.00250631850289806,0.00417461697202857,0.00119038714341264,0.00127156543706779,0.00350212843525655,0.00260789830231955,0.00251129114574533,0.0025259265319117,0.000998282011970171,0.5,0.00120918643615822,0.00124585759471306,0.00116997341405201,0.00112690387563496,0.00110803094223185,0.00422078932740913,0.00100416317728947,0.00108020971770917,0.00249612523775547,0.00542501320556297,0.00103041194892005,0.00237028281365123,0.00119626023222619,0.00423995471001435,0.00113961549498704,0.00241145487264589,0.00239844879570431,0.00105491553628732,0.00348815692796861,0.00108996519299952,0.00107878945231058,0.00114685902909264,0.00104452977388038,0.00118491642366194,0.00105687424013911,0.00457726453192939,0.00103832764513081,0.00337923686632364,0.00339475069126234,0.00340652694281157,0.00336562968445688,0.00345428944990153,0.00346558855836727,0.00588258583790395,0.00344640432962913,0.00119031253023506,0.00344775061847023,0.00336601541496442,0.00118498014900648,0.00107704025962209,0.00117056444232605,0.00107516414899552,0.00331687700050362,0.00113292718906122,0.00118447756219795,0.00109850329911648,0.00352581342314325,0.0011340814800214,0.00341611944535734,0.00351195303061128,0.00417343930158462,0.00110425879639579,0.00392941766395212,0.00117087361719962,0.00463366206900559,0.00320639432064484,0.00353691277775154,0.0060425322877378,0.00423501179072503,0.00345156493912001,0.00111078088833615,0.00108324001265343,0.00342699157475188,0.00327203336968013,0.000878861841199337,0.00124938030541625,0.00343634225373022,0.00384363942714604,0.00113193951205547,0.00340065131714602,0.000724499366920813,0.00111159769627553,0.00129199539678663,0.00130621382183381,0.00231084825294053,0.00103585066051155,0.00111964651928872,0.00110718314486729,0.00119436473264073,0.00119668564157762,0.00351938191774253,0.00342953405231979,0.00113683404888252,0.00348058996540134,0.00440556588286295,0.00105231574251555,0.00109123861108342,0.00338641084767613,0.00129722557330937,0.00339254065339133,0.00118008355238968,0.00112072249476481,0.00343759515012007,0.00115382083610895,0.00274311053527885,0.00119587485971463,0.00136301657526058,0.00341450282003787,0.00117925366855195,0.00386064770535332,0.00103603625179581,0.00115082653137184,0.00123573810045567,0.00329301614309922,0.00114649150727348,0.00323793151230375,0.000805128611700164,0.0011719402707648,0.00119333530049891,0.00110345151301442,0.00393670816347088,0.00115973643214095,0.00109096153971873,0.000737984883726245,0.0034509379848782,0.00103100686159089,0.00107095750695571,0.00116910656162864,0.00345723787480686,0.00119129968779929,0.00410100752700825,0.00341927952256144,0.00392192735573769,0.00338718039318212,0.00414307523206877,0.00125820860632765,0.00118573776031844,0.00103134633083014,0.00110992896205976,0.0010889750337626,0.00354168491990225
"SG0009",0.0014061581147578,0.00121662487296907,0.00601091435505654,0.00125050796470816,0.00550187656189811,0.0012355966318283,0.00128198909645842,0.00103202548519939,0.00107980646502528,0.00130406042457575,0.00121210700015889,0.0024971267680692,0.00247685698855696,0.0025746850672821,0.00253005752611237,0.00327636659812326,0.00242831042381881,0.00098338445893543,0.00610222713498153,0.000853595563691551,0.00240049232555452,0.000843828275215381,0.00121437188865608,0.00336069568258977,0.00588068012532076,0.00125528467358555,0.00101414836953061,0.00125553242772087,0.00105256944829723,0.00119618829349687,0.00237434949892887,0.00121654277905721,0.00140106453244502,0.00263522887508948,0.00133386342312122,0.00251556221792332,0.00113238310116484,0.00120698557514499,0.00579704216034437,0.00108025018576874,0.00500261031446728,0.00116711277727799,0.00968067475790888,0.000852949537873909,0.00104858401033018,0.00106977243331169,0.00637081497822393,0.00150852652542162,0.0010781697527475,0.00119293207807695,0.00108559498654744,0.00104086723986182,0.00119355182325024,0.00144653171169327,0.00113460909638918,0.00699099751728011,0.00143682493230054,0.00188723756109352,0.0013607741574053,0.00118881848145604,0.00138773925414742,0.0010247442093482,0.00101117680810766,0.00113962461472846,0.00136167629304466,0.00657792135227638,0.00110070031406217,0.00118283767268112,0.0010650999945172,0.00102054887788374,0.00281586195762253,0.00603640389763905,0.000936319113746193,0.00114606320510966,0.00107395972888891,0.00526211879323746,0.00130591561353821,0.00122669304440856,0.00769931262585366,0.00242484578956026,0.00133663388776372,0.00233553121945887,0.00130771204588414,0.00123276884018654,0.00115477952752993,0.00120918643615822,0.5,0.00193429442454955,0.00418052434059415,0.00113900564536835,0.00685556970106515,0.00112915195302999,0.00116351933406134,0.00316621913679785,0.00284119563152609,0.00122510123596367,0.00103386268978222,0.00103814986646932,0.00116944119808341,0.00118977298505466,0.00157896797242285,0.0023713362133125,0.0022786157211363,0.00101850347747518,0.00216610644341957,0.000970867346472526,0.00641522394872631,0.00142709051438615,0.00108192639823078,0.00175551363560906,0.00237579498961181,0.00115883883520826,0.00660866177357687,0.000990764751749344,0.00108712360622997,0.00119682754686033,0.00220847136815956,0.00217452669760732,0.00217188080417144,0.00103052153420597,0.00108007817802479,0.00250457517706533,0.00104212310054142,0.00224421887453258,0.00186307662538845,0.00304194114337071,0.0024433375831609,0.00112966359935349,0.00112440627479907,0.00135632095358181,0.00456279359202983,0.00635746205638499,0.0022970934149031,0.00134085643446159,0.000929502048732223,0.00114736221329854,0.00115059629451349,0.00637406425976845,0.00596829193850702,0.00713055052720174,0.005653434810161,0.000995730285548558,0.000935810765303788,0.00104877272119331,0.00512727021525356,0.00220567859565652,0.00101373870055856,0.00106411644339621,0.000990364875362019,0.00100122781621486,0.00103146934986065,0.00645099998037662,0.000973525593236681,0.0047782717075991,0.00267448497834536,0.00100322645566594,0.000839065792337355,0.00104386027974643,0.00241792016900916,0.00181281508216954,0.00193156324503628,0.00129882144147775,0.00161101471397628,0.00611788207735336,0.00740159043084855,0.0012529611025046,0.00112192605310974,0.000945156080378623,0.00100437530254266,0.000961144543604074,0.00126709463124534,0.00101522360164935,0.0010153483121449,0.00106816637215724,0.00127804588752359,0.00118789941093608,0.00373348000434889,0.00112566290145892,0.000969675830458866,0.00308426123704248,0.00318206067202901,0.00454141459739619,0.00134446969190412,0.00104018003409836,0.00600427270210969,0.00145196139351988,0.00106070729059894,0.001105971936915,0.00106061471207528,0.00102061458872113,0.00696301154481772,0.00106152481799067,0.000961995699369953,0.000933831013965779,0.00244196163375609,0.0034974458821169,0.00120048806613106,0.00543850973629164,0.00588362250268384,0.000894319011677371,0.000998313405229255,0.00560406109138404,0.00603325531443185,0.00277622412470289,0.00105902865421693,0.00406096871239213,0.00120735320757621,0.000973019864051266,0.00589531755705951,0.000969082451410073,0.000958714475466959,0.00527315494137015,0.00128851220295681,0.00133837986064417,0.00107304390385439,0.00107728685217437,0.000989398225877109
"SG0001",0.00474585778318326,0.0012472351172503,0.00494063960670832,0.00112729143201261,0.00113138084625666,0.00102435160831867,0.00157509492401468,0.00075332047625154,0.00166526278202016,0.00115404735883942,0.00164846731290223,0.00111391571572631,0.00109610979167184,0.00276321017416877,0.00122369873993673,0.000923247207915583,0.00111904623157399,0.0014003794602634,0.00134550446782853,0.000660296218883752,0.00423994349078267,0.000681486169904714,0.00125001167365642,0.00106576161994233,0.00417667352923869,0.00459351225219788,0.00153218488352128,0.00473227955716715,0.0039872506836356,0.00121641984850988,0.00109853610942698,0.00158263399231225,0.00138138379005334,0.0024714897929584,0.00234529878015609,0.00129637475863107,0.00146092919146556,0.00154692118161449,0.00306949773951632,0.00158732022070665,0.0011258988980624,0.0011300790023611,0.00294494708029771,0.000763475260460118,0.00102819798771594,0.000989215067532483,0.00300472161431936,0.00101756803459179,0.000961170533154147,0.0011381987410703,0.00391212198838678,0.00102214747014336,0.0011365070289577,0.00572572037117096,0.00107480735924637,0.00473905930056747,0.00444369858533396,0.00900481155880255,0.00753299337337523,0.00123662122142999,0.00433373548269906,0.000880539880355258,0.000874705168139084,0.000939707022947216,0.00119757051210459,0.00169042717741264,0.00102658011874477,0.00104861684500755,0.00113771534586372,0.000910910285904907,0.00109467459777698,0.0010848143261214,0.000787381841569361,0.00110052550989366,0.000833667524350688,0.00579408227915245,0.0011556801754082,0.00163526789471989,0.00293597102293175,0.00161525427841698,0.00234841755543477,0.00112597269659059,0.00115697029763639,0.00104399713415651,0.00441342750212968,0.00124585759471306,0.00193429442454955,0.5,0.0039999971933337,0.00158289671309972,0.00176931166825614,0.00176041058688759,0.0043749805141096,0.00089372250738846,0.0014640168285692,0.00122064398570031,0.000845610840096978,0.00372434456807472,0.00085904621305982,0.000875768505665594,0.00100252507894315,0.00379953673268467,0.00108423200720541,0.000898975309177726,0.000974494797127809,0.000901410083398084,0.00144250150143056,0.000993591304023459,0.000865856086729021,0.00910081382623299,0.00163857341916064,0.00124023480521459,0.00295782576890641,0.00305039973579948,0.00104770264708273,0.0010725387579133,0.00209917661395068,0.000967316562865257,0.000976187969172597,0.00102148380946076,0.00099706370042869,0.00475203783766411,0.000958096728414183,0.00241385173496817,0.000778833159908053,0.000992207150548843,0.00180308638001763,0.00399684196536634,0.000940498230651381,0.00631425534798821,0.00104919260414761,0.00148866886756856,0.000995291101423289,0.000994874056761925,0.00197858507526487,0.000967646620022608,0.00168889430637891,0.00494047742616714,0.00468836261226867,0.00480559266670958,0.00444955458302311,0.000960226584540227,0.00111643566930041,0.00107058595045087,0.00526254062007695,0.000983510262666318,0.000998606372879158,0.000925033760940467,0.000958442983918402,0.000906269698665836,0.000739795146232581,0.00143796683627207,0.00105189376973526,0.00117722640219461,0.00106050609828908,0.00308489973454171,0.00113201046560946,0.00435803569745092,0.0015020339436929,0.00861175439337317,0.00692218035091964,0.00472749998813145,0.000961630960734999,0.0046991171026481,0.00484379157117281,0.00454606662272902,0.000988504640914993,0.00308138487248686,0.00192536198666075,0.00355275680549705,0.00105670908799477,0.000911555034717844,0.000846798056244974,0.000897759140188313,0.00148782160178521,0.00397582326185656,0.00909276780919551,0.000867015901785324,0.00103727867040595,0.00556981414348557,0.00597597284694819,0.00872808696997807,0.00513695376734444,0.0038343311325043,0.00575521935558255,0.00531581368451555,0.000845851734497602,0.00150068432505531,0.000924546185020337,0.000937649031325952,0.00312708336985708,0.000931551575538497,0.000893411243399482,0.000761440924151475,0.00401787283080959,0.00564566441587912,0.00444818626646383,0.00118693942812189,0.00346351633361984,0.00125539175196633,0.00211175474655362,0.00121027209497232,0.00470748008732856,0.0053586036573389,0.00104615196904899,0.00352059352212193,0.0015853055327226,0.000908566994891445,0.00489675203177921,0.000915065232061191,0.000814509177841755,0.00570783805923883,0.00171120009287739,0.00501062790116,0.000932262353587545,0.000863835085597984,0.00366259730946596
"SG0002",0.0047924917650995,0.000972872699802684,0.00150074594273446,0.00109990572299248,0.00556650306550199,0.00116220274411499,0.000906844977978316,0.000977224535497756,0.000865800355044292,0.00210615171543242,0.00093171153148993,0.00111386480487068,0.00111208432436166,0.00440982591019763,0.00354089088488635,0.00106186311750606,0.000983647843463071,0.00131689496453802,0.00450799017623996,0.000920970823316279,0.0011116224532843,0.000931447050770293,0.00097147916099736,0.00737548647634528,0.00821761718078361,0.000979525402075515,0.000908694408261397,0.00103186631916937,0.00386057310343617,0.000954818314494152,0.0010065911841448,0.000894228486889027,0.00241485205348223,0.00374990486214105,0.00362566276020378,0.0035661549768864,0.000897698118216528,0.000899605899402004,0.00172479681934357,0.000856880440659722,0.00570558427084869,0.000952002457234786,0.00181032024770246,0.000852345402915722,0.000938919706052431,0.000992374089267432,0.0015387721077251,0.00646915518108557,0.00194754131351643,0.00110218514918981,0.00621767961263247,0.000929171219520499,0.00108693891861049,0.00113034816773756,0.00103627566910906,0.00601518797494548,0.0045903252391205,0.00446547865441522,0.00445131788464529,0.000965576784621945,0.00391433839873412,0.00269816902821839,0.00226817476922434,0.00435422181059768,0.00337062753807486,0.00284539453040673,0.00410036719121834,0.00108227667200365,0.000949834259061412,0.00239828679460331,0.00551412935162857,0.00637427032281943,0.00220239604085336,0.00124472821628299,0.00279587320661548,0.00126959628682323,0.00209662221160578,0.00146158100436047,0.00509945183298176,0.000955014595380747,0.00362885648812773,0.000956984947547799,0.00208998807964433,0.00105279211823132,0.00102775440384087,0.00116997341405201,0.00418052434059415,0.0039999971933337,0.5,0.0010004260178812,0.00108578185699299,0.000941044763583036,0.000937411441875036,0.0010221598632172,0.00384964531182669,0.00103002990014667,0.00208044260047142,0.00102971709990243,0.00559111847979081,0.00412697181912204,0.0064336536397099,0.00108555247315367,0.000890687996227123,0.00253913334519557,0.00100308899957208,0.00265117074778881,0.00417983049534375,0.00617747599644837,0.00248606887319536,0.00392483274813274,0.000974708850455747,0.00181733555413813,0.00169637693760518,0.000831247548349369,0.00105758119357766,0.00300520868123852,0.00326428856468102,0.00102048300280308,0.00101624795659405,0.000853321148023858,0.00095576386959676,0.00112850955832214,0.000966861817673438,0.00396120307142867,0.000801087581476415,0.00572893734491076,0.00100066127842688,0.0012195254422613,0.000974498634394144,0.00106948838073094,0.00703390787708176,0.0045631412585847,0.000978568415744193,0.00561854611771406,0.00090002055736862,0.000989481049430702,0.000862207106860588,0.00160426006660813,0.00144842622102648,0.0056757307907955,0.00138090346097387,0.00110389040530975,0.000922412114414227,0.000870062667801306,0.00125664307723693,0.00104912632680734,0.00143475094227621,0.00260705090605149,0.000899725932731982,0.000893457282563403,0.000857295937307329,0.0045166814237773,0.000918940960923168,0.00591140732505719,0.00635364081722005,0.000858837087269382,0.00107933539948417,0.00086078621158075,0.00107621747754392,0.00442402966648881,0.00351090240377466,0.00110332434262411,0.00632429082857823,0.00145537672668498,0.00404137908098279,0.00330675809834019,0.000895732737752192,0.000885038356872041,0.00221670986236157,0.000938249565539483,0.0053043950757237,0.0019664915033802,0.00236037042297318,0.00101728007305745,0.000966522112597168,0.00420727607175191,0.0046557081568496,0.00403687703946022,0.000979065961188719,0.00135743397617238,0.00112823486464627,0.00409185172508665,0.00213168597692368,0.0021103247543496,0.00160306536134685,0.00102230369952097,0.00237921557210534,0.00116478307886295,0.00144743822178676,0.00104634301490001,0.00184530274598597,0.000902663503375342,0.00089195544994188,0.000998204060190864,0.00786189859535622,0.00130421449883766,0.000967823696389506,0.0058376843486719,0.00470908782465063,0.00120376780750392,0.00084672404614156,0.00519992476317613,0.00158280989272817,0.00115340343454533,0.000956540244647286,0.00935735249681556,0.000884915196390674,0.000876462259321973,0.00143534339533527,0.000884302933118874,0.000918957856418388,0.00129040259975875,0.00102190961486155,0.00105973865086633,0.00248299314923674,0.00351502965564755,0.000982852987620276
"SG0003",0.000906078319667331,0.00111762120452083,0.00116886266826704,0.00121097616162779,0.00221863053266663,0.00109390419328752,0.00812686713994763,0.00304348384760182,0.00839141339091553,0.000904155299893082,0.00641687237878677,0.000903308463397701,0.000905591913375625,0.00084220824618848,0.000859325380953529,0.000750362532504581,0.000967602487315136,0.000858698322458001,0.00101216275509619,0.000755596064187957,0.00100758483565981,0.00079198196265503,0.00116412632042278,0.00322430976658667,0.00102104815537569,0.00527594194241317,0.00881920022267258,0.0053360443612834,0.000797453431347746,0.00114130968248546,0.000947761409053492,0.00619829870170002,0.000961214055912008,0.000834955077540306,0.000839636365251622,0.00078586040445694,0.00623629027130789,0.00694566240432711,0.00441766416611707,0.00693126807658876,0.00111850237043971,0.00102210788219127,0.00111517152201083,0.000795072894402284,0.00102169447806158,0.000940845842396612,0.00104915521784878,0.00124317909366835,0.00121142164848758,0.00131476001293252,0.00125303797834553,0.0010079728294792,0.00103111156912699,0.00354917334070385,0.00103954475273573,0.000951870830914551,0.000929285502632345,0.00176195513896889,0.00541292880929009,0.00114037330662072,0.000972357708603653,0.00362439504295571,0.00432432682400464,0.0013683179546528,0.000852506586698881,0.00391399896733579,0.00120114259806423,0.00114430069162707,0.000978512754199199,0.00142847905516706,0.0035666536198975,0.00118035627589209,0.00116394617528566,0.00425806478169088,0.000714280251566454,0.00136610116212458,0.000902111277508675,0.00180938178325014,0.00100543622923876,0.00665998282858441,0.000841260938501784,0.000932939795340673,0.000904952129820284,0.000995600520951167,0.0102424604148108,0.00112690387563496,0.00113900564536835,0.00158289671309972,0.0010004260178812,0.5,0.00960035660435759,0.0063557189936952,0.00558789941730072,0.000723176731918988,0.00084081993147914,0.00105312488794806,0.00118582691503547,0.00108382012463373,0.00116260000412015,0.00122495629049198,0.00405297199333385,0.00108559207206563,0.000900315504993663,0.00122996224555082,0.000746213882583798,0.0041833822062879,0.0011529090155238,0.00401155003449611,0.00131049266399394,0.00287994529875606,0.00710914393981304,0.00127533441853927,0.00112964770301772,0.000795800590169884,0.00363444812237372,0.000727051297737274,0.000716723342393967,0.000744730239881761,0.000742265403348215,0.00317782387555854,0.0034472403896041,0.00649185112388765,0.000959896194602667,0.000698761624559211,0.000952324963109749,0.00127656516440728,0.005769848323706,0.00818291566246123,0.000898433346035906,0.00507965975968841,0.00126715821501074,0.00127789810127078,0.00308600820309264,0.00464290353236262,0.000792249907272778,0.000983022119286874,0.00546495924244925,0.0011044512224014,0.00111766556378731,0.000936283193025896,0.00100836824498348,0.00395298675881686,0.00105454566977885,0.000929661468474408,0.00134109253151306,0.000748447226597281,0.00426973410252232,0.00460918272824625,0.000834724943035429,0.0008367806089796,0.00113093227154618,0.00107771745769423,0.000819048495761191,0.0011414108085125,0.00453748396380141,0.000862803866017667,0.00171030892743824,0.00572109895641957,0.0061253015462489,0.00160941867996804,0.00149457272676751,0.00480201344966621,0.00129811802967636,0.00112686924266413,0.000866234833114457,0.00636430637506305,0.000790367826330286,0.000870761709242125,0.00120914219909721,0.000873648993371131,0.00126559019122736,0.00143281389527737,0.00111067755525862,0.000924273389731644,0.00728473117671839,0.000743936364090422,0.00136863555377915,0.00113492549553378,0.00372575863326693,0.0048067144815581,0.00166352620357241,0.00151771184225938,0.00329900684600499,0.000768715004040074,0.00125519875174461,0.00331164257063649,0.00209228451078425,0.00852841630081904,0.0019531615126296,0.00365020086808577,0.00118218520655346,0.000906653143446024,0.0010631967613499,0.000837609751102301,0.00111142957651574,0.00431984685922421,0.00561961658013493,0.00110846977845684,0.00103564195742126,0.00106829731722414,0.00103613028613101,0.00115364050353809,0.00356384742985264,0.00547155017387972,0.000899625126432473,0.000965997348132924,0.00618155101238391,0.000798577807685884,0.00112963181256042,0.000813292988747701,0.000851471510101012,0.0013318348148116,0.00995749517550657,0.00511300032605839,0.00134325070590286,0.00131514900531603,0.000848973768622005
"SG0004",0.000958903713644878,0.00113222747250571,0.00264390064594241,0.00406271017236379,0.00143029276985761,0.00126009334605074,0.00715154009965769,0.000985066463341294,0.00672905675615747,0.000895226921202152,0.00702525667962338,0.000882814766082052,0.000885150176343713,0.000877592588701433,0.000853796062552046,0.00081446788332575,0.00095359510946425,0.00319685769781982,0.00124995342911838,0.0008384842633378,0.00115705359802563,0.000859875243366419,0.00118519456109387,0.00408935605880003,0.0011362226050411,0.00570171425670577,0.00697769592035561,0.00665242432612971,0.00124762136452416,0.00115892794413527,0.000942422311788381,0.00614233484191428,0.000978851385943732,0.000842400093046035,0.000830828677624385,0.000785847730199111,0.00624403273901788,0.00694077243981827,0.00134107609101114,0.00706737794151156,0.00132825306932631,0.00116646695837435,0.00136298535075576,0.000835106091223304,0.00186639823301231,0.00102827367791362,0.00126731391202425,0.00122647542405586,0.00117153313544217,0.00121458818827101,0.00124651954427542,0.00111791725109115,0.00103115071727532,0.00528722260247425,0.00190289494106614,0.00113167265742874,0.000982557837889952,0.0019051364832082,0.0059045658213619,0.00117200651681898,0.00103456219276269,0.00141948324540741,0.00130819631374558,0.00119720483967356,0.000839937749226053,0.00129279262949632,0.00118936568473959,0.00131036411718493,0.0011113882545357,0.00146617954955071,0.0013653041838852,0.0058972729727714,0.00120728379360186,0.00119050779221194,0.000705379587128483,0.00149993043475413,0.000893263072076431,0.00167134067266788,0.00112504197287479,0.00708388254152315,0.000832419640492726,0.000933607572183025,0.000896136032471253,0.00101759506780597,0.00681173269219676,0.00110803094223185,0.00685556970106515,0.00176931166825614,0.00108578185699299,0.00960035660435759,0.5,0.00685383239335047,0.00707640116795284,0.000784642787197394,0.000858701137514795,0.00104819420302307,0.00120381043065443,0.00121923337922039,0.00119392486070653,0.0012900983598048,0.00130572133285533,0.00225297132461853,0.000888749191660504,0.00241856882654968,0.000731940549756817,0.00372730527285655,0.00141666552034395,0.00134882546325497,0.00219833628977179,0.00316288575355552,0.00741309498184008,0.00118625330410228,0.00143366964909971,0.0016875122222051,0.00101384685945704,0.000721358401069017,0.000726929328548693,0.000730723164835335,0.000728502180054041,0.00104332260660751,0.000975260203753251,0.00577959307424747,0.00110814097623617,0.000732050855749287,0.000817476974146266,0.00240976591607844,0.00634623671777067,0.00581871910795034,0.00321276492069912,0.00556618311708832,0.00132167797884105,0.00235952591822441,0.00108637104535758,0.00137168329777777,0.000854020264800017,0.00178377214302022,0.00586899233091081,0.00382118864131578,0.0012433925936214,0.00219398916601826,0.00111567122446169,0.00106111578642764,0.00113468778479334,0.000942804612553859,0.00148854717866004,0.00073595675278409,0.00122452181983222,0.0013245263153693,0.000936409854327793,0.000945398307421768,0.00102054448252852,0.00129164245634145,0.00155687994810249,0.00122796385398925,0.00136160001068459,0.00165936786097954,0.00130468716852711,0.00740273306134295,0.00604591261594398,0.00174429049012248,0.00159845574138864,0.00598132992118242,0.00608683933679961,0.00232388317727631,0.000996437251796895,0.00639174558776746,0.000788252269898214,0.000992633188480206,0.00125212367435618,0.000993809681460816,0.00125632643530592,0.00139436327429713,0.00117813247426201,0.00105179664161538,0.00635791681728179,0.000781283774251023,0.00150788475109731,0.00122558005188405,0.00103192641402872,0.00183500838524986,0.00175013486393061,0.00163899101002889,0.00465468084512706,0.000852720294897638,0.00145045003135365,0.00481981295749703,0.00134524081230935,0.00596424366507536,0.00115605953427442,0.00095988138192037,0.00227902586017196,0.000985168902930599,0.00103846371866925,0.000985336446852578,0.00192852360458369,0.00167778677388193,0.00606932888690068,0.00128414783256743,0.0013117927110291,0.00138353445285711,0.00334296111024058,0.00211289808614875,0.0021390609534562,0.00597116694188302,0.00173906551916759,0.00102178170120272,0.00614489171533239,0.00089064574628329,0.00125139434342578,0.000911889583874845,0.000861010455690466,0.00152690069039728,0.00740866924226112,0.00684893925735059,0.00387195924421189,0.00140797028074399,0.000925696869273846
"SG0006",0.000860147298724152,0.00357742834865119,0.00123942032719076,0.00105008144410275,0.00105789303484157,0.00093131900517041,0.00623309611376864,0.000987759181135472,0.0081325123661418,0.000903164153650749,0.006416726678553,0.000810332720897753,0.000800171834378031,0.000792179286733707,0.000755048050162663,0.000748751799923258,0.000983668307815025,0.00161171803882608,0.00096297639280615,0.000900698364236762,0.000921454728321091,0.000942376489354076,0.00383674267472386,0.00116125849852902,0.000906120364644491,0.00597898007294523,0.00933792273721499,0.00564198917152999,0.00169194384029037,0.00357798619927213,0.000937788217171627,0.00673165810906343,0.0008576677409228,0.000759503742822238,0.000746389805347448,0.000714771758727427,0.00547059364982509,0.00604181197274958,0.00122370425360756,0.00612314969113638,0.000973196610651074,0.000925559998955699,0.0011450919664671,0.000866200033722036,0.000940825328461546,0.000856762168906393,0.00108252500367505,0.00360071289756534,0.00255285610867729,0.0010211816145564,0.00131200406280611,0.000910542759742617,0.00376679092643951,0.00519853997762016,0.000889578718596777,0.00102224103176608,0.000878713802112516,0.00446194503079817,0.00577129951271998,0.00374738822972255,0.000916521727283147,0.00139922404892019,0.00130034394492616,0.00383513757431907,0.00079192430011901,0.00116218221867319,0.00380285532093645,0.0010059966455919,0.000881702602394122,0.00655479152400653,0.00133091334822902,0.00106524106000339,0.00115774555284111,0.00103114513530162,0.000831257143302817,0.00287135149885763,0.000903143496317335,0.00227206204407549,0.000990385520048223,0.00631468772634907,0.00074787674379448,0.001021153622821,0.000907014516953766,0.000911902281788476,0.00578541188207422,0.00422078932740913,0.00112915195302999,0.00176041058688759,0.000941044763583036,0.0063557189936952,0.00685383239335047,0.5,0.00589601284726881,0.00073850481520351,0.000744691480476149,0.00244519191264388,0.00119017115810399,0.000994447989459278,0.00107536746064588,0.00114779414670067,0.00114447817292218,0.0010059382078953,0.000915760220572598,0.00116677045568291,0.000678142176711141,0.00383159788599844,0.0010938682826331,0.00114716399611368,0.00119804268553134,0.0044147156348569,0.00639399911933006,0.00398367214041752,0.00113145669172676,0.000737425146034221,0.000882792068930127,0.000675249166568639,0.000644170206220172,0.000655192085033294,0.000666195938886124,0.00112616753723106,0.000827894182473229,0.0056385050348425,0.000857658768539021,0.000669803230980415,0.0010995266431292,0.00109152765665436,0.00588536703201631,0.00565962278347106,0.000784447289892744,0.0102361436734139,0.00110739985585448,0.00757421153683573,0.000909324948220404,0.00118738388812961,0.000723907897159144,0.000845580060057044,0.00817591625013491,0.00115400018414216,0.00252516861638275,0.00100088093556569,0.00238721359610512,0.000937324758439272,0.00360717192034908,0.00312652564661618,0.00390551479049461,0.000661514805883738,0.00130720103979451,0.00124806660346033,0.000758695105724819,0.000746011343583652,0.00111035976830157,0.00112920242063197,0.000754895982631374,0.00236272379741064,0.00117359058133361,0.000807559923220313,0.00273558970197911,0.00605015740295085,0.00530200357378921,0.00185050503867177,0.00163009866803717,0.00509549586420978,0.00107705704559936,0.00117567633044152,0.0009433650043221,0.00558260524635258,0.000831979669736695,0.000807693671208658,0.00120621486118276,0.000815615630619902,0.00358524482058119,0.00359830281442881,0.00110656329745198,0.000801221667488911,0.00558331671963616,0.000716774907562204,0.00152533042330343,0.00104619438480332,0.000893420319331447,0.00178533957052301,0.00308626663672399,0.00165535231243791,0.00587405638727084,0.000733142766525655,0.00143478179578089,0.00710015901746575,0.0011806938700404,0.00576852982614091,0.00131726295916808,0.000834489240047199,0.00115366473674302,0.000813335038775244,0.00126750527009842,0.000954620022880344,0.00106662555104889,0.00160778386570344,0.00839641199850078,0.000971989442766828,0.00099529227093245,0.0072452367027924,0.000932430961586351,0.00100646516383245,0.00119058492224957,0.00585675443966277,0.000821757752389631,0.000894371583088747,0.0079432692218346,0.000741709026527303,0.00254314167952651,0.000745200805169693,0.00207970053071366,0.00144649521327763,0.00680100753223611,0.00544340731676488,0.00135821196068381,0.00123995904916697,0.000788948531297581
"SG0007",0.00100415949594229,0.00101300771287224,0.00347080279820655,0.00226644616423466,0.00124448439256331,0.00119445342710232,0.007601500994404,0.00105273489157572,0.00516562758632863,0.000826002572096606,0.00818441682115107,0.000847025729761765,0.000848385093819435,0.000897831130643729,0.000844314905916934,0.00065271903978773,0.000897087733282361,0.000968688472407083,0.00113219929650874,0.00279524539655968,0.00349258412548169,0.00198627740362585,0.00103453759555576,0.00199831808607655,0.00102224893930482,0.00549545431181947,0.00538613946530988,0.00790217563538477,0.000908630122816819,0.00102908823168033,0.000858605147827229,0.00344241231417297,0.000925625167466918,0.000857160338433163,0.000844820814940634,0.00081298355358951,0.00473495742418506,0.00777122265351642,0.00122320087494622,0.00556034102167253,0.00360636800065456,0.00392927277353365,0.00379725319686687,0.00105453102100554,0.00223712911537707,0.0010979026679716,0.00131006640634124,0.000991157211121386,0.0011953363189226,0.0012005441312186,0.00121410537454426,0.00359746914908543,0.000977946756045171,0.00525940664721556,0.00117269173630265,0.00105976661935115,0.000992512111576357,0.00451469546665728,0.00577159043431932,0.00102093135009589,0.00100668456404429,0.00130564135761417,0.00126577885629086,0.00111915253430533,0.000804326443935636,0.00109681051749083,0.000978123736227342,0.0034705536183697,0.00359794379513421,0.00139471126486721,0.0011777645275035,0.00353628154999106,0.00224201504115226,0.00109674792288252,0.000865236435297562,0.00145464156408201,0.000824011777497416,0.00150092313456747,0.00100976007814948,0.00560072164223925,0.000846461442907431,0.00086305850105338,0.000826073412098917,0.000949064744131935,0.00555068430612334,0.00100416317728947,0.00116351933406134,0.0043749805141096,0.000937411441875036,0.00558789941730072,0.00707640116795284,0.00589601284726881,0.5,0.000632537197029389,0.000853395050295528,0.000964845210125867,0.00330792383121553,0.00356177417740013,0.00109530321354945,0.00117463445698439,0.00108800795406034,0.0035179065892958,0.000813733368756351,0.00331581697261017,0.000718768141749034,0.00132822347213563,0.00225897564263382,0.00110408460029677,0.00317475853746263,0.0045183339966922,0.00579100789532405,0.00113612809226366,0.00368432966138984,0.00309186077946626,0.000937997455918508,0.000707439140907003,0.000729750068690954,0.000715117554847605,0.000711157447891671,0.000937175798757815,0.000892695362655857,0.00557569179057153,0.00189110121260439,0.000765593180214947,0.000920809994274479,0.00326784528493276,0.00681423568922815,0.00548776552356074,0.00100464538999178,0.00629908087404802,0.00105482648151652,0.00131806581678495,0.00198674327182652,0.0011278956383604,0.000945275601580752,0.00196957134139715,0.00525957638539627,0.00240247249574789,0.00114568807167174,0.00106298906096894,0.001041457683996,0.000967005829968911,0.00112131775688934,0.000861053973132903,0.00136961439941265,0.000725789646241199,0.00129033696943699,0.00119861762118563,0.000930640287687714,0.00094849393625779,0.00190090205287167,0.00114209124834722,0.000884627878188275,0.000991063316984101,0.00110315252662185,0.00326235763729471,0.00115000336750026,0.00817459306780451,0.00334619032395654,0.00417888406409553,0.0040245635025102,0.00521132752452305,0.00121487546339492,0.00404121090126183,0.00101310253362218,0.00368409903347985,0.000736209377541545,0.00309562975237555,0.00385447495721988,0.00203791325086277,0.0010316715825485,0.0035683005234026,0.00339026195784093,0.000994917918512933,0.00477119613612326,0.000830278314674317,0.00159266897705753,0.00111159002257971,0.000949190185657938,0.00287842720205453,0.00288929356858955,0.0029191452085807,0.00452056899226171,0.00093693976425661,0.00139437563041075,0.00473558985147503,0.00127968735942734,0.0051448013259571,0.00213078754303184,0.000922673879573821,0.00231413188633595,0.00333411931772767,0.00306777730303954,0.00115573436088062,0.00104254828027937,0.00261140221914055,0.00578930685545239,0.00107944103633547,0.00374759952567145,0.00110736999550876,0.0032074894583232,0.0033187901518571,0.00129798222677343,0.00692393755440532,0.00197868172153539,0.000864408113126229,0.00347859044052115,0.000881312981629616,0.00116350232346614,0.0009118306590236,0.00096718511715758,0.001501271412249,0.00618943115564171,0.0076917926187054,0.00221481529052161,0.00224764954514861,0.00198000494303911
"DU0069",0.00135679577922194,0.00230912047871693,0.00070115859164562,0.00100323877947881,0.000588494427208281,0.000914052252857756,0.000702675324014044,0.0010117612635346,0.000759632777692649,0.00467134646576928,0.000664200001774977,0.00589702853053003,0.00583433937478755,0.00183001429174477,0.00564332481245869,0.14852857738535,0.00438428177520532,0.00745157754432294,0.00074403766036546,0.00101985437261551,0.00104538746190292,0.00102866282233696,0.00218874787139671,0.000647891128640906,0.00100760306044997,0.000934706950007103,0.000714034596160542,0.000648707675791656,0.00464050433681475,0.00112648059869036,0.00563543078908594,0.00106566451466631,0.00216911097584148,0.00529022235331192,0.00466334336071269,0.00540961748608131,0.00085770351885906,0.000669914621982167,0.00062626917857225,0.000783464771269429,0.000616121904061731,0.000960440537030728,0.000696406540025716,0.00103384227685476,0.00097571339496521,0.00102932695302724,0.000712614736073951,0.000660715296755988,0.00175137881350306,0.00112662403053975,0.0005556144841703,0.000919713130507676,0.00255362786698019,0.000764670536826169,0.00101265085845657,0.00100202937110933,0.00133697752626939,0.00100768834814667,0.0010729799032514,0.00117660857408615,0.00120313144928954,0.000450977325774687,0.000477518395467481,0.00054793185953961,0.00476841160619744,0.000636332937839125,0.000658910041990125,0.000899598335237674,0.000936842361606921,0.000475188110379146,0.000641875797923493,0.0005989593440259,0.000475692335471441,0.000903147209918688,0.0037570523518228,0.000893106281424355,0.0046585260112617,0.00198046358646331,0.003286243415802,0.00495427291668062,0.00467563984825109,0.00467966641854575,0.00466713171953284,0.00216212530951141,0.000657928903105684,0.00108020971770917,0.00316621913679785,0.00089372250738846,0.0010221598632172,0.000723176731918988,0.000784642787197394,0.00073850481520351,0.000632537197029389,0.5,0.00549731279354047,0.00120617731836166,0.000434618323410171,0.000972553007658723,0.000573669985287545,0.000439852330281365,0.000534358616577122,0.00100897337516524,0.00438735049003699,0.000453339981716414,0.00512734065882886,0.000450247274564501,0.000578648980553676,0.000533269039643531,0.000414717742266822,0.000863940031200337,0.00181834904137217,0.000762257555824439,0.000587805221591761,0.000888904492557623,0.00158558999593633,0.00414398362363614,0.00467700827392442,0.00510340226173403,0.0051252532782368,0.00211080097704162,0.00159332867120735,0.00452690293409779,0.000914189594891665,0.00159323585047447,0.00347804961803268,0.000566671036765222,0.000725567807471834,0.000645627844289301,0.000868136507026787,0.000749262267945794,0.00466450364147501,0.000695222890715557,0.00103502709615336,0.000528441074716955,0.000913909753300008,0.000937737940028349,0.000879324628362385,0.00069664397343003,0.000943149984066477,0.00102188665186333,0.00199015635464384,0.000855955314288138,0.000987883973624731,0.00105655480512608,0.000934302260917642,0.00503369809554321,0.00110595801503597,0.000461891625978748,0.000980874460777096,0.000893572872806288,0.00118152357345923,0.000618730169017992,0.000960651756957535,0.00191446661582381,0.000584784239065693,0.000894838871072243,0.00248468816367802,0.000703310311374321,0.00517918804623812,0.00105059860194393,0.00411835227497254,0.000652720389771386,0.000521236525840278,0.000639604652412854,0.00458471958904077,0.000929409695250168,0.00407769990762624,0.000901436902375912,0.00044207459382259,0.000947016977724702,0.000699551096921061,0.000452033399971169,0.000464918167911599,0.000882744710439134,0.00500963149511282,0.00125605914043221,0.0010516466812898,0.000491064691117066,0.000971211720937534,0.000670788334461129,0.00304951643699234,0.00217707419589223,0.00145142641103392,0.000973152181502861,0.0016032374820773,0.000905105105921829,0.000407745089331573,0.000632499976708219,0.000749335960890358,0.000847317941726489,0.000636083206485396,0.000840291324736892,0.00135724642915154,0.00101402201435096,0.000737572270416013,0.000637925412691453,0.000807766270053417,0.00155428251359697,0.000629987300452334,0.00300286490416725,0.000927494705269615,0.000597967280999988,0.000657871977068469,0.00169749697893996,0.000937425824425522,0.0042755788911139,0.00101479132620953,0.000974151185807917,0.000955749447055506,0.000967345809695908,0.00208693107474805,0.000802126158116204,0.000726940261992321,0.000665836114240997,0.000504563571393196,0.000429597472134762,0.0010108852877754
"DU0068",0.00304107707738275,0.00244572161945468,0.00114125214486882,0.00261682876663735,0.00101631641854538,0.00246992381106927,0.000791045130820304,0.000723946031687675,0.000852794350914246,0.00289338596280028,0.00085130350225022,0.00434756795681066,0.00438459169689125,0.00444135145528334,0.0058891996905167,0.00575349638870351,0.00280997427032614,0.000949766454124602,0.00125025621582317,0.000766108118312663,0.00276947130146347,0.000802138094460586,0.00236248429319456,0.00390652404057767,0.00485049955629361,0.000913634923556076,0.000740187296072608,0.000903579210204148,0.00114799511466581,0.00239441108483746,0.00408187990312762,0.000952323727826617,0.00617823692793576,0.00599839807297146,0.00421281968107805,0.00440905066995535,0.00103715018065078,0.000805445051918771,0.00107756063052757,0.000998210742324394,0.00117582711238772,0.00261621290361898,0.00119279820360703,0.000915331054608657,0.00247949360010826,0.00260163913214869,0.00115918761674445,0.000950675098227207,0.0008558240697928,0.00284178497197816,0.0010817473121373,0.00249970458521152,0.00281534241649542,0.00117520691351063,0.00397963063545619,0.00275733155476571,0.00562362456442655,0.00391642398190524,0.00135478227905334,0.00230300538169182,0.00423266794674254,0.000771458740033078,0.00191622553792192,0.000745189485490947,0.00302702983544576,0.0019779131561132,0.000797892436569359,0.00240357844635216,0.00257959768052432,0.000756032814585879,0.000939929873882581,0.00109264539986789,0.000857564932976059,0.00239746915392557,0.00121300945152249,0.00107197875827868,0.00289052717730905,0.000915444562274337,0.00273770145163621,0.00137738143293954,0.00421924638619185,0.00278874705748449,0.00289253919122236,0.00293780764607706,0.000818773883589426,0.00249612523775547,0.00284119563152609,0.0014640168285692,0.00384964531182669,0.00084081993147914,0.000858701137514795,0.000744691480476149,0.000853395050295528,0.00549731279354047,0.5,0.00251597248856399,0.000746740968560435,0.00262824747080507,0.000923115196467034,0.000797757709026803,0.000956896170069183,0.00269521676734163,0.00265020517454253,0.000779909733521022,0.00517395675712056,0.000772000292595719,0.00107179421173592,0.000940227051235313,0.000779491914538968,0.00140177261220836,0.00205820629846196,0.000841907841692202,0.00104413502093892,0.00364781130796599,0.00464627991650382,0.00397029292087376,0.0064143170451796,0.00652224003861072,0.00631951958038671,0.00358958341706223,0.00370181796121536,0.00136904925781703,0.00365942824153153,0.00634612751049561,0.000910025638200846,0.000993441767405901,0.00101855774957795,0.000836988572772004,0.00352735794181156,0.000942210594239652,0.00395794782237543,0.0010506548973871,0.0037801266862635,0.000929221465640934,0.00373039791366512,0.00376464398445217,0.00082207623346324,0.0011003636706762,0.00111833511252435,0.00413327535188419,0.0011200625998667,0.00334877450738641,0.00378612820205355,0.00349277148340012,0.00108406003984363,0.0066642671037727,0.000819703381321905,0.000823236750236632,0.00370758686615627,0.00350346633788621,0.000711583438987054,0.00105444574520781,0.00377580808276547,0.0011065815468963,0.00100524962318299,0.0036536544665926,0.000711478977146083,0.000948594922703779,0.00397422502091154,0.00393186640329005,0.0026625416091228,0.000907497786859209,0.000940304165945187,0.00113160034886425,0.00441577677228671,0.00127718421874108,0.00480846466263793,0.00368776305883445,0.00087665955332403,0.00376215119328308,0.000882234192060604,0.000755341945410376,0.000813832381191126,0.00358262693068753,0.00141886169887714,0.00398923850756215,0.00390766681915054,0.000848332681061315,0.00363553622320403,0.00102035331177751,0.00104414600344327,0.00402859430375486,0.00104260999218503,0.00387287726088186,0.00397200753106573,0.000949565486656179,0.000784138950325574,0.00079970754562501,0.000781939449976494,0.003455154327044,0.00108594619064628,0.0034653214047372,0.000743026400348512,0.000830188179332978,0.00131700201332736,0.000999057606622015,0.000839224921614146,0.00262336711706613,0.00115917454763422,0.000726980740935907,0.00372277219299433,0.0010856593540019,0.00104049488957356,0.00110654510864333,0.00374206262495255,0.00278344065410913,0.000891728754690139,0.00364927800815169,0.00112817090138633,0.00361892227941726,0.000806251071626282,0.0012608809045167,0.000966281219984136,0.000944659884304864,0.000757731707721118,0.000794713754215156,0.0038459093996034
"DU0039",0.00240617736071453,0.00581607720443318,0.00110360159365458,0.00239703791317574,0.000876454507926577,0.00231536150574831,0.00102747466554942,0.00102441454494531,0.0010465760041224,0.00380790451529752,0.00103217814509235,0.00263542418325795,0.00261101435355942,0.00238795511475077,0.00249700473115302,0.00116959828056649,0.0038930733637236,0.000803848522372805,0.00108192037734255,0.00113473883576906,0.00250965340079328,0.00119238191096378,0.00563202165824942,0.00103693699736209,0.000991426918675397,0.0041717757710736,0.000948222159823343,0.00101668909331463,0.000788338567499675,0.00524158120057552,0.00380342083789075,0.00424840133351039,0.00247442661741462,0.00243111022626601,0.00252915321491266,0.00249143870282498,0.00120536357296571,0.00101207169137681,0.00105295835950912,0.00114406755786268,0.00100399545848181,0.00242237205321167,0.00114638641854495,0.00119910920934217,0.00231798999871885,0.00242062142745301,0.00111408101299374,0.00395773403133672,0.0040276694214321,0.002642002079202,0.00100318784082899,0.00232741906001895,0.00425239509163364,0.00117443388246782,0.00243813579724531,0.00109807812928868,0.00238102030601563,0.00116130761967541,0.00106955895510416,0.00554560988122487,0.00236199873455458,0.000948140398361545,0.00099691555003996,0.00271203475983921,0.00258703130574255,0.00109738504914646,0.00407217636117691,0.00227162520591204,0.00239249577476618,0.000911253377416411,0.00129315699294576,0.00100143526755007,0.000985411319072428,0.00226054257928231,0.0013256297948168,0.00471855710128324,0.00380886339303131,0.00463866732891811,0.00119718954177449,0.00133067944963027,0.00253377886750073,0.00396224657422412,0.00382591203630104,0.00256641310851754,0.000946115146095973,0.00542501320556297,0.00122510123596367,0.00122064398570031,0.00103002990014667,0.00105312488794806,0.00104819420302307,0.00244519191264388,0.000964845210125867,0.00120617731836166,0.00251597248856399,0.5,0.000916400208358242,0.00241861537831358,0.00102955210468963,0.000988915329814317,0.000974861124490722,0.00245996111632367,0.00371825777525121,0.000917889778628057,0.00363570073591216,0.000913738844524081,0.00102590423243917,0.000977807391883246,0.000915764312370928,0.00114241682887758,0.00103484411667606,0.00325164163448479,0.00101870994211263,0.00344142129160967,0.00342398507007124,0.00354373721608803,0.00345924335744523,0.00359606047943938,0.00361214793705503,0.0060156009076501,0.00347795774481604,0.0011888311897229,0.00454541842549355,0.00342802944045658,0.00233488377790439,0.00105415107813977,0.00114862974482323,0.000994941241033333,0.00336617587693549,0.00107894847491867,0.00111483944292443,0.00095705157371073,0.00358786549515959,0.000970422025600632,0.00347877128255907,0.00356000107963904,0.00417753261640293,0.00105425927127895,0.00427702084338751,0.00110427717935337,0.00424931900746032,0.00321722381532147,0.00358445091888362,0.0063780882698385,0.00420244131580602,0.00357721933856679,0.00178973162986805,0.000937202638798125,0.00348758511619913,0.00333671083924842,0.00107003307223107,0.00370729708233614,0.00349938794499229,0.00424092839280335,0.000968269167380158,0.00346238854539647,0.000759165090202634,0.00107712238773419,0.00136989802669574,0.00125432667936445,0.0013849421255934,0.00101314480146414,0.000964406677457749,0.00107060440308634,0.00117024153875839,0.00118227927268583,0.00471863849961775,0.00349249147512197,0.00101233233373549,0.00354605477116004,0.004302614286086,0.000978014906845643,0.000950540249080137,0.00343219995047924,0.00136831751898318,0.0034494407924117,0.00114245416199901,0.000973748289963433,0.00347139839402938,0.00110940749418149,0.00438913065253307,0.0012070265966238,0.00135401910088957,0.00347629832327879,0.00115397092429873,0.0042780713960626,0.000925138606941694,0.0010766109106086,0.00371026381187728,0.00330985667974301,0.00107729012280694,0.00330322023779743,0.000910659632214475,0.00118555041352416,0.00101196291119834,0.00105444361895773,0.0041932074857783,0.00106008655122267,0.0010186710877937,0.000720600292966923,0.00351335260803921,0.000921977757470223,0.00100663597623855,0.00231857083114669,0.00351949520417583,0.00110792410861377,0.00417882068931718,0.0034660594402124,0.00443799492301995,0.00344259920329218,0.00381259139011266,0.00122380407448984,0.00112346849991493,0.00100048003048529,0.00094538313800858,0.00195638613657046,0.0036100248776583
"CH0038",0.000794465103634081,0.00085936403022011,0.00235542296923476,0.00238084023345799,0.00261743679671014,0.00237622672809444,0.00129054905430969,0.00132908380502459,0.00308332653886959,0.000650903341478972,0.00217305763737299,0.000659515780652292,0.000655528830519106,0.000701694352948459,0.000658322069749654,0.000438179727438982,0.000723889900308272,0.00325603446026723,0.00150855376154419,0.0031901410856658,0.00105392987758714,0.00331370331055495,0.00086134311153414,0.0026348496471701,0.00124780215417299,0.000822698458058273,0.0034817437795275,0.00216442372607951,0.00131852573239952,0.000906258374516786,0.000643948451164929,0.00087020513932506,0.000726939631668052,0.000677074666053449,0.000641687212472229,0.000651446708972807,0.00211988205077913,0.00329306137510989,0.00133888578296735,0.00104868909201895,0.001972855443943,0.00125154143326332,0.00134890404470463,0.00121536376352312,0.00358790320171419,0.00345821741715642,0.00338747144498594,0.00327857261884424,0.0106933784291552,0.00120753548484391,0.00677697173159193,0.00337672434896976,0.0010187014322945,0.000840614196235803,0.00217219236475525,0.000969446132607003,0.00078258415193305,0.000782409623660611,0.000772815774812636,0.000833408386570843,0.00077939895848514,0.00852749813507782,0.0111969912773293,0.00463755787657231,0.000639010304503872,0.00142527271463321,0.00414827600467178,0.00370305492307096,0.00117848939404626,0.0110869863206596,0.0016568066859024,0.00329025784446157,0.0114733410422677,0.00127273314999322,0.00093844565186832,0.000973870895044309,0.000649341285788153,0.00103233205756068,0.000856183619691219,0.000736118444689997,0.000642949918525204,0.000719652048985028,0.000650816127524327,0.000965941277921122,0.0011742395498895,0.00103041194892005,0.00103386268978222,0.000845610840096978,0.00208044260047142,0.00118582691503547,0.00120381043065443,0.00119017115810399,0.00330792383121553,0.000434618323410171,0.000746740968560435,0.000916400208358242,0.5,0.00106010838836899,0.00571257571562728,0.00946802608862686,0.00277289413712857,0.00102546479776425,0.000603006258348145,0.010726076463645,0.00060472507755845,0.00820137873608689,0.0036448660650482,0.00310499504325245,0.00844651690880002,0.000791686526730065,0.00110626257349686,0.00379792992756516,0.00352900514263756,0.00270340277187421,0.000878226767517677,0.000544525217761445,0.000553929599186371,0.000548394223417518,0.000560089759041311,0.000758902177174048,0.000888118545270496,0.000847591438106458,0.00110814842168299,0.000603184880199668,0.000981678789886744,0.00217718483198032,0.00113389515263814,0.0012399179310988,0.00202835807368442,0.0011926693866771,0.00249474463497131,0.00274190396757973,0.00101187897600828,0.00302398833265062,0.000875985297420863,0.0030660027758151,0.000868711785996782,0.00399645190802101,0.000956338982976016,0.00099136924431262,0.000970572370689179,0.00108100922155977,0.000988189646750229,0.000750270614799084,0.000874289020488899,0.000554930519570502,0.00224226711967389,0.00703339258061838,0.00184827956475595,0.00311241957694761,0.00213404990928981,0.00368088741145991,0.000845916332466626,0.00175959984531355,0.00232576784872399,0.00105279598076092,0.00245094101969043,0.00202996127008435,0.000706117735967885,0.00076334821954219,0.000671361914109495,0.00365739604699975,0.00418495371796151,0.00340285411895778,0.000827986851876534,0.000848610250772288,0.000551490735239785,0.000980996596292294,0.0105015226132922,0.00083877960716795,0.00460893009271515,0.012797479233996,0.0114511788870747,0.00200394317880081,0.00075022697116026,0.000654648523222771,0.000835061034089498,0.00892447517988995,0.000909698527542843,0.00123595469037124,0.000875117905477433,0.000743061474555825,0.00102042087275732,0.00069187535887936,0.000872578767669144,0.000803831500376703,0.00890095427229271,0.00126302764842704,0.00396955847952316,0.0011268676015331,0.00244636025629775,0.00317135555736243,0.00329674573703825,0.0013866860278707,0.00497101661494203,0.00319020561803127,0.000919776844889337,0.00139539816190967,0.00344320859078916,0.00242505193427641,0.000898619898326888,0.00369354188597785,0.00358751773496214,0.000967140489863796,0.000944645546115814,0.00209447720251107,0.000872234293122698,0.00299293686993495,0.000942681006254502,0.00295299483304416,0.00110553372433923,0.00201948869712103,0.00105054657094088,0.0020763314495013,0.0108377289618532,0.00904073341424551,0.000842086039846424
"CH0039",0.0026835141701069,0.00233354777193035,0.00101297910160151,0.00260876442466809,0.000896632460672518,0.00248960188855499,0.00113181122913306,0.00104228633690683,0.0036133007505516,0.00243898096389775,0.00351380052572886,0.00256429024222586,0.00256720340622158,0.00254056061167594,0.00249811833766203,0.000981287760646863,0.00245275201254651,0.00150863529568013,0.00119637771579971,0.00124869536280098,0.00622183860231184,0.00129830807444034,0.00225864444436412,0.000964043388447194,0.00109544235719134,0.000980369430089753,0.00104387343399111,0.00114409645575512,0.00325801549516086,0.00228868170263942,0.002437193850375,0.00109067230680089,0.00275799885336172,0.00248819631028472,0.00249647056655483,0.00247951508424398,0.00134892389156344,0.00350023962288358,0.000902435010253242,0.00361525615733664,0.00380762673149557,0.0057289744281904,0.00239977698112115,0.00349706169089665,0.00511024195428495,0.00284922378475698,0.00127148692250046,0.000863662256287816,0.000918407261300646,0.0038658757815884,0.00376000800064577,0.00542817648019245,0.0026250967683405,0.00238380013158437,0.0027553072886091,0.0010548777312724,0.00266705166225474,0.00108777136093317,0.00118987853633669,0.00221852240367896,0.00390107187055307,0.000943777190667598,0.000984255012627508,0.000810270724280975,0.00247429293692535,0.000861086291969974,0.00079356860276394,0.00246614778300972,0.00581507424982087,0.00100658545066483,0.00087671530377118,0.00358927812738751,0.00229519220796149,0.0023847957581001,0.00112409214832875,0.000837550459929065,0.00243738849260991,0.000740865316326044,0.000968559265407348,0.00122727094576434,0.00249965043703165,0.00243536728245953,0.00244080349518303,0.00274178770493623,0.00108894581556247,0.00237028281365123,0.00103814986646932,0.00372434456807472,0.00102971709990243,0.00108382012463373,0.00121923337922039,0.000994447989459278,0.00356177417740013,0.000972553007658723,0.00262824747080507,0.00241861537831358,0.00106010838836899,0.5,0.00113001611257073,0.000922564134328531,0.000909685713758142,0.00609142212785552,0.00231978132837829,0.00102446802300907,0.00351951742348585,0.00097207308464469,0.00102900455051971,0.00091167506579938,0.000972380039376113,0.0037290090470456,0.00110081214080879,0.000764986985940552,0.00101701723211503,0.00619867347651185,0.00345076680308549,0.00342115956457933,0.00343480022404575,0.0035213512224937,0.00350487370826401,0.00343263063116587,0.00351132189671061,0.00112371709104718,0.00360020536047018,0.00348870408162385,0.00107201188876688,0.000934256530357206,0.00382502417903762,0.00101224170242975,0.00345228080724058,0.00207742035179189,0.00100801402949078,0.000918380156587214,0.00372747938620094,0.000908699811848034,0.00609389064848579,0.00377633066728387,0.000937790533344278,0.000972361175805519,0.000864094392567408,0.00106856908257777,0.000833811608871434,0.0032522290530997,0.0049054834173581,0.00333888851157859,0.00084021026987234,0.00352011396986787,0.000789443763993671,0.000922145884789737,0.00372833873458028,0.00347240788319891,0.00120131301260228,0.000886965101333064,0.00598298398513486,0.000878475129424553,0.000903363817050988,0.00653099097833113,0.00134037641199464,0.0038423441228612,0.00126486523152923,0.00104316396898364,0.00105437784398972,0.00100907637602009,0.000957926857754365,0.0036441068412538,0.000997932267993842,0.00405188168728611,0.00339469990382708,0.00669352235263441,0.0036736947186204,0.00697737705667904,0.000878250576007358,0.00115459640385492,0.00227081013012115,0.00349566531472538,0.00123199455107413,0.0035836299050124,0.0010639990622379,0.000986419517592116,0.00451037292327411,0.000908638746068445,0.00083739974425227,0.000977964841284502,0.00103122303599507,0.00641671395368937,0.00223616297188046,0.000894841067638142,0.000970038521724159,0.000992178622567079,0.000751944053651727,0.00337676759792277,0.000915757012545969,0.00570772970402778,0.0034184744754021,0.00209949920084662,0.0033330348525844,0.000924734042688338,0.000973173962453723,0.00119821280442746,0.00404044905757197,0.00133973739785279,0.00497986293005511,0.00100379515134784,0.000848588045690627,0.00113113288160866,0.00479858839054413,0.00102989096807835,0.0010473014010236,0.00364518263574882,0.000872564546523448,0.00365865968903103,0.00102214066708276,0.00114141511858643,0.002045920551468,0.001107503580276,0.000965266560789597,0.00101032106948259,0.00677205965489576
"CH0036",0.000950891404782507,0.000971495058920549,0.00120299796928287,0.0012491153035446,0.0042552261591911,0.00129077782174658,0.00100897554260775,0.00131675598351926,0.00107241992785106,0.000760696922805609,0.00109454529555485,0.000794181592246376,0.000809899470352855,0.000862960191426261,0.000823286481439801,0.000581300593551164,0.000789291837871134,0.00420631957966249,0.00474020188052686,0.00496448070093774,0.00111809704350977,0.00527800194878711,0.000994115619688872,0.00605731599384748,0.00174472107734133,0.000852886316936352,0.00121653413709288,0.00102561636055884,0.00134606807741075,0.00206700642536693,0.000736805141930698,0.000916612775221923,0.00101569293983516,0.000852198178243376,0.000781832320780602,0.000798867403648584,0.00479498075512671,0.00114342744509341,0.00135674565464195,0.00378327796970905,0.00545045443648144,0.00222517534677696,0.00136610211062724,0.00363117423275657,0.00424288965854302,0.00436056665275178,0.00407035314162646,0.00738180776147552,0.00347952230876694,0.00211573900188946,0.00611475957892168,0.00384912734327953,0.00122698726490623,0.00308078470854677,0.00135173612999733,0.00107724838197625,0.000952104198641847,0.000850141326344058,0.00085435275326489,0.00094965641255326,0.00104195422090338,0.0080783876313161,0.00394213861394106,0.008898766482034,0.000775310964037191,0.0014712130817894,0.00590383594096056,0.00124727313042229,0.00351646586953905,0.00528576064542368,0.00446811407970027,0.00528900557241686,0.00854691825119618,0.00139517265141103,0.00138595389092443,0.000994087213273832,0.000758751422094598,0.0014448342761357,0.000951700983164271,0.000773221244753213,0.000783335710014786,0.000784046405168121,0.000760186792822189,0.00369097741262377,0.00101828987867171,0.00119626023222619,0.00116944119808341,0.00085904621305982,0.00559111847979081,0.00116260000412015,0.00119392486070653,0.00107536746064588,0.00109530321354945,0.000573669985287545,0.000923115196467034,0.00102955210468963,0.00571257571562728,0.00113001611257073,0.5,0.0064988436744864,0.00624571210050191,0.00104923748969795,0.000703322894304948,0.0065476305203272,0.00067751009489087,0.00572522618740946,0.00147889063318489,0.00684329257530128,0.00537705527295071,0.000840436353544623,0.00109144624984569,0.00460721333575202,0.00126523552207319,0.000990522617123252,0.00100158473998863,0.000669521900201121,0.000690723078293275,0.000665545555802361,0.000666238489378342,0.000845710761261134,0.00100245361109212,0.00086698478017953,0.00103050709904184,0.00075151220161728,0.00104932845094017,0.004692816974339,0.00108156410729655,0.0013273753137906,0.00108108132253057,0.000988248785793297,0.0063174598542997,0.00166286504422089,0.000981165886318055,0.00648814300614018,0.00379675656269377,0.000985036734886662,0.00092228271702947,0.0012653738944692,0.000912855069395633,0.00110210597393307,0.000960769937893508,0.00120749376626348,0.00097600641244672,0.000878924012290935,0.000893724839970274,0.000692166048017234,0.00215057982260534,0.00512571760698972,0.00363965317428306,0.00327191436299971,0.00128702283363292,0.00173402109391382,0.00322380560854778,0.00459365187944508,0.00541914265371272,0.000996435524367072,0.001242145820013,0.00204541434948434,0.000763608736729026,0.000854502343819646,0.000713282948314487,0.00324505472411267,0.00700144950821607,0.00107072144209699,0.000841039640949026,0.00100247078260823,0.000640164590849333,0.000989000377725546,0.00510831883814033,0.000919644333398332,0.00736857715753852,0.00353110687900094,0.00827765302739111,0.00107264334361368,0.000786803236326532,0.000802597689344461,0.000880280039700379,0.00876545929430965,0.00101099246451229,0.00126584122705222,0.00089483126806584,0.000791943633488127,0.000922593377706009,0.000853632518768243,0.000897073900821933,0.000859796580056496,0.00515738983712205,0.00136413434376438,0.00295697189892956,0.00113607769700633,0.00141242161896881,0.00104901983561643,0.00126686150031875,0.00180982198843128,0.00714632491368745,0.0011414226487599,0.000987428389094926,0.00682070646991936,0.00163358152304242,0.00133236820422106,0.000888145874079331,0.0019376288256879,0.00213247874208135,0.000937936062447613,0.000984184241941446,0.00557965808774142,0.000929849356396088,0.00397688014917292,0.000915487382748271,0.00435042154599348,0.00157271872883991,0.00404274567039644,0.00107314784378877,0.00106440092581761,0.00559088315467503,0.00581554418976194,0.00095881915191329
"CH0037",0.00084297752076092,0.000894003312800204,0.00360335170588189,0.00150554795276211,0.00426493047989888,0.00400837444626424,0.00124836620286609,0.00208632504755206,0.00105320435964047,0.000645773139191091,0.00119997497349537,0.000653852804931127,0.000650373476450907,0.0007333553949441,0.000682875280733799,0.000451800303567101,0.000691163769808448,0.00107442301624756,0.00155280948772719,0.00119605147017024,0.000943346822353997,0.00115375776578467,0.000927377618417975,0.00735894732446328,0.00161684802710236,0.000864362540086371,0.00142483189904399,0.00230339327219416,0.000841306088287549,0.000958414121793871,0.000624474211323033,0.000858590274735925,0.000762954140569148,0.000712340421388531,0.000653211946404805,0.000667848127361304,0.00109082901184322,0.00115386278729681,0.00150144075771972,0.000900164977863818,0.00256646365198105,0.000983162792433738,0.00132513375776943,0.000932157660785312,0.00106180047582949,0.00107662752375156,0.00120654118180962,0.00919081257967107,0.00682939818159362,0.00119612886114366,0.00860284860834808,0.00100608929773037,0.00108325835791721,0.000864827212949818,0.00110357824042082,0.00109944134564197,0.000831683503478645,0.000853014435097081,0.000822321836370828,0.000873583695752487,0.000822333677801857,0.00868678389544767,0.00846812812097561,0.00655510548895316,0.000645675226348536,0.00411058322538625,0.00556336078269227,0.00408201832837936,0.000927428047403668,0.00830620557900403,0.0019856455597026,0.00297458116873539,0.00754524794837444,0.00136779732145658,0.000799110990530884,0.00107675050505908,0.000644189905993324,0.0010156367126748,0.000951315362650497,0.000716491366782551,0.00065447149471638,0.00068466210110838,0.000645569457890761,0.000890661492287228,0.00111150078357987,0.00423995471001435,0.00118977298505466,0.000875768505665594,0.00412697181912204,0.00122495629049198,0.0012900983598048,0.00114779414670067,0.00117463445698439,0.000439852330281365,0.000797757709026803,0.000988915329814317,0.00946802608862686,0.000922564134328531,0.0064988436744864,0.5,0.00493426053660874,0.000944944002804615,0.000592750194006138,0.0106083672707954,0.000574919806587325,0.00859313419413802,0.00279462276386992,0.00551358750253156,0.0103363836065336,0.000848556118117236,0.00223672386261887,0.00192308836288135,0.00263949411534491,0.000776586033960406,0.000948160925188248,0.000545984283753877,0.000565400811287662,0.00054073498483789,0.000547081119350665,0.000795577822599646,0.00094103230981236,0.000890929589029095,0.00318272575204699,0.000628617719464265,0.000854223010749606,0.00528847960507532,0.00226189813257977,0.00138464346272464,0.00336208340544548,0.00105689004975036,0.00480081164615307,0.00283370321154925,0.000945716362549599,0.00528199141064,0.000762278337699577,0.00105527070711989,0.00088113861900406,0.00397197684067897,0.00101728926351834,0.00112567334292979,0.000980343619307808,0.00119759628849722,0.000885066835262814,0.00079541534674662,0.00094842272538703,0.000558338596500567,0.00255060138551633,0.00743079879390541,0.000892407767951441,0.00213246874361794,0.00126016368163548,0.00455532616410409,0.00076110302311014,0.0025864982516112,0.00419775113789489,0.00082890439179518,0.0011314888263546,0.000969188353476919,0.000662190333189348,0.000794978835254287,0.000688408369156463,0.00382425979260019,0.00803225062213892,0.00123138022612498,0.000892505118778062,0.000828849292539222,0.000533917651373156,0.000828439362449806,0.00775512034416281,0.000736064134155984,0.00737696116027045,0.00695131872035933,0.00795791625715211,0.00360821099230623,0.000695525240220387,0.000692113814985816,0.000908047680331341,0.0111958414023786,0.000969674366382008,0.00136207756058021,0.000929301090751453,0.000803864141793805,0.000945327993737173,0.000702314692070496,0.000932821432289947,0.000858575676323917,0.00893300621905082,0.00139185108619885,0.00450486358109642,0.00117273080743398,0.00400282827136984,0.00193078515117435,0.00105261517156424,0.00306008144947055,0.00685630286613465,0.00133646549946127,0.000982839462386831,0.00177371765087256,0.00154704661454978,0.00119068678898247,0.000830101554834435,0.00421455949779456,0.002503341009523,0.000929273299599123,0.00110498879497752,0.00412335614242981,0.000870220040850784,0.000955308206565249,0.00100117944578611,0.00096525943910356,0.00101258514563268,0.00112344308593883,0.00113140033826228,0.00224044495499077,0.0107437625160122,0.00985669368363066,0.000753060568392382
"CH0034",0.000938703405447708,0.000905855158210243,0.00130525547442078,0.00116759620470447,0.00754249476831769,0.00122359628527501,0.0021444894805505,0.00408252660470238,0.00119096102354263,0.000733301867596563,0.00113907514640332,0.000758877872778499,0.000761209394103021,0.000863382565998118,0.00081108046199698,0.0005441390105146,0.000759905542193566,0.000815577886128413,0.00402592923954386,0.000865874737480277,0.000951712198674819,0.000878513441245223,0.000924648100087433,0.00699868076526016,0.00492624236690117,0.000992518771297408,0.00274041283763666,0.0011850574528096,0.000791598718456773,0.000941999113896026,0.000708638997413199,0.000938108794655499,0.000915241997093106,0.000858806816835643,0.000763502916409141,0.000799909673127878,0.00104581845670211,0.00195388923668251,0.00761332784360778,0.000999875104453366,0.00530700219392538,0.000948128617208328,0.0023940906334924,0.000806399503068956,0.000945902287349826,0.00097363986361838,0.00135772554798434,0.00704126066456503,0.00250532924458097,0.00131141493615117,0.00461934461934776,0.000935902247628605,0.00106057442577067,0.00103974630438039,0.00101623439209395,0.00142959121383529,0.000933046156101984,0.000994545268668078,0.000998946211618225,0.000872895530859803,0.000943504545768543,0.00647811936030246,0.00556841002154489,0.00575885258109076,0.000753098268715281,0.00520062180917152,0.00456851326364466,0.00116636881926885,0.000925422815818598,0.00316385472505711,0.00769880995988676,0.00599820770531858,0.00285320522934373,0.00671652382587944,0.00067734985370749,0.00108750416624717,0.000731453655598839,0.00160403680057344,0.00131408086508604,0.000967960494602086,0.000764969901599924,0.000734662013568065,0.000732838266835903,0.000967964882520568,0.00360834794514544,0.00113961549498704,0.00157896797242285,0.00100252507894315,0.0064336536397099,0.00405297199333385,0.00130572133285533,0.00114447817292218,0.00108800795406034,0.000534358616577122,0.000956896170069183,0.000974861124490722,0.00277289413712857,0.000909685713758142,0.00624571210050191,0.00493426053660874,0.5,0.000917688044556091,0.000678559100430234,0.00407935671696167,0.000640777509945838,0.0052960177672226,0.00286719897435584,0.0116347645321218,0.00398889779256007,0.00102094815011095,0.0012630054554331,0.00200839813590568,0.00155184546500335,0.000738572831494413,0.00392784904159964,0.000639538012251309,0.0006792597003418,0.000636658001220133,0.000635273781605299,0.00183023132262465,0.00322188694335243,0.001962166189686,0.000976010887162576,0.000732079655498822,0.000956952712429255,0.00552708153205701,0.00113707114050284,0.00662492112866642,0.000987611177200133,0.00110302539525479,0.00712310070755143,0.00309358335169449,0.00272749958931109,0.0122442104529108,0.000764236246433908,0.000968615772969531,0.000973670725989639,0.00140036536609224,0.00114186735077099,0.00146145176141287,0.00108945782407423,0.00571312365143454,0.000828158485453153,0.000799051032073335,0.000972677044309779,0.000667343027674598,0.00484357631875156,0.00989649069306201,0.000816224759957893,0.000888053530851604,0.00127381560241178,0.00308762558967926,0.000751495971605897,0.00547684926444611,0.0120396287110981,0.000785934884121839,0.00101465226084022,0.000957971321112929,0.000821967762576355,0.000968556795850813,0.000831861120347303,0.00123268767516056,0.00690410218863019,0.00127043055362845,0.00113209144309194,0.00098045381754537,0.000598843158107314,0.000780466203810893,0.00291526826593222,0.000765463408660272,0.00587124832697433,0.00267923324399338,0.0037134396612767,0.00102655398133388,0.000929136193014953,0.000778136882191538,0.00102823981490879,0.00475850126143736,0.00418382508089684,0.00633606789419084,0.00102315836693813,0.000991075942492954,0.00109127108454276,0.000766226197914659,0.00107137820879798,0.000962897299316542,0.00382971331420832,0.00679777632822269,0.00260619723553046,0.00485091150655791,0.00171098680209744,0.000912872453088387,0.00183399584923369,0.000926404998371979,0.0056355137924653,0.00477085641649059,0.00106388063444677,0.00531860259589729,0.00422889947606627,0.000958155965962355,0.000813467069750468,0.00487486509573296,0.00373787458706463,0.00116027685119946,0.000881440693056939,0.00640553128886941,0.000945685548318341,0.000830403005938928,0.00111804323929304,0.000839322513401297,0.000794195556509156,0.00108331659563298,0.00128299342922992,0.00115150904237521,0.00326951948812104,0.00433917753760502,0.00077736941217131
"CH0035",0.00529691399474892,0.00237272889763607,0.00225993421089348,0.00269075856426627,0.000918024436150749,0.00255869409270075,0.00112541575481104,0.000934802240431609,0.00339756780162498,0.00248193494522701,0.00241712400674608,0.00260864270695519,0.0026113124316244,0.00260271315155011,0.00255901641487407,0.00102093607268529,0.00249478772373028,0.0012536755194818,0.00118379111511085,0.00112996624864646,0.00594290493475252,0.00118169751669607,0.00229631256255283,0.00105108002004785,0.00116620954792649,0.00100375311956441,0.00106406715590727,0.00121556033866746,0.00206943139696987,0.00232605232043879,0.00247925016196439,0.00108929302434076,0.00276738620625394,0.00254938153767036,0.00254158727408336,0.00252623606795026,0.00126816443899951,0.00233671157984288,0.000965611473454031,0.00140363731527262,0.00366360948034261,0.00557635431998613,0.00247736548410065,0.0032365904057708,0.00270277561692489,0.00275412055386121,0.00121604346487975,0.000869782926245234,0.000973491279743016,0.00397274022105736,0.00372400458616007,0.002808358666447,0.00268096473040455,0.00131413644143308,0.00277225544746862,0.00114960275281416,0.00272900124719317,0.00116609486476099,0.00123388589737034,0.00225538097059327,0.00273901602936398,0.000949321119830922,0.00101545438927319,0.00081307043468202,0.00251949888122204,0.000932755003763652,0.000791901792315174,0.00254580118406142,0.00541565133757365,0.0010207838300413,0.000893291216359783,0.00127554747341794,0.00122556130433975,0.00240977999630207,0.0010933696737578,0.000906902423132794,0.00247923716010003,0.000815844134827223,0.00105727034403946,0.00125025315009164,0.00254596966421161,0.00247778121081901,0.00248269215987782,0.00275294078387377,0.00108884954373636,0.00241145487264589,0.0023713362133125,0.00379953673268467,0.00108555247315367,0.00108559207206563,0.00225297132461853,0.0010059382078953,0.0035179065892958,0.00100897337516524,0.00269521676734163,0.00245996111632367,0.00102546479776425,0.00609142212785552,0.00104923748969795,0.000944944002804615,0.000917688044556091,0.5,0.00236181657014681,0.00103418711294773,0.00357982963048119,0.000997978378196666,0.00108194474472731,0.000921462601611099,0.00100826546964605,0.00375940933786209,0.00226887728010696,0.000746368973485856,0.00109888894301741,0.00615011256315864,0.00350883150656318,0.00348137652822179,0.00350882099794212,0.00358159244096302,0.00356493475727559,0.00348948336021029,0.00357977164726011,0.00116367771926458,0.00368535338942324,0.00356487840299805,0.000974740098378188,0.00101161074576587,0.0040264496276806,0.00102280761246009,0.00354049441167666,0.0012640284144501,0.00341940221546293,0.00101906395525395,0.00377468259128865,0.000910750716553578,0.00487179036189304,0.00477145850309197,0.000953380703362466,0.00107324163150179,0.000940030571182661,0.00351965076933015,0.000905402832629863,0.00329711782649248,0.00497451460170674,0.00339440949108092,0.000913540575026169,0.00359289781102733,0.000878380871383494,0.000926821232606105,0.00372046394547487,0.00350495332203752,0.00181646310915813,0.000929474776040804,0.00599525596435471,0.000916000762281529,0.000928744379990595,0.00641466846533024,0.00105654120923036,0.00373141642269421,0.00126462440259912,0.00111808995023647,0.0011172099587555,0.00103555589141335,0.000989576821608932,0.00380214992106713,0.00107106941543262,0.00391440166710854,0.00345206566742478,0.00640391871975704,0.00357279334536685,0.00678560534844726,0.000877538136815989,0.00327202500343034,0.00120413815382854,0.00357342093990373,0.00124374205236346,0.00366168396879331,0.00115131165247188,0.00099300597811977,0.0036465338218536,0.000964011936735179,0.000900226945603503,0.00107789817128197,0.00216193609968943,0.00623311233373591,0.00120041356660247,0.000938795539742962,0.00098782745111696,0.000998264515042068,0.000830223392365261,0.0034199279479753,0.0010092527619554,0.00360616295295751,0.00118008900980961,0.00215511376970279,0.00224779035151713,0.000971515495731099,0.000991212339601275,0.00122636726594969,0.00393247930358346,0.00109848356515082,0.00622869461362304,0.001099405571977,0.000946375226720704,0.00116282505659964,0.00621898923483423,0.00106826168985559,0.0010464470343663,0.0036286881324695,0.000949048213372028,0.00362149091264387,0.000989982521185931,0.00115547141244074,0.00213045950374414,0.00349610802799134,0.001008687175545,0.00105187865556047,0.00666952793213423
"DU0065",0.00242248848932921,0.00471522181341587,0.000907380330903809,0.0022745864026424,0.000632570012355529,0.0021773559691495,0.000866017040210569,0.000967674188830335,0.000939497633356005,0.00536620393035348,0.000878389233011825,0.00531868675778889,0.00522435503529674,0.0025180942892943,0.00505440232257225,0.00372146411020189,0.00526373654253852,0.000790420083211954,0.000876089138596533,0.00105713248237894,0.00241293547237657,0.00109515149073749,0.00344794799450566,0.000670382563508377,0.000894813244261229,0.00326541607663541,0.000786711208824417,0.000844504985711917,0.000811089938500734,0.00242021333882478,0.00531472520147274,0.00336339037798731,0.00251599412725299,0.00261590434000169,0.00514787194511905,0.00272256916532694,0.00108065049219705,0.000858620705523817,0.000851954674192853,0.00102532627338159,0.00077976125918348,0.00232073380676658,0.000913889210069917,0.00116384046852276,0.00220836786245949,0.00231599799361342,0.00093234818592144,0.00080059926242845,0.000985595023614992,0.00250288610426259,0.000722572588713486,0.00222385029334561,0.00374728675158014,0.00100237452028137,0.00233145346212683,0.00100605256548829,0.0023823768614045,0.00105402290854599,0.00105218061331448,0.00448204487263268,0.00230278375867307,0.000605346011264487,0.00068349302454363,0.00160586744748119,0.00531271800195488,0.000812185396926777,0.00180686179540164,0.00212225334499206,0.00228967767089684,0.000608467053705029,0.000722054487522385,0.00073259452460986,0.000719711533949353,0.00212127342063223,0.00345136232208555,0.00340773282305322,0.00535768915529075,0.00216624175261562,0.00126154173696177,0.00369161655868388,0.00516024418012175,0.00530687940740733,0.00536821306804278,0.00253493813842827,0.000773435045305044,0.00239844879570431,0.0022786157211363,0.00108423200720541,0.000890687996227123,0.000900315504993663,0.000888749191660504,0.000915760220572598,0.000813733368756351,0.00438735049003699,0.00265020517454253,0.00371825777525121,0.000603006258348145,0.00231978132837829,0.000703322894304948,0.000592750194006138,0.000678559100430234,0.00236181657014681,0.5,0.000613305922756318,0.00698655045704026,0.000607791746647099,0.000792254935469041,0.000674658245339396,0.00062076705674683,0.000998187629638658,0.000902832261069317,0.00100372933863271,0.000795156993547641,0.0043636859427307,0.00436438485973363,0.00687147905687125,0.00559947613071974,0.00688934835892716,0.00697552856561,0.00551244379701646,0.00443457453233644,0.0012320809446553,0.00443091122743057,0.00451375083292218,0.00333251958691042,0.000675326818986911,0.000993488722864633,0.000831454225856216,0.0042679929176483,0.000883251349514525,0.00213960755613776,0.00071815186905123,0.0045705139512672,0.000707673763498627,0.00441013366306696,0.00452176588839541,0.00211572126627491,0.000851543153617229,0.00323169382808443,0.0010053692447579,0.0034387425915915,0.00407486469335028,0.00457032702418264,0.00539426573612515,0.0031501789746216,0.00679409331279439,0.000745786480538392,0.000681828356382194,0.0044334783619983,0.00422396662150824,0.00101400867061104,0.000760994998465921,0.00443862805749844,0.00209001626042189,0.000716088993700537,0.00439483363641515,0.000674705786897824,0.000938138896566057,0.00372029045955414,0.00109116991795955,0.00373079590023913,0.000817889110785354,0.00065934510540228,0.000897178261630478,0.00127714568701062,0.00111072705373949,0.00699166707162449,0.00443192950414425,0.000729688266030929,0.00450000945737541,0.00190448177913992,0.000615999669379605,0.000665771741445819,0.0043297244215624,0.00398681303519405,0.00449427132377471,0.00107296984434826,0.000659704281048073,0.00440874895890882,0.000901640268060862,0.00332765025265225,0.00119571012812797,0.000945094231276715,0.00441258906417458,0.0010238036939176,0.00216846734537489,0.000637154745960856,0.000841643502780638,0.000738262946406829,0.00418650724445922,0.000800906387905546,0.00418614558950558,0.000858815788490386,0.00110109529953512,0.000783853587819182,0.000854896830587946,0.00198070505443594,0.000874796155798914,0.000823283408904474,0.000652284872923919,0.00447028509078148,0.00070597793463069,0.000808236403244361,0.00197529319307515,0.00447339210050236,0.00108592733253212,0.00319178020709624,0.00438688352515542,0.00329358074005212,0.00435771368309564,0.00221097528463453,0.00102187661611458,0.000961153013120233,0.000829861250036794,0.000587331613593529,0.000627820458709597,0.00458934596696507
"CH0033",0.000835869694354107,0.000858680186546216,0.00388362514303294,0.00370759124536683,0.00183259605098453,0.00378720048480442,0.00126541963452761,0.00119964495687851,0.00115519263900591,0.000659556543010867,0.00130527383790129,0.000673065205171899,0.000671496035775395,0.000732954858348297,0.000687629392262526,0.000460234320678014,0.000714388738303275,0.00328056971745222,0.00240672761410126,0.00292598553538999,0.00103246493955988,0.00123971635089385,0.000869128613974472,0.00412145909859127,0.0013269247138048,0.000859015873239823,0.00152341259893689,0.0032814206801083,0.00120581461173137,0.000914695906573002,0.000647801275660306,0.000860113557862497,0.000795302433145137,0.000711353640539558,0.000661950631964985,0.000672977277278032,0.00295813839952031,0.00124317831150687,0.00134485277649109,0.00108095283980775,0.00216345600396548,0.00112137252020824,0.00123666164134995,0.00102326600487677,0.00223580945105781,0.00124631236299926,0.00123178990311798,0.00492339421320676,0.00787766000312745,0.00121620603005788,0.00770059296297035,0.00213496779343214,0.00100401574996518,0.00193621088822989,0.00348810437695467,0.000953199376454953,0.000834527425349319,0.000870303504071353,0.000852983168337169,0.000833578693545272,0.000842688530788068,0.00943259612939183,0.00861438564006414,0.00556782035950574,0.000655172005959882,0.00142579140500509,0.00473295476090959,0.00377050151972773,0.00106472551405056,0.0100921202081571,0.00166688118444015,0.00251643264579137,0.00864174649667662,0.00132162739206569,0.000788542097281053,0.0009599205549226,0.000657933646226303,0.000906520422679551,0.000829683953057888,0.00077639075972946,0.00066323626011096,0.000708872462694071,0.000659336881651554,0.00100370293089506,0.001116966205862,0.00105491553628732,0.00101850347747518,0.000898975309177726,0.00253913334519557,0.00122996224555082,0.00241856882654968,0.00116677045568291,0.00331581697261017,0.000453339981716414,0.000779909733521022,0.000917889778628057,0.010726076463645,0.00102446802300907,0.0065476305203272,0.0106083672707954,0.00407935671696167,0.00103418711294773,0.000613305922756318,0.5,0.000606465385647937,0.00907581561575889,0.0016354073133528,0.0046169835202219,0.0112729622217533,0.000868083604337268,0.00132027566134147,0.00172013160612305,0.0024549486757393,0.000911603648395403,0.000927103749856225,0.00056335373705802,0.000578784197053869,0.00056703854915958,0.000573379201006359,0.000782352282161677,0.00095593651397442,0.000914722061861737,0.00215509072975653,0.000635503207172354,0.000768316822537365,0.00473033982500226,0.00232560011768035,0.0013451840367593,0.00333418061583761,0.00116286562278024,0.00393150821744717,0.00261459133751986,0.000971632848289079,0.00445675226177457,0.000877578049108626,0.00107620830642964,0.000875983447622212,0.00405397618943992,0.000891635866404866,0.00097284883603782,0.000854242059986038,0.00115070319811832,0.000974472038369778,0.000753616204098648,0.000860794253545175,0.000581697931861698,0.00242120507589449,0.00786377648048588,0.00282637374892404,0.00341085840091749,0.0012074103903412,0.00172047827678715,0.0017556822038361,0.00204180059088812,0.00276334712470716,0.000934059775411084,0.00137389543738106,0.00306450260248369,0.000711158304012958,0.000801241197319603,0.000723155416663727,0.00375631510415535,0.00698548399365672,0.00212790039141732,0.000792348955011662,0.000886438243268054,0.000560769774126128,0.000928534729171016,0.00888744571917304,0.000823300831891144,0.00549605002577022,0.00804839283595205,0.00904356321182844,0.00129225128639581,0.000759202015578142,0.000694253725450699,0.000875776694748224,0.0101049807860173,0.000954320173744375,0.00130879237502055,0.000895623212988914,0.00080002368741491,0.000983942865663463,0.00073265661091593,0.000883869973911663,0.000845757468036863,0.0106626457851168,0.0013468090520002,0.00446471848407837,0.00115122338557179,0.00253898947417172,0.00203078234159514,0.00111445857484144,0.00218954242119957,0.00592834525060567,0.00128276517715119,0.000948590835691745,0.0025129690647108,0.00143411688408141,0.00195729274073999,0.000936080640297377,0.00404437737529159,0.00381024506911161,0.000982463583460455,0.00202417281863461,0.00256275609331252,0.000868222672996239,0.00193266102695153,0.000877987608479597,0.00195249700433587,0.000940729399371637,0.00215469800803292,0.00114317724640057,0.00357282896562008,0.0106866377126028,0.0110855486258312,0.00083460061599746
"DU0067",0.0037698889413659,0.00355416053615925,0.000759792422198787,0.00354819705934766,0.000617214835063132,0.00336814313145413,0.000699240165435254,0.000885700105454944,0.000779470500561769,0.00640609155594164,0.000750061824711571,0.00691658601710451,0.00678417475217104,0.00594864326499829,0.00634131316010986,0.00499079723456431,0.00641169792659465,0.000789135207861963,0.000843439012514565,0.000958539595237293,0.00366025672588872,0.000986586333278841,0.00342133708596373,0.000665734013041649,0.00100597634618212,0.000950288322770751,0.000653635599577805,0.000713595025975014,0.000880275186064155,0.00439537262730959,0.00655932984797311,0.00107064319310068,0.00489361990752791,0.0060585161444722,0.00644310090474118,0.00643525380960638,0.000923360807478507,0.000723692573680303,0.000730254182744427,0.000887672578411361,0.000792667901024823,0.00354708677021969,0.000786843734234362,0.00108001166799553,0.00338381509054237,0.00352361115699208,0.000818221330035742,0.000699383642586187,0.00268174662930616,0.00389528464480448,0.000731810589542062,0.00339590942543956,0.00387589113352302,0.000845542403692741,0.00358662486745269,0.00101287409388453,0.00372576731532551,0.00098758815233018,0.00105728786191971,0.00339935766347622,0.00361935733065306,0.000592137685737614,0.00068955283561686,0.000573651338519179,0.00651194763626119,0.000703509751713372,0.000738489358001441,0.0033076737657116,0.00348536445620836,0.000588194866665009,0.00062693147583279,0.000719067903833202,0.000711846655744778,0.00327053432408246,0.00342113195268984,0.000889228389791243,0.00639353161185347,0.00090642557596767,0.00320096892987671,0.00347967265237449,0.0064568231818229,0.00647835520764869,0.00640258519956986,0.00386518881519108,0.000650710233914229,0.00348815692796861,0.00216610644341957,0.000974494797127809,0.00100308899957208,0.000746213882583798,0.000731940549756817,0.000678142176711141,0.000718768141749034,0.00512734065882886,0.00517395675712056,0.00363570073591216,0.00060472507755845,0.00351951742348585,0.00067751009489087,0.000574919806587325,0.000640777509945838,0.00357982963048119,0.00698655045704026,0.000606465385647937,0.5,0.000579111704583337,0.000698052113162049,0.0006371717032133,0.000605374263617426,0.000925247256465405,0.000792145618465976,0.000768973792670112,0.000677553276426367,0.00399663113228723,0.00401707363937447,0.00658514115645536,0.00631470324713445,0.00683020308107647,0.0069248922511405,0.00405932689604761,0.00406280449360989,0.00326484401535657,0.00403597072934235,0.00515066933918618,0.00315765103198995,0.000647607700040811,0.0008552949690362,0.000710195388825896,0.00388968770907798,0.000713333775108436,0.00209175307134067,0.000650313702583621,0.00418367782831438,0.000662879213029944,0.0040453554355494,0.00413586395832293,0.000897085226208504,0.000709663558069725,0.000984829085886096,0.00101639651137708,0.00195031680499329,0.00371304918888649,0.00416958793521782,0.0040090046675278,0.000958411375403331,0.00664172685274643,0.000676378979782719,0.000653880433269944,0.00406105563339349,0.00386290969528048,0.000946321078087356,0.000680568674680612,0.00407161774279486,0.000916429872334105,0.000685925912300416,0.00402486328851996,0.000646956907011643,0.000826472450194749,0.00403185505053896,0.00102550199228084,0.00368643462033305,0.000691625229841534,0.000625313745034945,0.000773616368841907,0.00333534092785273,0.000989901589302427,0.00650789920946213,0.00405396401229264,0.000725992881809424,0.00412414088845768,0.000779026038923587,0.000637892611065288,0.000664937864758061,0.00394709852978946,0.00350432279246002,0.00422852483266969,0.00102076970041163,0.000639928299389665,0.00402486810638307,0.000729458927614219,0.000922185225270418,0.00115560070468804,0.000758029536498896,0.00406562061312005,0.000920001144399434,0.000896988154679238,0.000615366233397267,0.000700613580889849,0.00065798957541947,0.00380728336330546,0.00067155099264711,0.00383182868392926,0.000810605973419418,0.00098312253619231,0.000851215549383766,0.00067538767648993,0.00081573246299736,0.000921770875318706,0.000788783750177167,0.00061547071518483,0.00408410222585927,0.00068899160061073,0.000665779376023759,0.00089695253150018,0.00407919347680298,0.00310947576076926,0.00101889379947431,0.00401718839883512,0.000992338034501007,0.00398663615568973,0.00111261365224473,0.000864373279255434,0.000820305316561379,0.000701935151387942,0.000583340510001962,0.000608242563514123,0.00421355078649637
"CH0031",0.000840753813274192,0.000886028146415481,0.0012323017088793,0.0013779384458245,0.00176955394653036,0.0012485597781014,0.00239557358848361,0.00133810236005812,0.00356302763602216,0.000649553799779901,0.0012731487669663,0.000658045700959076,0.000655253705798296,0.00072373888541649,0.000675663999495662,0.000457966502769311,0.000701443433673359,0.00162080799015831,0.00125329567817381,0.000946508864724638,0.000995548781354137,0.000930422894966342,0.000901493868287032,0.00517478738044234,0.00136474275476215,0.00101848849112038,0.00597021020002562,0.00134122596058954,0.00154002667338909,0.000911511839215835,0.000639348805909336,0.00104635299612693,0.000742877956586895,0.00069876651180106,0.000648570559714587,0.000657626836908425,0.0012390967373857,0.00225282331451993,0.00309286772671182,0.00111292635862923,0.00212526571357039,0.00101147710958898,0.0011457288181419,0.000778920667369484,0.0010541657697925,0.00104247864459789,0.00104737384061812,0.00509389551934693,0.00762591353863393,0.00217140492862383,0.0088727912297488,0.00104315524259799,0.000992183969111474,0.000972895307274247,0.000977973795222835,0.000909428863508749,0.000831432703649829,0.000905179215895778,0.000996566058842095,0.000856583929048382,0.000821964681310703,0.0116590799942639,0.0104226745321669,0.00554846043723518,0.000641913236503443,0.00236343539479116,0.00494112267686998,0.00129890945090759,0.000961643234624851,0.0122554405061132,0.00391062087955104,0.0025525691688701,0.00823573761332518,0.00335607595217676,0.000609640731037669,0.000956821738056635,0.000647947948484206,0.00136883297073291,0.000794253151517981,0.000986908107493422,0.000649812339913741,0.00069934191886854,0.000649372852181771,0.000841277503923055,0.00367305891769075,0.00108996519299952,0.000970867346472526,0.000901410083398084,0.00265117074778881,0.0041833822062879,0.00372730527285655,0.00383159788599844,0.00132822347213563,0.000450247274564501,0.000772000292595719,0.000913738844524081,0.00820137873608689,0.00097207308464469,0.00572522618740946,0.00859313419413802,0.0052960177672226,0.000997978378196666,0.000607791746647099,0.00907581561575889,0.000579111704583337,0.5,0.00138625697976131,0.00574420623335324,0.00875148425117688,0.000925147621838034,0.00131593744541274,0.00187614461450918,0.00120730565608886,0.000788176419403644,0.00110485381249139,0.000539322914417919,0.000554213596004095,0.000540953775048814,0.000547463338452295,0.00169594480655219,0.0010448802955941,0.00114625998945919,0.000999358512610367,0.000614344647944745,0.000811216015027622,0.00240889717498502,0.00123536920801058,0.00242399859085676,0.00108351281260439,0.00445833442487758,0.00405091011765227,0.0052835783291638,0.00300833236410468,0.00625651339056253,0.000762521846880601,0.000984485140460824,0.00105294056937347,0.00130171299310082,0.000866917560917867,0.000926659523629206,0.000846376326578376,0.00291564474950189,0.00386806889334557,0.000763876417986147,0.000861361402175263,0.00055552252937017,0.00195483378045444,0.00950644034308913,0.000828596280048141,0.000999386566290213,0.0019855076428199,0.00151258330258953,0.000734928729783782,0.00214288174371641,0.00457451292207607,0.000890825394204163,0.00393276994098091,0.0020612249365244,0.000882389323567564,0.000825458533322794,0.000710141132684137,0.0013900184760691,0.00490843254022254,0.00111670134126929,0.000738835400785004,0.00107270040909509,0.000537302919689939,0.000861911523899127,0.00856711360196115,0.000800054169942295,0.00570598785739076,0.0104950363042006,0.00863925223986652,0.00102551226830324,0.000960044323217516,0.000683534309221506,0.000876415901216974,0.00789106190488635,0.002802687330103,0.00325066698828926,0.000916631671452246,0.000804683880470276,0.00406713343628457,0.000703498001761677,0.000880875123236751,0.000962623685782575,0.0102053019952811,0.0025028550536591,0.00180217964279719,0.00309562859246649,0.00129660762180898,0.00100166418224581,0.00141042254714698,0.000952819706941835,0.00612750651304592,0.00229893332105153,0.00112219404261571,0.00141519420678046,0.00134069667259618,0.00520543415715329,0.00282316709039452,0.00166621541147291,0.00236104596395511,0.00111058102295661,0.000878136708419712,0.00346716399494163,0.00105649153341342,0.000882118527241505,0.000868995598471538,0.000904135733924677,0.000771100698720484,0.00100565580247526,0.00126398807016669,0.001246656829578,0.00933572336585367,0.00922164161781565,0.000784280962096254
"TT0034",0.00104213417477657,0.000974311546795812,0.00543550024893497,0.00250342784948742,0.00867542443049689,0.00454855397790416,0.00364734406380832,0.0035569670091124,0.00288431752694634,0.000855142540348541,0.00397050741269397,0.000830800684542649,0.000813433545042223,0.000982012384440373,0.000848963522003764,0.000579007579198213,0.000846689054239346,0.00102298495730961,0.00617466961817517,0.00115070011097817,0.00104995534232658,0.00116323233477867,0.000976176419769785,0.00500976247578847,0.00576872205223762,0.0009935966555408,0.00107789170100307,0.00443263939611656,0.000986868373940635,0.000964007589199315,0.000828052155590195,0.00101191722949489,0.00100054798612321,0.000921863946853241,0.000828411649136797,0.000893871914222209,0.00110642908854833,0.00368398656087359,0.00513390119942902,0.00104604728420564,0.00528389102775749,0.00122477613381493,0.00634326899929184,0.00108297716445883,0.00112268901039602,0.001096875724969,0.00565969211295622,0.00172761863876915,0.00129456154016275,0.00126087677002118,0.00129177430238905,0.00110436206860229,0.000962309276185999,0.00116710524659079,0.00118590906071551,0.00594436348493152,0.00105383715560411,0.00134489736528304,0.00103519161242234,0.000961928114016542,0.00106522295598985,0.00146110227713585,0.00139978354855279,0.00135245887658794,0.000854367823625568,0.00588053597073987,0.00117487262107161,0.00428014398387771,0.00105310253657449,0.00239509491504912,0.00514582587897838,0.00507855932244284,0.00138988277021448,0.00116924508475919,0.000980563245441115,0.00306322550547734,0.000857399532495826,0.00114645244133926,0.00553152321494249,0.000901448362540321,0.000830019578780113,0.000840764488977191,0.000859649408889959,0.000995348597649318,0.0012023735669998,0.00107878945231058,0.00641522394872631,0.00144250150143056,0.00417983049534375,0.0011529090155238,0.00141666552034395,0.0010938682826331,0.00225897564263382,0.000578648980553676,0.00107179421173592,0.00102590423243917,0.0036448660650482,0.00102900455051971,0.00147889063318489,0.00279462276386992,0.00286719897435584,0.00108194474472731,0.000792254935469041,0.0016354073133528,0.000698052113162049,0.00138625697976131,0.5,0.00175220590238144,0.00398900908263259,0.00127747293040877,0.00142010857966135,0.00118472829019442,0.00862383105430555,0.000890616173955182,0.000912507270091342,0.000727285154849177,0.000757653883305818,0.000692564472272583,0.000700263712255888,0.000810604371858962,0.000946999711839097,0.000931680979022164,0.00396452497904888,0.000823939658088193,0.00119011115358362,0.0069197664177117,0.00359263974589119,0.00117738692926766,0.00413289342446481,0.0011597649586335,0.0029474916119745,0.00744253482053826,0.00109054370416957,0.00161832362868558,0.0007919559545005,0.00210399023713294,0.000990150372368624,0.00799445317968973,0.0050174210579148,0.00605660472005795,0.00470149114914171,0.000963881010384357,0.000860632065757669,0.000826022787770534,0.00297183522384613,0.000693602641678782,0.0011757316057468,0.0013834797453382,0.000919169945308274,0.00200519887058407,0.00235166708873789,0.00891624146793611,0.00084181791205811,0.004839484256115,0.00390424808349049,0.000969317128540361,0.00182973176504581,0.00104351674033328,0.000885902689762349,0.00127339877130344,0.00125529807069624,0.00373550187925981,0.00526268764381911,0.00766531299312231,0.00512591281866904,0.00103669774981865,0.000720010291231653,0.00090536869414596,0.00144783216514165,0.000871355158563355,0.00139688408673937,0.0035907949259876,0.00144407661488686,0.00435056479421125,0.000871534878376729,0.000848067207258719,0.00171387255262271,0.00254795077587079,0.000844708334372783,0.00160619823112337,0.00142920461688168,0.00147321665108954,0.001048850642172,0.000834246733818037,0.00489621613781716,0.00106841192089801,0.00433116166057214,0.00115828925394741,0.00134953464187325,0.00276347935696478,0.00639808501924405,0.00349481334974452,0.00321634408634014,0.00359405410529824,0.00139126186723239,0.00408803771461751,0.00105263858955331,0.0055427117927218,0.00799989988607214,0.00175390759087334,0.000945281078998228,0.0086773417960668,0.00537808573877699,0.00126107796324076,0.00326139859785838,0.002873833157384,0.00100983287968369,0.000905078094668344,0.00490715125781522,0.00091084863637742,0.00107108079073302,0.00315686671175233,0.00141023189576168,0.00141385528044998,0.00159572175507732,0.00416739299413009,0.000847814254639491
"CH0024",0.000935225468234187,0.000913517393788254,0.00125756670838763,0.00119350881825987,0.00591519757113326,0.00123049354197595,0.0020351956180692,0.00380747167452223,0.00118155838402115,0.000727896558823644,0.00114090852115176,0.00075577485476971,0.000758107921341742,0.000855700400917396,0.000802757853408294,0.000547161559970159,0.000759661731654309,0.000843095308161557,0.00274841123814524,0.000947763258216304,0.000950605379969055,0.00146763260016485,0.000936220130714861,0.00673439841219625,0.0045914054739004,0.00101423383103035,0.00213456764322834,0.0012135276313167,0.000795129751755125,0.000953514132503477,0.000703855857329399,0.000960032398983924,0.000909240330101633,0.000847954444634757,0.000756762383576528,0.000790056811140714,0.00107790606401932,0.00182559438169599,0.00668486824437635,0.00103042942880638,0.00498885596983835,0.000940897701365218,0.00145928226183227,0.000859486170953386,0.000956278660485708,0.000984482702263382,0.00124471902003593,0.0076346001227621,0.00282397569176468,0.00128734775180226,0.00516845187098985,0.000941514269215244,0.00106934802565056,0.00105051455467131,0.00101550539414365,0.00129805963029648,0.000928724827839919,0.000990590149266309,0.00101510240496632,0.000881975737749405,0.000938777793858472,0.00699430026487392,0.00592032077028449,0.00546262964760739,0.000745239197416237,0.00486557152665175,0.0049975899453637,0.00117949347084384,0.000928507097441371,0.0035133065563162,0.00603467344041189,0.00569683659059953,0.00321256486280151,0.00613418809766533,0.000742567559314221,0.00105694284376191,0.000726040690784257,0.00152276121005213,0.00118788493641442,0.000987414928134776,0.000758212469548982,0.000733542691415178,0.000727428251012627,0.0009641710922079,0.00352879921840899,0.00114685902909264,0.00142709051438615,0.000993591304023459,0.00617747599644837,0.00401155003449611,0.00134882546325497,0.00114716399611368,0.00110408460029677,0.000533269039643531,0.000940227051235313,0.000977807391883246,0.00310499504325245,0.00091167506579938,0.00684329257530128,0.00551358750253156,0.0116347645321218,0.000921462601611099,0.000674658245339396,0.0046169835202219,0.0006371717032133,0.00574420623335324,0.00175220590238144,0.5,0.00449553754388947,0.00101849604902894,0.001917352394544,0.00202694490804909,0.00142662689585607,0.000734088838452278,0.00413623290190813,0.000631965885941925,0.000669826422560429,0.000631679929977501,0.000630083485067977,0.00184206738874746,0.00338198916029687,0.00217739389818647,0.000984043370513757,0.000724937628656307,0.000960419643064993,0.00525075275557599,0.00117152016021052,0.00695156013686239,0.00100764434788901,0.00108765074880737,0.00689506349478733,0.00188317927374812,0.00111084420015875,0.013177451398098,0.000775107628991571,0.000933687572941278,0.000998178338482203,0.00131757758897449,0.0010533451599104,0.00132598420671693,0.00100759105933024,0.00611178695724807,0.000820609170910078,0.000804509037806666,0.000949092038410281,0.00066132309920795,0.00468354614872902,0.0108761898311162,0.000823329730888093,0.000903103294947942,0.00127556058056788,0.00254134724664291,0.000754207225167045,0.00518567587968416,0.0122391571584806,0.000781280587946445,0.00102029007107328,0.000995699030273657,0.000834252984133403,0.000964334260794261,0.000823090421282522,0.00125759278941538,0.00745831461831567,0.00115165663214609,0.00102639964292658,0.000998067325936828,0.000594428912932135,0.000784927882365319,0.00326287677717781,0.000759919687056644,0.00645272911326107,0.00295024222773968,0.0042548424140947,0.00102992562988152,0.000945269028805474,0.000773688126497772,0.000998840866150495,0.005314360003379,0.00396050024126146,0.00615336015740003,0.00101602918467902,0.000971845970404291,0.001089360641893,0.000761210101847944,0.000996613933120129,0.000981991783061086,0.00508198220184148,0.00716974007296158,0.00252756174219853,0.0043410619007981,0.00158949217561743,0.000891742885247981,0.00177008019520287,0.00102759267445433,0.00621529523032906,0.00430072516334917,0.00108511425754935,0.00499147563444916,0.00284586782711905,0.000943383148129449,0.00142029875403726,0.00456779477311775,0.00383058654084137,0.00114090703236583,0.000899669122083801,0.00616343767217878,0.000969351166790387,0.000843050352370524,0.0010339999287239,0.000852901631947784,0.000879405894742023,0.0010596166082548,0.0012771044524067,0.0011870657890479,0.00454576382410068,0.00487530914483542,0.000772468602523793
"CH0027",0.000827838872843226,0.000859109817872892,0.00381772501344642,0.00371220479674985,0.00400528765158984,0.0044083092409546,0.00328446605294376,0.00311390354279873,0.00125510755557916,0.000664318033540472,0.00329583268020322,0.000676047100642813,0.000672886338806096,0.000729662887717196,0.000687967531561782,0.000427447980730543,0.000717953115819352,0.00108789155791482,0.00140620102640547,0.00123484525580499,0.000982187577524874,0.00119606486275547,0.000868785331282234,0.00406650560837846,0.00136795338027134,0.000906808120869884,0.00154790921647819,0.0039245790857574,0.000849258134039616,0.000888940864370564,0.000653323131419408,0.00089060034594621,0.000771416401716928,0.000710206408654641,0.000664387975741279,0.000675106261759722,0.00115881541160466,0.00132632914638233,0.00138914728424281,0.00101961708708388,0.00214677313055031,0.00107772881816545,0.001268925481863,0.000999473174392053,0.00109379234121915,0.00110172383833749,0.00116416530655449,0.00475728896381429,0.00776552331319573,0.00213474975061753,0.00740006129856292,0.00107853798105078,0.000992434468002558,0.000958287875823295,0.00324826770749308,0.000989130046770673,0.000817643964768343,0.000849728093443524,0.000887188873683054,0.00083507316630552,0.000811440846729121,0.00913275935826541,0.00849259215073476,0.0051927672820042,0.000658890760429961,0.00148699617640496,0.00454590409623928,0.00431509149829384,0.000993100957429059,0.00993120148011471,0.00175077898939107,0.00245355619577127,0.00841658238641426,0.00133043053588749,0.000828256404268838,0.000960522560220171,0.000662688991025521,0.000906330429073891,0.000878227735561948,0.000839284119700815,0.000665683557226167,0.000712416961242643,0.000664124484891521,0.000890197995263861,0.00200098381468637,0.00104452977388038,0.00108192639823078,0.000865856086729021,0.00248606887319536,0.00131049266399394,0.00219833628977179,0.00119804268553134,0.00317475853746263,0.000414717742266822,0.000779491914538968,0.000915764312370928,0.00844651690880002,0.000972380039376113,0.00537705527295071,0.0103363836065336,0.00398889779256007,0.00100826546964605,0.00062076705674683,0.0112729622217533,0.000605374263617426,0.00875148425117688,0.00398900908263259,0.00449553754388947,0.5,0.000849845474014622,0.0035930357264374,0.00160007440618215,0.00377979297730749,0.00083971353522896,0.000930880394605313,0.000563220484217056,0.000576738155464851,0.00056682791278178,0.000573474407754685,0.000786634835403117,0.000956432025038906,0.000975380890805408,0.00368775109184859,0.000629096806059608,0.000948043851544894,0.00527781756236069,0.00359335236024009,0.00139712721016759,0.00381075046298962,0.00116448439940218,0.00381191779533136,0.00270643765593679,0.0010067157971902,0.00433741965858918,0.00079019365897375,0.00190231822715074,0.00091294533499578,0.00378502873966574,0.000920553780399837,0.00101137668298012,0.000873226091231267,0.00115980218645182,0.000937568416498138,0.000749581171783334,0.000856526095642747,0.000578665552717102,0.00185272699947505,0.00762749899664876,0.000918304950861324,0.00325814178671743,0.00211317635999051,0.0037460556178924,0.000798742232831201,0.00203858950064932,0.0027290895765989,0.000893197997026581,0.00121632434680201,0.00111151167275706,0.000744280826768238,0.000781288548149448,0.00069907933351805,0.00381278576933025,0.00738603376080697,0.0012448058535588,0.000817964625531577,0.000888267866952264,0.000562439751162884,0.000886339239695218,0.0087243806183367,0.000776004089777946,0.00528571622214558,0.00790112120224541,0.00881332886353222,0.00363031410096581,0.000796215832833395,0.000684421396552727,0.000866482362104613,0.00954012495387371,0.000957730209571716,0.00131368069554404,0.00088089546174142,0.000789664645884211,0.000981786470969739,0.000705957110691481,0.000902711329429408,0.000863309976459751,0.0111834908473713,0.00139488733644119,0.00283883454964415,0.00187877036283464,0.00361778911495463,0.00287051519611139,0.00117207704424628,0.0035278097030762,0.00568446174500182,0.00131553595607912,0.000993907611264625,0.00150919372306087,0.00144426655139789,0.00170977176736266,0.000916851354938598,0.00459798872225061,0.00339117850513435,0.00102060143324431,0.00340112371737744,0.00250179767334529,0.000895121370730651,0.000966140723588079,0.000899583658228202,0.000975435060221824,0.000981991943542777,0.00106332699118955,0.00197421407180959,0.00358215238504499,0.0103991934269407,0.0112392420365758,0.000784568851087964
"SG0017",0.00464107438907605,0.00118684044950908,0.00453597868231772,0.00108604445607957,0.00106120191643199,0.000996928548369435,0.00277276578032056,0.000747925438888426,0.00265006473743403,0.00107711971667964,0.00297871582100021,0.00105412242089556,0.00105103107770176,0.00397280102549879,0.00117673209623004,0.000905417247930044,0.00104768888854021,0.0013683033285366,0.00118465492466548,0.000622892725482182,0.00376311280545482,0.000645483359656536,0.00120250500855448,0.00104545282949088,0.00408337997226037,0.00472888129421673,0.00275702479615252,0.00488699077258802,0.00395351466611141,0.00116693711422406,0.00103228128704652,0.00249505729502844,0.00134282852314118,0.00242180049737822,0.00224297614637058,0.00227338826318796,0.00244498739882532,0.00273631478811153,0.00285343995526094,0.0028021717791274,0.00105551900954966,0.00102720528568462,0.00168973502472508,0.000720481048445504,0.000945051477269424,0.000913174112084749,0.00154674136883596,0.00100390485141476,0.000915759614503443,0.001110450058955,0.00379801789821756,0.000936349264521624,0.00109982436206248,0.00582930574086087,0.00102292994555395,0.00472653099702703,0.00455077798493857,0.0090948723891201,0.00768660194521274,0.00118832084796715,0.00433199258172922,0.000893453676984894,0.00087223461040584,0.000940251037316463,0.00112853576468646,0.00153705760960567,0.00100825619712064,0.00100466799502188,0.00104252938901034,0.000930061387283304,0.00107574177485955,0.00101363882725861,0.000738837901272819,0.00108773286027275,0.000803460620641884,0.0053741996932573,0.00107852643943703,0.00168596853075013,0.00274285228952768,0.00296182739422664,0.00224462298958528,0.00105901871263819,0.00107939289590683,0.000994264741712548,0.00462839272903914,0.00118491642366194,0.00175551363560906,0.00910081382623299,0.00392483274813274,0.00287994529875606,0.00316288575355552,0.0044147156348569,0.0045183339966922,0.000863940031200337,0.00140177261220836,0.00114241682887758,0.000791686526730065,0.0037290090470456,0.000840436353544623,0.000848556118117236,0.00102094815011095,0.00375940933786209,0.000998187629638658,0.000868083604337268,0.000925247256465405,0.000925147621838034,0.00127747293040877,0.00101849604902894,0.000849845474014622,0.5,0.0029488348515182,0.00119171733339293,0.00155886773355368,0.0010063428259222,0.00102860228258563,0.00101184601339635,0.00202576773643073,0.000930074328470769,0.000923224098412349,0.000983705048463906,0.000968592538896683,0.00493925820568077,0.000914744855944876,0.00344415828973945,0.000743238535718868,0.000973227117382966,0.00419589776607156,0.00421849328203915,0.000889685933851895,0.0056693716202611,0.00105346670691304,0.00138043514779039,0.000947669364116174,0.00103298178660173,0.000976737922313286,0.000944959098321571,0.00293541932423129,0.00450469482579391,0.00310369613517562,0.00457975393886048,0.0017682002086896,0.00096132370600425,0.00194532488958334,0.00101947114854568,0.00489411612616431,0.000945929805328322,0.00101372629516523,0.000951451806730611,0.000902083527805686,0.000858430414534987,0.000722143195817574,0.00127036949930105,0.00193754192358426,0.00111904032947639,0.00108694462700119,0.00193874133672667,0.00113427726560335,0.00450791598452442,0.00243721682841138,0.00850827979784405,0.00655515290899936,0.00484469803990258,0.000943949338679821,0.00306673547207657,0.00423591149049694,0.00550594890107037,0.000930570502451331,0.00305357898098301,0.000899495332822834,0.00329538375813852,0.00103200926965636,0.000884249773050569,0.000780998323465953,0.000868471014021993,0.00165907103524027,0.00381515456562053,0.00867676145502466,0.00084132435865772,0.00101624811694441,0.00526600357329385,0.00559559510088303,0.00826369467886285,0.00526827273480166,0.00373502263779455,0.00643049397372138,0.00540087172444033,0.000832916909251622,0.00273374931062414,0.000916922273397205,0.000911254679908724,0.00167739166117211,0.000865277636027932,0.000845542539517293,0.000735530116462465,0.00408162702686119,0.0052745625898376,0.00462764031120996,0.00110572195292777,0.00324439226694669,0.00127376834127782,0.00106984143255888,0.00108880397736884,0.00434064124228725,0.00548195018660607,0.000998441711632452,0.00347408724581578,0.00252986573876075,0.000850598374545235,0.00449174279362861,0.000858041665785093,0.000773416571540284,0.00530338485188931,0.00445408317938913,0.00512630044293986,0.000903047506227725,0.000849160399926004,0.00334006984678254
"TT0043",0.000941075521086853,0.0011091263260663,0.00362261364818512,0.00129294360243884,0.00357142933956334,0.00362856152935522,0.00905210379095345,0.00201495099238564,0.00651389981656553,0.000918288963143674,0.00668547988268133,0.000960784648611989,0.00096531156520216,0.000862790712279341,0.000927224583407086,0.00325697145647946,0.000983331562595073,0.000927777751743944,0.00111553127504049,0.00103370673813776,0.00104363174467617,0.00105995690730611,0.0011550589323337,0.0012472365715607,0.0010216516575627,0.00535930895729649,0.00674120495941965,0.00779053064132008,0.000806077515528132,0.00113272701521059,0.00098656268131271,0.00603185979067191,0.00214925140837836,0.000923773814479914,0.000859587471285676,0.00082945293405989,0.00613952808424657,0.00678142612029632,0.00127848993185158,0.0068770354831681,0.00111417682361996,0.00105897496864478,0.00118270689525452,0.00102167139736115,0.00104129358565345,0.000971715474309555,0.00109842547307072,0.00110546728295223,0.00109815623474015,0.00120576356502468,0.0011187128157327,0.00099942814547909,0.00104445797667393,0.00498568204144268,0.00115591943974774,0.00103498859277932,0.000975547045676509,0.00182030382874548,0.00553332414388768,0.00113773405282196,0.00102821538444518,0.002335457595873,0.00123879587701151,0.0012419003031142,0.000868967510875588,0.00123411095115732,0.0010790643918678,0.00377369359835985,0.000991291711545046,0.00132300844292802,0.00126761277639709,0.00112755850572323,0.00106862531110443,0.00120629209920492,0.000950697938959724,0.00138988102306777,0.000916151229115369,0.00159140203150429,0.00200760276727812,0.00778641882455745,0.000861282011691607,0.000942194009029893,0.000918923707194462,0.00106920071179394,0.00758253893323699,0.00105687424013911,0.00237579498961181,0.00163857341916064,0.000974708850455747,0.00710914393981304,0.00741309498184008,0.00639399911933006,0.00579100789532405,0.00181834904137217,0.00205820629846196,0.00103484411667606,0.00110626257349686,0.00110081214080879,0.00109144624984569,0.00223672386261887,0.0012630054554331,0.00226887728010696,0.000902832261069317,0.00132027566134147,0.000792145618465976,0.00131593744541274,0.00142010857966135,0.001917352394544,0.0035930357264374,0.0029488348515182,0.5,0.00109356431426917,0.00348399879179657,0.000842075592176288,0.00308175818444075,0.000747599749409011,0.000771302561447971,0.000811738325798034,0.000796544328929788,0.00104217354222161,0.0020147361997945,0.00767357200455765,0.00335129649583798,0.000730472267564915,0.000999466399573427,0.00400941765295313,0.00888176885473019,0.00610821458723312,0.00307729781670196,0.00510732967170182,0.00353840367958228,0.00137077927657673,0.00104841520957986,0.00174318378712583,0.000850650583100755,0.00096491092648359,0.00552653959540507,0.00133107758688427,0.00112660806719269,0.00102886360196604,0.000998177457366315,0.00163169965405973,0.00104047915445761,0.000921497713956771,0.00136442896153551,0.000826130614350725,0.00331127442330326,0.00130403103393576,0.000914928608512007,0.00200346821639399,0.0011909291974952,0.00123957225361348,0.000920543699501319,0.00109729945946155,0.00130291218733005,0.000876121666979289,0.00102746683352285,0.00586233522192825,0.00603286285621412,0.00167771265224718,0.00154494466522176,0.00601136624353871,0.00342601062923368,0.00118438091574279,0.00095182290728368,0.00624268512152932,0.000809514079721307,0.000901705308381245,0.00110576500576536,0.000878306444270392,0.00113731772652162,0.00129783736948766,0.00100161401167217,0.00209146111182348,0.00633712348613015,0.000761730993207903,0.00145509156328286,0.00212593117316371,0.00196286715422919,0.00239616497879676,0.00167206750326987,0.00157629427248783,0.00424704610199681,0.000820554257814,0.0036212576308449,0.00452193747301034,0.00351268342899729,0.00618438332159765,0.00187406401566683,0.00099599345767482,0.00131571066493034,0.000984451274425501,0.000996315845952692,0.00360058948805216,0.00102949031924508,0.00164310268956745,0.00569954931322771,0.00226350939878506,0.00108435391647128,0.00100199116636767,0.00109156806011622,0.00368404851062636,0.00228097244287051,0.00557717595722102,0.00371411772064578,0.000931220218342354,0.00602577065050775,0.000854872893438422,0.00112174771103165,0.000857157868680433,0.0010910135214111,0.00141625525596221,0.00690535664584867,0.00774071066022449,0.00129736332369582,0.00348805996649,0.00088238287264187
"SG0012",0.000857008368600284,0.00324402679200616,0.00115264319217976,0.000843912672357504,0.00137704179883346,0.000984200547415763,0.00124476455352959,0.000953909414113102,0.00118307976469809,0.0010164725029036,0.00109114779083151,0.00209082306644631,0.00206394009921153,0.00079587421692416,0.00080290197696614,0.000721552933350428,0.00224909134332615,0.00299695439003047,0.002341748780006,0.00345160229688407,0.000776952657660135,0.00342671969657555,0.00223114366246805,0.00201593113464636,0.00118564581725924,0.00216189543135326,0.00120009780386917,0.00112364586745117,0.00109488923264746,0.00504676709278899,0.00111996848709618,0.00219168278515589,0.000834551062705621,0.000772013417637257,0.000812527421806022,0.000808271498537169,0.00342899194503388,0.0012715225377897,0.0012585512401604,0.00121219018329214,0.00125709339021709,0.000857228414390652,0.00116586068144157,0.00120037525643973,0.00354756446102163,0.00357152410872954,0.00372677844279082,0.00557104441167281,0.00467897451715055,0.00110557139349361,0.00181620610867606,0.00213006463061037,0.00508146582321854,0.00143748128243839,0.000877629708016813,0.0011040111955785,0.000845583512353389,0.00124120923608998,0.00116767745056326,0.00218360018255804,0.000810610192844022,0.00192389741801803,0.00162419368572846,0.00539540102638791,0.000875302937907358,0.00126835297281291,0.0398092463533191,0.000856671848235318,0.000876949575468657,0.00182391741061594,0.0242770861584842,0.00180684222607373,0.00401566656215827,0.00105687437673503,0.00119146924151104,0.00475818352253909,0.00101668409683491,0.0327270590107832,0.00103613482974541,0.00110651605383161,0.000814235873694313,0.00132767794216545,0.0010212169301045,0.00382491244974889,0.00143391091785681,0.00457726453192939,0.00115883883520826,0.00124023480521459,0.00181733555413813,0.00127533441853927,0.00118625330410228,0.00398367214041752,0.00113612809226366,0.000762257555824439,0.000841907841692202,0.00325164163448479,0.00379792992756516,0.000764986985940552,0.00460721333575202,0.00192308836288135,0.00200839813590568,0.000746368973485856,0.00100372933863271,0.00172013160612305,0.000768973792670112,0.00187614461450918,0.00118472829019442,0.00202694490804909,0.00160007440618215,0.00119171733339293,0.00109356431426917,0.5,0.00107243528019766,0.000714833879168026,0.000833571792509397,0.000760156380314804,0.000696292433629539,0.000692129638062137,0.00079795588514595,0.001266534429711,0.000762588792339513,0.00116180866005059,0.000756326295620076,0.0007119349626132,0.00129862678971036,0.00170886141419201,0.00105785581226566,0.00126651954913166,0.000726187761551304,0.00131568040094558,0.00195130628194564,0.0011842257500575,0.000929056183895216,0.00193535316552791,0.000795072502812607,0.00088155145032913,0.0063729242677342,0.00122050876454615,0.00224011371937833,0.0011105630643772,0.0123273073622243,0.000890821206911867,0.000790773741727808,0.00391503533403804,0.00234550198366043,0.000698618825310852,0.00215553992129018,0.00166795392385129,0.000905080087136485,0.000844028802487157,0.000989763511331936,0.00398851978876236,0.000800924758207863,0.00372991065222331,0.00183789474199441,0.000737481682000759,0.00102567125355649,0.00111921470660614,0.00106475271746192,0.00829599953954621,0.00177040476012426,0.0022447425992614,0.00193074744162379,0.00113610079342902,0.00110782965499069,0.0010987182564395,0.000925505437072375,0.000708767534268202,0.00164346673359559,0.000723535196588034,0.00413714101066128,0.00162039458459917,0.00397945496083689,0.00086962519223071,0.00189458379006299,0.000749694495945688,0.00126832457601034,0.00192899255714343,0.000802548138393984,0.00142263395282695,0.00468141492509002,0.00123904403192025,0.00820731884329337,0.000702165566287549,0.00120913633449858,0.00329590750566676,0.00169841373781287,0.00472305798143917,0.004523103484776,0.000917472762960149,0.00232220633547476,0.00079191674942098,0.0010175304180926,0.00122565072747883,0.00208499019304554,0.00141573179878331,0.00452260427834628,0.00133746403389711,0.00120447966089577,0.00103731991624074,0.000678158781430427,0.00112109671732651,0.001220378370564,0.00246813510198076,0.000695653349666881,0.00176722169424559,0.0022877031842143,0.0030841399642113,0.00226897737854789,0.00321054177029843,0.00200473880678954,0.00258812383418295,0.00124880443985443,0.00111559787594947,0.00280719079697832,0.00172278460228588,0.000721706563395741
"SG0010",0.00106941191804501,0.000976986373312379,0.00795704529670904,0.00246256205929994,0.00760372115699674,0.00411866754978744,0.00369473281124181,0.00113409279661127,0.00115674189012233,0.000845527664405216,0.00392760244259879,0.000808990112424623,0.000788436606557731,0.000988529673151438,0.000827425691422363,0.000596684299226112,0.000829661971392754,0.000888558205238435,0.00553424829440758,0.000987482411865698,0.00106513330678771,0.000993363464775297,0.000983854904353191,0.00210537832101881,0.00507825973332581,0.00115964957486423,0.00107414256204224,0.00399616962232725,0.000829498260323077,0.000963764907402727,0.000818970106526869,0.00105125752688593,0.000983808988179385,0.000917559780807958,0.000813910813235943,0.000872773966129819,0.00114363530625248,0.00359911096621218,0.00546673978363241,0.00112746194692244,0.00666616389995019,0.00223628886323717,0.00767760803733978,0.000877411817904493,0.00108106407277263,0.00104889068765003,0.00607454378726596,0.00145668359933294,0.00122341538287923,0.00215560881643227,0.00115839401022165,0.00209984890713419,0.000942660704385736,0.00143140452417171,0.00115714079719865,0.00611220149655127,0.00107996667903996,0.00164352218911372,0.00118421451716619,0.000970781868320999,0.00107614192239584,0.00129771328205927,0.0012517000643245,0.00122151035725648,0.00083344865706805,0.0059836873406623,0.00102980731685847,0.00431924327571305,0.0010316463052296,0.00144550225659237,0.00283689378518665,0.00530758454511928,0.00127538370808134,0.00106869155401845,0.000817591356691113,0.00485550993639007,0.000848340711879043,0.00102145707050672,0.00576846331761531,0.000947748013785281,0.000815509732543072,0.000842256336085245,0.000850716708151331,0.000976716793862682,0.00120125568987049,0.00103832764513081,0.00660866177357687,0.00295782576890641,0.00169637693760518,0.00112964770301772,0.00143366964909971,0.00113145669172676,0.00368432966138984,0.000587805221591761,0.00104413502093892,0.00101870994211263,0.00352900514263756,0.00101701723211503,0.00126523552207319,0.00263949411534491,0.00155184546500335,0.00109888894301741,0.000795156993547641,0.0024549486757393,0.000677553276426367,0.00120730565608886,0.00862383105430555,0.00142662689585607,0.00377979297730749,0.00155886773355368,0.00348399879179657,0.00107243528019766,0.5,0.000912444669412391,0.000866845418204102,0.000710856766949116,0.000755205743540093,0.000670597455131087,0.00067668794687077,0.000787304499135635,0.000914972252518925,0.00108242056289842,0.00325998108626833,0.000825815197562369,0.000825769396635795,0.00444280049130074,0.00388296373903096,0.00116384064389131,0.00331752306414912,0.00213319790744518,0.00155112603994851,0.00592192630686942,0.00208676348386073,0.00131792146853625,0.000790843812762988,0.00216588845302659,0.00105347919800204,0.00727924471097049,0.00548917371987367,0.00623243776981657,0.00515481004490288,0.000880403675060092,0.000820663890662295,0.000823566568050607,0.00469912349633283,0.000672600238025297,0.00124396006965078,0.00119650064168079,0.000919902059458433,0.00302172630448891,0.00183985414920768,0.00837275656059422,0.000834900404048849,0.00304032605505346,0.00161803403000991,0.00183674231714768,0.00141512132077635,0.00115378639467965,0.000904972201801549,0.00154786517299036,0.00151307509874717,0.00364918271331923,0.00399203835644573,0.00813672031709136,0.00558665243972022,0.00107611503578457,0.000717850751057358,0.00179705697763233,0.00233260015450699,0.000870383035002531,0.00120929364512462,0.0035812896987419,0.0013234101607659,0.00337749717145514,0.000890978641236671,0.000862353132120711,0.00464879499223532,0.0033646009318387,0.000798537229514465,0.00296578496646677,0.00291450507300571,0.00300633905292716,0.00122017933040601,0.000829425874787512,0.00548721419432291,0.0013134086219082,0.00346199041810638,0.00111542238991547,0.00228577758876332,0.000981221647294585,0.00892595402113011,0.00357956008426875,0.00190210483862413,0.00303817319469338,0.00123707830969544,0.00564914887249025,0.00114937490981912,0.00483854395271137,0.00745171507582397,0.000961615485481524,0.000947732121345037,0.00766736841229568,0.00580644627518405,0.00251787309654192,0.00318799977884793,0.00151852829038815,0.00105260810403663,0.000886361367610483,0.0054013168758119,0.000885477314268715,0.00092406653184897,0.00498008249760787,0.00236529147210884,0.00365262604833027,0.00147399891292987,0.00383879417416686,0.000847320715734759
"SG0018",0.00358752388684363,0.00332968239924988,0.00293406557718628,0.00365063386761119,0.000761049872356265,0.00342371205367919,0.000825553562440151,0.000862099143711884,0.00101327854867201,0.00340411671590681,0.00104262640432847,0.00358214431970926,0.00358364044485159,0.00344844107775584,0.0034748822510208,0.000890921263997127,0.00344409516495666,0.00177973225000007,0.00207408000536437,0.00200787173562652,0.00641132684279124,0.00209567731056256,0.00321956206815238,0.000844713312681844,0.000947113353551952,0.000820355464167973,0.000753989453967389,0.000907843272181763,0.000952622662210622,0.00326828873867509,0.00341131842125578,0.000871151907301252,0.00371152850686196,0.00344302334750916,0.00346164248632334,0.00343786859606578,0.00111881166006267,0.00102182568716021,0.000799145746775923,0.00330318486850782,0.00318789312073149,0.00617105271662966,0.00326515854930531,0.00323513116463397,0.00580112002005504,0.00478130774313907,0.00309139492372369,0.000719191224494759,0.000860243572659215,0.00395966149445807,0.000991367429856493,0.00597086489423778,0.0037000896305521,0.00315694449439975,0.00599819211996821,0.000937643222764935,0.0035646932961155,0.000903070447504135,0.000922355645647106,0.00316985134041332,0.00462235384387018,0.000792646989662604,0.000890159885410855,0.000692626989077465,0.00344740803138346,0.000797149091835467,0.000685828668244599,0.00338360365426471,0.0062584340622755,0.000833622078893614,0.000714050173644317,0.0030976024722177,0.0028997776809913,0.00329381516199311,0.00107491457269362,0.000802226286375568,0.00339950137647078,0.000662271466121914,0.000911759975694135,0.00100523929639059,0.00346604143769285,0.003426913827173,0.00340382975179234,0.00378154403305097,0.000722044833164677,0.00337923686632364,0.000990764751749344,0.00305039973579948,0.000831247548349369,0.000795800590169884,0.0016875122222051,0.000737425146034221,0.00309186077946626,0.000888904492557623,0.00364781130796599,0.00344142129160967,0.00270340277187421,0.00619867347651185,0.000990522617123252,0.000776586033960406,0.000738572831494413,0.00615011256315864,0.0043636859427307,0.000911603648395403,0.00399663113228723,0.000788176419403644,0.000890616173955182,0.000734088838452278,0.00083971353522896,0.0010063428259222,0.000842075592176288,0.000714833879168026,0.000912444669412391,0.5,0.00388091842385705,0.00388527445852826,0.00388115027282585,0.00399936928091798,0.00398024888289641,0.00388116283531511,0.00396802260263606,0.000916228148645052,0.00401825651486484,0.00390200953705845,0.000942258671239974,0.000809806374375534,0.00210109026323854,0.000772393040111961,0.00388233153303366,0.00167185333322323,0.000858682536245801,0.000822997370946878,0.00415669818838352,0.000733436667185458,0.00621041891020159,0.00420883357406155,0.000782361008319191,0.00184300364350317,0.000834076680132054,0.000959188961384797,0.000815924293283831,0.00365030780840978,0.00510358532357883,0.00381349106312589,0.000811365483111679,0.00399521574746158,0.000658544663745393,0.00077437900292705,0.00505035567907457,0.00393214966096145,0.000995868384224453,0.000808223062256822,0.0060857496490926,0.00080300187127388,0.000737556731898939,0.00646910978780841,0.000866638725691411,0.00362702415516944,0.00103623301826282,0.000888786037962526,0.000981463607511355,0.000837121896439724,0.00078510047377073,0.00319188586896256,0.000936518274146409,0.0033088546900659,0.00386341683355602,0.00642008609965772,0.00319194777308121,0.00627995078547282,0.00075119810053163,0.00181898087586115,0.0031925524397631,0.00392068187605191,0.00100045466806678,0.0039736141852581,0.000924678031792858,0.00085840072696272,0.00398967409954399,0.000791785049914152,0.000775665951778873,0.000863872356319112,0.000795879054057323,0.00610814859144756,0.000985652156324682,0.000773216163544412,0.00082292138614628,0.000767160044775713,0.000671870071702609,0.0037711852606586,0.000868983830310442,0.00398936830781844,0.00282039035583181,0.0018711515124585,0.000907699153367737,0.000806530436089141,0.000779652555216143,0.00211779077910769,0.00348788133525,0.000817838191012169,0.00642386587998419,0.00182266607702429,0.000774526818855852,0.000930483523360685,0.00502936666454095,0.000845928228655204,0.000839844441952457,0.00488618417098576,0.000833741884454036,0.00491527220054877,0.000971616685776476,0.00108787545021379,0.000998411491491254,0.00289964279658371,0.000882166270358904,0.000843675341991043,0.00638533386379217
"DU0054",0.00352793346455901,0.00331354691315344,0.000943245577432192,0.0035265571469528,0.00106022760660388,0.00335891918067777,0.00104221239139443,0.00284970135640192,0.00107580474996542,0.00339002076279753,0.000956263796558994,0.00361619155020912,0.00361822941046576,0.00430716316268377,0.00351789348045083,0.00204866014316656,0.00344266637814237,0.000753300633959929,0.00104335860808455,0.000714294955197262,0.00357818686577169,0.000756824917746866,0.00321045918011883,0.00106098814542056,0.00197860326843016,0.0009741108045979,0.00108709880351304,0.000976304725585075,0.000768450324412331,0.00324940173442912,0.00341899497271983,0.000989632622090209,0.00457454632177995,0.00348806934778227,0.00346669102136634,0.00345422148383033,0.00109377264588274,0.00098917203031655,0.00399436184513013,0.00108068015206442,0.00103366453763318,0.00347537454953956,0.000960409363118071,0.00086721342552679,0.00332265810342923,0.00345892608691951,0.000952480588629567,0.00100752858803479,0.000904898900521949,0.00390965350926304,0.00101167479740521,0.00333256365007422,0.00366279519829948,0.00109317514785658,0.003566537596881,0.00101015684058089,0.00352860644345867,0.00103063377109613,0.00105551644274043,0.00314739296249298,0.00348955500307165,0.00121914299341201,0.00368848317377651,0.00106181360659658,0.00344197824759412,0.00370715397353994,0.000867229849091518,0.00330890210007419,0.00341132004045317,0.000914604592790105,0.00110661340498433,0.000995532165332863,0.000946430227452603,0.00645982228998967,0.000855588166004187,0.00090926887508637,0.00338554869791702,0.00101899687368002,0.00190223030631433,0.00321025674100179,0.00347199786845232,0.00339246554434443,0.00338888560344296,0.00368870353955961,0.0030370226097693,0.00339475069126234,0.00108712360622997,0.00104770264708273,0.00105758119357766,0.00363444812237372,0.00101384685945704,0.000882792068930127,0.000937997455918508,0.00158558999593633,0.00464627991650382,0.00342398507007124,0.000878226767517677,0.00345076680308549,0.00100158473998863,0.000948160925188248,0.00392784904159964,0.00350883150656318,0.00436438485973363,0.000927103749856225,0.00401707363937447,0.00110485381249139,0.000912507270091342,0.00413623290190813,0.000930880394605313,0.00102860228258563,0.00308175818444075,0.000833571792509397,0.000866845418204102,0.00388091842385705,0.5,0.00388140044917257,0.00392216121504944,0.00403771096841015,0.0040077104369438,0.00497086586638177,0.00669216513924466,0.00379796138921266,0.00396272875836665,0.00390247455937481,0.000899166253122209,0.00103169404943869,0.00109542882643806,0.00404695362226713,0.00383227323108682,0.000987990740187496,0.00118346850316696,0.000877640942919869,0.00419312237529445,0.00475326219201424,0.00394489181011083,0.0040384555319043,0.000942659086506219,0.000877445192867357,0.000908361808664558,0.00101872607677981,0.000888671545652355,0.00669479542119402,0.00406459317128222,0.00379538662988355,0.000884102787707981,0.00403844560666854,0.00437272428021301,0.00476567763508514,0.00396405068438179,0.00379800443220441,0.000898861336895965,0.00088633164998617,0.00397457854810159,0.000985948992683064,0.00466595264938102,0.00391194250960091,0.000703701020695323,0.00101281204603469,0.00121382803432372,0.00185330580638633,0.00109550530084807,0.000960263426731672,0.000997569640913885,0.000918465804235538,0.00106019328245117,0.00109599371295266,0.00384957871889249,0.00393602365265312,0.000976472245480403,0.00400688543847489,0.0009634232061463,0.000954080534255212,0.000924716826994004,0.00387757612307829,0.0031812000643261,0.00393012656805251,0.00103227834795019,0.000955003925866021,0.00708758191191731,0.00396515373173827,0.000932471322538525,0.00104229092860889,0.00276740596176261,0.0039551740830989,0.00191497478467202,0.00094263007372906,0.00098509686565854,0.00422916785672795,0.00182294590522824,0.00637699837216723,0.000888263701091251,0.00375705090499686,0.000837591797293054,0.000776075100602392,0.00105569363561475,0.00324087511340695,0.000934170354518481,0.00202815715677256,0.00095977316726565,0.000661588564957702,0.00399386284598858,0.000978474902040961,0.00205185662525692,0.00106716475888327,0.00399473478008407,0.00109271467173547,0.000957624921333478,0.00392818862862008,0.000914884379896775,0.00389429754302044,0.000739689699515324,0.00104515148373217,0.0010833309810664,0.000987635132747826,0.000899159781633087,0.000933917579702297,0.00406748569035487
"DU0055",0.00475250547372877,0.00346610210606162,0.000805244923197035,0.00345013587562132,0.000638283596797513,0.00327565712012943,0.000693701745277546,0.000855553306405646,0.000781087550983823,0.00651778511315843,0.000739209522887743,0.00642006205900606,0.00628722129915142,0.00595121693972386,0.00630059151924673,0.00352623589580879,0.0060060656759925,0.000820709572858819,0.000860886803184718,0.000954607756571477,0.00355919263375888,0.00098199911586169,0.00334138875794604,0.000686254886330364,0.00197318919948439,0.00180519848668647,0.000638483336253448,0.000716956633062101,0.00170267613719439,0.0033397575090057,0.00625377320373317,0.00276197343429176,0.00376168334629629,0.00593600583738314,0.00670508692360143,0.00636858461106268,0.000921110739925344,0.00071283793251057,0.000760839795843779,0.00087151528191821,0.000800816839377676,0.00344668792397676,0.000819806194160522,0.00106259304618037,0.00328922672584861,0.00342467710117509,0.000848437726824026,0.000691257167683454,0.000789275225673323,0.00378595422255508,0.000740234340648857,0.00329961374953366,0.00374251008585691,0.000861762802985325,0.00348355067211478,0.00198328980913575,0.00463576347131781,0.00198004416271045,0.00300271109659315,0.00417154542603747,0.00357792917109849,0.000551614492372942,0.000613899312037956,0.000568674735459456,0.00675184110826275,0.000728638557368312,0.000735389659373743,0.00321616539296793,0.00338677089945895,0.000536038041616081,0.000641926240153313,0.000730931090241992,0.000658317875751736,0.00317527027248339,0.00369875233896866,0.000932817606863202,0.00650032017221158,0.000907626289697069,0.00344705128793521,0.0023244768845254,0.00671944925781305,0.00604980403245569,0.0064956987516567,0.00372514480926074,0.000655618821315621,0.00340652694281157,0.00119682754686033,0.0010725387579133,0.00300520868123852,0.000727051297737274,0.000721358401069017,0.000675249166568639,0.000707439140907003,0.00414398362363614,0.00397029292087376,0.00354373721608803,0.000544525217761445,0.00342115956457933,0.000669521900201121,0.000545984283753877,0.000639538012251309,0.00348137652822179,0.00687147905687125,0.00056335373705802,0.00658514115645536,0.000539322914417919,0.000727285154849177,0.000631965885941925,0.000563220484217056,0.00101184601339635,0.000747599749409011,0.000760156380314804,0.000710856766949116,0.00388527445852826,0.00388140044917257,0.5,0.00634862924260413,0.0064416351100465,0.006618367570579,0.00393397851204579,0.00392351040230913,0.00116757205797368,0.00392620291733276,0.00613186239221754,0.00292725281854826,0.000657701151617536,0.000837395524209302,0.000688979246605051,0.0037843011948676,0.000730711792317021,0.00106423438391831,0.000679927324482868,0.00405210829590179,0.000647908609071741,0.00393336047096876,0.00402244996196514,0.00090043326144705,0.000759270491457302,0.00186999190860501,0.00208562960982941,0.00292292653932125,0.00360362088230005,0.00405564873196252,0.00390955090811785,0.00180200746315485,0.0062772829163827,0.000635082483447977,0.000606478574898148,0.00394953658715264,0.0037566645723183,0.000906261954230949,0.000704953669193566,0.00396000174918692,0.000925433800955286,0.000681313343949284,0.00391315794794465,0.000655713140651996,0.000806654722057701,0.00378432831457185,0.00202235605579933,0.00405314448553687,0.000700019107387902,0.000630182911405525,0.00081442381611702,0.00333988923185796,0.00102670273048143,0.00651013124147927,0.00394134799927484,0.00066462365166757,0.00401152412257119,0.000778187982544066,0.000551795690437085,0.000615280198807714,0.00383998691181589,0.00345469164570841,0.00505400493072876,0.00202725357312808,0.00061063604656047,0.00389632585648121,0.000759854048638698,0.00095718250402837,0.00335152935864223,0.000789711904729593,0.00398177382116362,0.000968873805582509,0.000922681963292718,0.000569550032426725,0.000677382604054559,0.000618353698003918,0.00370503937994618,0.000709201286908366,0.00372608152290357,0.000791083080332403,0.000979243262767862,0.000894369466471812,0.000711347844179567,0.000810874355918039,0.000915061859349519,0.000807571507229824,0.000645457099792212,0.00397132919812419,0.000705413445802843,0.000712867628238736,0.000884002236746303,0.00396681824425939,0.00320422624148208,0.00181568916958628,0.00390656485983022,0.00189520326993583,0.00387799379871631,0.00110885196446158,0.000906585596786322,0.000815268403610352,0.000711408819047929,0.000524497727429974,0.000570574120376969,0.00410757964412877
"DU0056",0.00485938513320058,0.00337712377044604,0.000847579167597011,0.00346309463369437,0.000700566832528286,0.00328818914216696,0.000678765435784781,0.000649232211561604,0.000756322602908183,0.00600366035952447,0.000733451263083893,0.00511240471561682,0.00622621526798981,0.00620850779263116,0.00660354579040378,0.00478768422139475,0.0037586886841924,0.000844363070788107,0.000903704723886245,0.000826224737676536,0.00359636533054733,0.000857717404082224,0.00325227429547053,0.000774596476068233,0.00330176569088185,0.00088658799035046,0.000623869803583136,0.000745764513785809,0.00181491166798337,0.00325602748665238,0.005927806718894,0.000961595429877188,0.00489686347360149,0.00632389742191784,0.00638394425572016,0.00638095419370758,0.00089348087922976,0.000700220997252498,0.000798627979077095,0.000858298955462054,0.000865548486459354,0.00345649325835733,0.00086951522836941,0.000914637876439512,0.00329603516743241,0.00343199069468042,0.000883179581680322,0.000683933920374603,0.000718430860201888,0.00379833832858892,0.000807891487943504,0.00330630359303538,0.00372104079637131,0.000908438680160688,0.00350899412105887,0.00219926418086671,0.00486187371900755,0.00219306466059826,0.00218151309961483,0.00322759979450721,0.00468005344170339,0.000565929128902238,0.000644835527826009,0.000562893871197121,0.00624981120780132,0.00078087807612551,0.000669826557323136,0.00322793148362559,0.00339458434126554,0.00054913536268526,0.000672460695826209,0.000789471299159447,0.000665309852353766,0.00318846955406904,0.00317128194345783,0.000885673295030273,0.00598750444928882,0.000817712008707744,0.00363824514389227,0.00342973363656903,0.00639528058678645,0.00371930308943115,0.00598141858430963,0.00375678007551013,0.000681298545147668,0.00336562968445688,0.00220847136815956,0.00209917661395068,0.00326428856468102,0.000716723342393967,0.000726929328548693,0.000644170206220172,0.000729750068690954,0.00467700827392442,0.0064143170451796,0.00345924335744523,0.000553929599186371,0.00343480022404575,0.000690723078293275,0.000565400811287662,0.0006792597003418,0.00350882099794212,0.00559947613071974,0.000578784197053869,0.00631470324713445,0.000554213596004095,0.000757653883305818,0.000669826422560429,0.000576738155464851,0.00202576773643073,0.000771302561447971,0.000696292433629539,0.000755205743540093,0.00388115027282585,0.00392216121504944,0.00634862924260413,0.5,0.00648678770426376,0.00634658368649223,0.00389024261138321,0.00393830689290844,0.00213434745600572,0.0039202876213984,0.00634535463686948,0.000942088642541736,0.000708637471219639,0.000834499622751626,0.000705119980024354,0.00377974977318002,0.000774048227767492,0.00212997503825494,0.000721542938031014,0.00406023606629333,0.000685674262072503,0.00392960158967038,0.00401858884282249,0.000803446638203338,0.000805890336995817,0.000970067993758522,0.00334648944649982,0.000983297189246383,0.00360645878942806,0.00404970786802888,0.00382405327431838,0.000952611601851193,0.00653039112117295,0.000662038856921277,0.000626430528873379,0.00394465893878756,0.00375304857414964,0.000653952200336766,0.000741133017260817,0.003958931620393,0.000894793048606464,0.000733364441421744,0.00390845252414764,0.000605225276990286,0.000815351077009797,0.00365867247172883,0.00324926189599584,0.00372119781600103,0.000740104126760829,0.000669846602957779,0.000854417823590142,0.0037062738784192,0.00105391783734708,0.00604422122063056,0.00393636419223769,0.000674757701709768,0.00400943036775995,0.000725094475082368,0.000560814487785408,0.000624169480922602,0.0038344814038736,0.00341008664116626,0.00610516570967345,0.00329076181047195,0.000630406976942592,0.00390134212193212,0.000785603742160815,0.000894948959507452,0.00345585459758006,0.000862029065688564,0.00402926970776468,0.00106637255839027,0.000867273862355041,0.000581275340948941,0.00067724187762017,0.000608337198891189,0.00370063212823765,0.000761450638884678,0.00372287213699327,0.000655808174674873,0.000855348621179219,0.0018997828497931,0.000745531813740369,0.000754700939688436,0.00101137141154859,0.0008521656010655,0.000625929001009839,0.00396638393054807,0.00076813213248386,0.000753424146489076,0.00183211002081145,0.00396382919206466,0.00347856702781186,0.00090561158448486,0.0039002472068292,0.000978980576580884,0.00387077461157415,0.000916932859529489,0.000955632331478675,0.00081083865250442,0.000754971213897611,0.000537918024792201,0.000585188467635724,0.00410561497690559
"DU0057",0.00377672206669247,0.00351160972230422,0.000746922992775265,0.00354758628812322,0.000622204548563267,0.00336660591040831,0.000696499200857195,0.000853777052183422,0.000778005218206888,0.00623455684194843,0.000748360397658288,0.00675271771428052,0.00679405418460641,0.00600795850017415,0.00653767279320325,0.00509385070643761,0.00617151940741332,0.000784159803770482,0.000852638389220114,0.000929297789705051,0.00367381721110361,0.000958845759176204,0.00337977679681571,0.000671982792584459,0.00198809860085981,0.000907442604805435,0.000643203051041227,0.000708739143464978,0.00087875315028581,0.00339378462381094,0.00633005164089279,0.00103067621870955,0.00616915677330961,0.00627002822887385,0.00637547366532404,0.00647904992123871,0.00093193507801317,0.000720825507254137,0.000723003080644781,0.000900506849287925,0.000798971519351935,0.0035477490522357,0.000780501395643956,0.001062739695283,0.00338258898370747,0.00352438417039518,0.000811827951747385,0.000666605482346213,0.000766121378932551,0.00389690493525879,0.000706479427753825,0.00339536856565297,0.00496957672376036,0.000860773352129199,0.00361090821811507,0.001938911457206,0.00376092692764391,0.00101150075301056,0.00105855673955119,0.00335474861209591,0.00364598777978612,0.000552184292592071,0.000641003856622555,0.000548695907574245,0.00634453527652362,0.000704387973657996,0.000690553213184415,0.00330533107657375,0.00348599972823612,0.000537360783198688,0.000613148581937946,0.000721508152076318,0.000668525026391516,0.00326832945250164,0.00326462524894828,0.000838844057087249,0.00622236186520959,0.00083018248168424,0.00324503310991342,0.00359436899926013,0.00638682923848741,0.00622438443843416,0.00623091139870567,0.00492796456367979,0.00064699976311939,0.00345428944990153,0.00217452669760732,0.000967316562865257,0.00102048300280308,0.000744730239881761,0.000730723164835335,0.000655192085033294,0.000715117554847605,0.00510340226173403,0.00652224003861072,0.00359606047943938,0.000548394223417518,0.0035213512224937,0.000665545555802361,0.00054073498483789,0.000636658001220133,0.00358159244096302,0.00688934835892716,0.00056703854915958,0.00683020308107647,0.000540953775048814,0.000692564472272583,0.000631679929977501,0.00056682791278178,0.000930074328470769,0.000811738325798034,0.000692129638062137,0.000670597455131087,0.00399936928091798,0.00403771096841015,0.0064416351100465,0.00648678770426376,0.5,0.00678771009361327,0.00404962204305262,0.00407815747544363,0.00325103182492871,0.00403795870017799,0.00519042229083912,0.00292984017209968,0.000649380207148569,0.000867219872933811,0.000706430731848537,0.00389004792916431,0.000707050549744898,0.00217711150313125,0.000644114693970951,0.00418842648202652,0.000658038167816311,0.0040604340874046,0.00413828070365821,0.000855676672122516,0.000695228152601229,0.000934060188431494,0.00103878252750693,0.000962306732428157,0.00371311959466189,0.00417370006987808,0.00397779219631696,0.000909852716407869,0.00681512610254729,0.000668718461524,0.000625377807200526,0.00407327507762857,0.00386494582507511,0.000902054492169741,0.000666277017682619,0.00408933343680388,0.000881169457812914,0.000686722390698793,0.00402708410461337,0.000627382975209686,0.000824408216767011,0.00407291207540102,0.00103943489225266,0.00358059224223904,0.00068608998739681,0.000619505481688891,0.00076136621852158,0.00352056353734122,0.00100955627429363,0.00635873845342794,0.00405716546402791,0.000674612599052214,0.00412849343784678,0.000732737955452541,0.000557533336073898,0.000621866025403251,0.00394830960519096,0.0036235101942402,0.00423448305856731,0.00103543542831469,0.000611384152013505,0.00402831019541019,0.000715961687960411,0.000871894848665695,0.00115722471265164,0.000749976738158629,0.00408374543765672,0.00189015277634528,0.000858019900549233,0.000574079027440023,0.000695943333345137,0.000639101813071239,0.00380693569830574,0.000663180632286241,0.00383227089308923,0.000788318522181324,0.00095575239168722,0.000857614517739611,0.000659450610115504,0.000780799068622786,0.000960066724157383,0.000784042328495242,0.000603992167100861,0.00408861576534223,0.000694436856234414,0.00065215491623187,0.0009007096838327,0.00408368064276198,0.00320918257373738,0.000978779702279628,0.00402850712578233,0.000940955585130006,0.00398886725419942,0.00105312471703877,0.000859640113570313,0.0008203001726167,0.00069874954857183,0.000526522011596911,0.000570446062896812,0.00421903105658377
"DU0050",0.00376133519268135,0.00353034134163036,0.000759169206404522,0.00353215244242526,0.0006170509125117,0.00335305687632577,0.000696154871450807,0.000879327761594495,0.000777768601107908,0.00645927984453652,0.000745692591270485,0.00679640635057868,0.00666431804645808,0.0059427897721257,0.00638182390983483,0.00497201780370323,0.00636543370576284,0.000782699186122559,0.000845761696124056,0.000956118422253262,0.00364468775811415,0.000984171451306268,0.00339793755617662,0.000675055446486402,0.00102253465305357,0.00093691548607691,0.000642311046086279,0.00070663793996008,0.000877815559133789,0.00340489294495531,0.0065539193168383,0.00191468989381143,0.00386784417701794,0.00609429002620107,0.00647240656381066,0.00643003720547667,0.000920122652981011,0.000719758618311707,0.000729041356001214,0.000883890992288906,0.000791526275549358,0.00353210168660848,0.000790069938105045,0.00107626381001625,0.00336919089160037,0.00350868889381566,0.000817955959680393,0.000681151479149938,0.00171303810706728,0.00387954437758421,0.000708221906449836,0.0033809296479868,0.00384783896115115,0.000839214676635175,0.00358090052304409,0.00102042720075233,0.00372619649402071,0.000996287737030654,0.00105680987369725,0.00337739856439733,0.00360874648658086,0.000559325604735708,0.000649651158247648,0.000554219804304556,0.00656669169281154,0.000711649964402388,0.000727743107553023,0.00329204958135406,0.00347061749363625,0.000546796138502774,0.000665164512623614,0.000717044558633298,0.000675938192009043,0.00325576447563455,0.00347420760825704,0.00087993210075397,0.00644653225944907,0.00183559394577284,0.00324751141798877,0.00346071634210332,0.00648620610332774,0.00637788166965761,0.0064557178118707,0.00384719222084806,0.00064549354500413,0.00346558855836727,0.00217188080417144,0.000976187969172597,0.00101624795659405,0.000742265403348215,0.000728502180054041,0.000666195938886124,0.000711157447891671,0.0051252532782368,0.00631951958038671,0.00361214793705503,0.000560089759041311,0.00350487370826401,0.000666238489378342,0.000547081119350665,0.000635273781605299,0.00356493475727559,0.00697552856561,0.000573379201006359,0.0069248922511405,0.000547463338452295,0.000700263712255888,0.000630083485067977,0.000573474407754685,0.000923224098412349,0.000796544328929788,0.00079795588514595,0.00067668794687077,0.00398024888289641,0.0040077104369438,0.006618367570579,0.00634658368649223,0.00678771009361327,0.5,0.00404532559559998,0.00404555056455858,0.00320661440844944,0.00401949386976001,0.00606696058074854,0.00314366613355623,0.000645034619387277,0.000850065231759887,0.000702608482639999,0.00387301875105137,0.000706365494767094,0.00208829445614448,0.000651469792569192,0.00416690270926927,0.000655501108875731,0.00402862939496425,0.00411908299493844,0.000898662697323831,0.000709185021969073,0.000977298105645243,0.00103474467608444,0.00289989139724587,0.00369693056111111,0.00415279760125046,0.00398466776924218,0.00095020556822312,0.00663787769602215,0.000664786463507831,0.000629581331102004,0.00404431034912548,0.00384630033704515,0.000933655458924616,0.000675464240250433,0.00405504334055616,0.00177968900476558,0.000681987559742782,0.0040081464663664,0.000634383756188707,0.000819180777057204,0.00400062049825308,0.0010483256394795,0.00372497893614549,0.0006845709247943,0.000618060620089481,0.000773002032670357,0.00330873398585592,0.00099097489870096,0.0065506681993522,0.00403746875271928,0.00068315321784618,0.00410817009609768,0.000760060920075213,0.000574453471105365,0.000629658002325945,0.00393072221250089,0.00348826024039348,0.00421820701258265,0.00103390020736109,0.000615056987753624,0.00400835478135623,0.000726660337946275,0.000911408137807113,0.00117076575122161,0.000788385512565367,0.00405021033952218,0.000929760629673856,0.000883357272745471,0.000581515310594787,0.000703300129417915,0.00063894677327493,0.0037908992453564,0.000671098589269452,0.00381499705740966,0.000803972082568567,0.000980917353245195,0.000842112609132509,0.000673476892587616,0.000799766906183423,0.000930027768943962,0.000791080164129348,0.000607892757892462,0.00406796330134333,0.000687578457569811,0.000665328798556082,0.00089177452110755,0.00406313161930978,0.00314896513907841,0.00101042613805996,0.00400020836355846,0.000984789691056278,0.00397042588825525,0.00110367620525006,0.000862610024867092,0.000816874905099406,0.000695893244966649,0.000535227276137285,0.000576755493514353,0.00419767910849336
"DU0051",0.00344911542009364,0.00578669196029944,0.000875908038019035,0.00347568252289058,0.000784920321594689,0.00330400322628907,0.00196841628310473,0.000968810697621666,0.00112056634683542,0.00352180378379008,0.00100019905885552,0.00364115889493583,0.00362788562915197,0.00337513163641343,0.00348731121670916,0.0016804065303501,0.00465860501427354,0.000712084472816753,0.000917048808013762,0.000893755067664137,0.00354997444578976,0.000948584057899029,0.00552550095972871,0.000890603521362308,0.000888800002419092,0.00326518482283,0.00100665840808387,0.000952032985698073,0.000698440242880646,0.00360149547698552,0.00355511653047196,0.00324452097586182,0.00354535283234319,0.00341608817053356,0.00347228837906395,0.00342668653041712,0.00112586076102135,0.000981845757378118,0.00190586125885822,0.00111385691633437,0.000877806917206504,0.00345823624539104,0.000910688466046818,0.000987001661052835,0.00330759713003063,0.00343455274002364,0.00089666677986431,0.00201935762441279,0.00113595370919126,0.00381723774474134,0.000866913883573459,0.00331545285005865,0.00384241653724725,0.00105986630160403,0.00350499899328175,0.000894005054997755,0.00342627754363904,0.000977500847552118,0.00101690317506922,0.00446947563723658,0.00339050137019489,0.00180320585867892,0.00306701391097744,0.000951046145809809,0.00350555222017814,0.00308876156294813,0.00199065353851243,0.0032492361838564,0.00339643899978857,0.000774309973647956,0.00107125031265893,0.000837382563953935,0.000857761000049766,0.00439320600389363,0.00106556593739656,0.00336547082810088,0.00351893842823978,0.00364075649399239,0.000990644907664686,0.00353178822642674,0.00347774178336804,0.00359612764537177,0.00352456804480983,0.00363859649724358,0.00194666398867339,0.00588258583790395,0.00103052153420597,0.00102148380946076,0.000853321148023858,0.00317782387555854,0.00104332260660751,0.00112616753723106,0.000937175798757815,0.00211080097704162,0.00358958341706223,0.0060156009076501,0.000758902177174048,0.00343263063116587,0.000845710761261134,0.000795577822599646,0.00183023132262465,0.00348948336021029,0.00551244379701646,0.000782352282161677,0.00405932689604761,0.00169594480655219,0.000810604371858962,0.00184206738874746,0.000786634835403117,0.000983705048463906,0.00104217354222161,0.001266534429711,0.000787304499135635,0.00388116283531511,0.00497086586638177,0.00393397851204579,0.00389024261138321,0.00404962204305262,0.00404532559559998,0.5,0.00605286061076012,0.00358063378771729,0.0039426070672843,0.00385425615995362,0.00185236145730321,0.000781185027346282,0.001089430599439,0.00285597965629197,0.00379354593894306,0.000970831293053543,0.00100018297329265,0.000752844234649431,0.00509779173118659,0.00286143108309664,0.00392344366815737,0.00402383313810581,0.00311871641153589,0.000808341514564089,0.00307970731880866,0.000903066798633748,0.00219767290048029,0.00557825942254946,0.00405792149435774,0.00592636649556348,0.0012717560951738,0.00403681684796557,0.00187864497155274,0.00287882557018126,0.0039423114285456,0.00376351512920822,0.000867215824077838,0.00084181015739001,0.00394880961608949,0.00320623965209881,0.00285744117424085,0.00391194875257004,0.000648193009934593,0.00103959582023043,0.00130622533451681,0.00104257143833668,0.00114923272870377,0.000904015309026207,0.000798982345215065,0.000858187953521691,0.000961830088580808,0.00112697395363883,0.00400314719720133,0.00393785758321007,0.000879367653590728,0.00400302881134621,0.00207208446147295,0.00078585205591032,0.00082154101211495,0.00385038546554626,0.00362744194550925,0.00388762446982496,0.000950668339027517,0.000805393707965691,0.00496995843909617,0.00204939222952108,0.00322435086143935,0.000988629538234617,0.00115723583360987,0.00392038224852556,0.000928263495546275,0.00320291091735155,0.000814319550914333,0.002995126032313,0.000963804774300208,0.00478256349310324,0.000806858925982907,0.00373752605265291,0.000778562803153486,0.000933887606814234,0.000873521905718322,0.00102518978465699,0.00216389844066496,0.000942942168238539,0.000862677286797093,0.000604433281449373,0.00398322386905896,0.000784990911365554,0.000920740468377705,0.00108948799964134,0.00396497973280101,0.000911686549148723,0.00224765186829934,0.00390388462831176,0.00322141047013692,0.00387690931550284,0.00285950793414397,0.000982931690379413,0.00111390407974486,0.000928835095385012,0.000774786296741054,0.000800415778746509,0.00407255894707513
"DU0052",0.00353596949922488,0.00336506355366961,0.00296755981261795,0.00362009805202559,0.00101038733686198,0.00344906056028634,0.000999880170205023,0.00185861932261196,0.00102800359700571,0.00343586947455856,0.000937296296968762,0.00366198664700646,0.0036759165075382,0.00344963137652774,0.00353474974832327,0.00206546910432961,0.00349801601005306,0.000811315273926408,0.00302278861760939,0.000776922087659724,0.00364452856048765,0.00164890398130196,0.00325716186587379,0.00101438748860438,0.0010362483430767,0.000917350551945904,0.00098756546608231,0.000946089924223242,0.000726741417651314,0.00330767340285912,0.00346406883317773,0.000953954821280919,0.00590068638507918,0.00349754572489689,0.00349114404599078,0.00347043211244202,0.00183221672572825,0.000955663295227457,0.00323296856756892,0.00110649448117455,0.00100963003020477,0.0035512979355001,0.000981247363492514,0.000931561416340332,0.00340987650152381,0.00358303583703376,0.00101500686331659,0.000938406078471399,0.000897364602099489,0.00397134667781729,0.000953221818138782,0.00342008678095479,0.00374093845583422,0.00205972362702029,0.00591576299318223,0.000986044075863249,0.0035279574381176,0.000961448515727498,0.000953646744269182,0.00319150303949859,0.00350993200320946,0.00115196478970129,0.00355592127240498,0.000965122296585692,0.00347851615077553,0.00368828169329325,0.000823508732631923,0.00339344549053031,0.00349876674283916,0.000905735030628884,0.00101735259469143,0.000955756418965881,0.000964176835810436,0.00585240547085526,0.00087369407065767,0.000891282586318586,0.0034313143841801,0.000819870087095318,0.0010478466675513,0.00218144071779934,0.00349651894620858,0.00345006106452112,0.00343566949972122,0.00609818691754999,0.00297554163135156,0.00344640432962913,0.00108007817802479,0.00099706370042869,0.00095576386959676,0.0034472403896041,0.000975260203753251,0.000827894182473229,0.000892695362655857,0.00159332867120735,0.00370181796121536,0.00347795774481604,0.000888118545270496,0.00351132189671061,0.00100245361109212,0.00094103230981236,0.00322188694335243,0.00357977164726011,0.00443457453233644,0.00095593651397442,0.00406280449360989,0.0010448802955941,0.000946999711839097,0.00338198916029687,0.000956432025038906,0.000968592538896683,0.0020147361997945,0.000762588792339513,0.000914972252518925,0.00396802260263606,0.00669216513924466,0.00392351040230913,0.00393830689290844,0.00407815747544363,0.00404555056455858,0.00605286061076012,0.5,0.00340102131991739,0.00405210765543789,0.00391319104336227,0.00086039439282182,0.00100758209369954,0.00109417218721334,0.0034497028182937,0.00392627553212842,0.000910471278223441,0.00112213798757074,0.000885332624263038,0.00423507702956715,0.00358292120426264,0.00403133781616223,0.00412422049116615,0.000886129279777087,0.000929769124624585,0.000923459058010074,0.000987863304833867,0.000897851685121464,0.00608682886597805,0.00412695293502143,0.00385122744683042,0.000880144587376509,0.00407729529901341,0.00348477503542878,0.00360009238570732,0.00410059415796455,0.00479953322150964,0.000849570396034061,0.000912316261581157,0.0040945458447297,0.000942323686159329,0.00356528423548599,0.00397736780886844,0.000675322498806375,0.000993464056216324,0.00115846297133076,0.00094901833361414,0.0010655696555068,0.000940514488849834,0.000978890908049489,0.000937355323780931,0.00103610946015836,0.00103504478851138,0.00390171779827158,0.00400177991708863,0.000973133383462517,0.00406619717683016,0.000919633608823736,0.000921292604762718,0.000926966400315052,0.00396383487691057,0.00213203632240149,0.00394745133619965,0.000969059831440134,0.000985371539910314,0.00653804137301771,0.0032986591466426,0.000909860684727888,0.000972951779144285,0.000910233676553918,0.00400330192426325,0.00198966609429136,0.000892482012894879,0.00266759238002636,0.00343724291688074,0.00159165303198379,0.00616510383102127,0.000924753276857804,0.00381748307814299,0.000804589110440528,0.00084246399443651,0.000974166220245829,0.00328672356422438,0.000875005180143229,0.00340189250066903,0.000964409637761309,0.000645103350735133,0.00406968537748547,0.000994921808734135,0.00360150079384587,0.00103116235291437,0.004091630537213,0.00100745502605132,0.000919293494790384,0.00405222841828504,0.000929940373728241,0.00401126797536972,0.000775155544053238,0.00190977647195761,0.00105757332202257,0.000967630623412441,0.000906698644701664,0.000936623371803752,0.00413607425877796
"DU0053",0.00129879930008204,0.00124397227328921,0.00129178554604067,0.0011526445779556,0.00104699699376494,0.00110104227480342,0.00522321842102529,0.00103413220570729,0.0037173724400383,0.0012937623648505,0.00542463243506794,0.00380906698012927,0.00379883645778468,0.00238035870406965,0.0025029846095164,0.00479930420015226,0.00361758441447104,0.000840512915349255,0.000877415533325946,0.000709087413378939,0.00112965745494492,0.000735097664051982,0.00125301096862282,0.00100331674394364,0.00116039705946245,0.00568863348995732,0.00511620270224709,0.00589073477637279,0.00094269727020436,0.00124699574442808,0.00244664706757064,0.00337040714694112,0.00129082337470825,0.00243344922773297,0.00238260426862005,0.00249998414629598,0.00327624047924505,0.00505138305407853,0.00217603003999687,0.00511427862319826,0.000929220551119732,0.00104971983556077,0.00106771229260647,0.000734892469789537,0.001005703674527,0.000937513288498998,0.000997690895392473,0.00103142078053764,0.00104417186391011,0.0012020922333979,0.00103070660476877,0.00100236789797358,0.00126483476178359,0.00554173483566053,0.00109020534492872,0.00121334936973857,0.00131240081446027,0.00505194020808042,0.00583826440811925,0.0012104597141835,0.00126605834069677,0.00117115545806614,0.00314614451812083,0.00112962267870283,0.00132303362957115,0.00216556158308611,0.001015348398763,0.00115578171215191,0.00101599955457755,0.00101776885214761,0.00112634423256196,0.000935406772418745,0.000835393129257401,0.00225927017779318,0.000984914426327318,0.00163453192306184,0.00129031582726886,0.00171389911590866,0.00355929442177008,0.00837997327431635,0.00238729644541146,0.0024359976656684,0.0012917334396424,0.00121121266152186,0.00679802873888065,0.00119031253023506,0.00250457517706533,0.00475203783766411,0.00112850955832214,0.00649185112388765,0.00577959307424747,0.0056385050348425,0.00557569179057153,0.00452690293409779,0.00136904925781703,0.0011888311897229,0.000847591438106458,0.00112371709104718,0.00086698478017953,0.000890929589029095,0.001962166189686,0.00116367771926458,0.0012320809446553,0.000914722061861737,0.00326484401535657,0.00114625998945919,0.000931680979022164,0.00217739389818647,0.000975380890805408,0.00493925820568077,0.00767357200455765,0.00116180866005059,0.00108242056289842,0.000916228148645052,0.00379796138921266,0.00116757205797368,0.00213434745600572,0.00325103182492871,0.00320661440844944,0.00358063378771729,0.00340102131991739,0.5,0.00103407154550629,0.00110789708545281,0.00183825342632632,0.0010881237224172,0.00555310343613918,0.00628893826618924,0.000953199150154765,0.00572556780481085,0.00359280129365178,0.00105378434235667,0.00210683042214164,0.00312217534131354,0.000890873906058073,0.000975929896287104,0.00513216646586183,0.00118460775491898,0.00126325471445777,0.00118207702641941,0.00118415351491162,0.00212716666114814,0.00109354865471981,0.00105890305224871,0.00153455075185322,0.00331820150934737,0.00382738119421295,0.00312019178939056,0.000892490751650471,0.000896086301576754,0.000922917042814685,0.000908981829378806,0.000905744826260548,0.00106780301067962,0.00312072445164978,0.000949286001214601,0.000875807517169457,0.00552320376494494,0.00577859389864851,0.00472385606668113,0.00473591677355411,0.00535687797869009,0.000996158103148169,0.00116539611843054,0.00237565881118405,0.00348772724069519,0.00114198247529089,0.000957234564095456,0.000917706212968664,0.00097053137376537,0.00105336377833596,0.00105075061683442,0.000809900601669624,0.000962304363537813,0.00642906497474128,0.00111776023528288,0.00316829491855591,0.00082440628135113,0.0034606479820557,0.00536443927804977,0.00457171946066557,0.0047579496262767,0.00489895555236015,0.000981666392578635,0.00156348358912739,0.00517656344360917,0.000958090521121172,0.00599659218687866,0.00185004487031218,0.00115983179431109,0.00108213509812513,0.000927945348506236,0.000835928890426029,0.000818426757726171,0.00110491469670302,0.00309501124876448,0.00567568399395566,0.00102841055780312,0.000910232616691937,0.000885170781075408,0.0010812064955686,0.000977802150425819,0.00131909528315787,0.00625710315728156,0.00102331961871138,0.00216013354039629,0.00338434152781368,0.000855366025973531,0.00130743515070128,0.000854648736697044,0.000869278859397394,0.00147461447814269,0.00580395865863733,0.00574326836389651,0.000973980727930452,0.000982127173201351,0.000991626742619396
"DU0028",0.00353842301715676,0.0033768430154167,0.00320000051184987,0.00387601446141245,0.00211580931151305,0.00644485303258044,0.00308187262925093,0.00285031411783038,0.0009533757544807,0.00343116123446117,0.00214548569396189,0.00360548433613289,0.00360598909179933,0.00345627264924696,0.00350108750215289,0.000923997892114167,0.0034738378296927,0.000822346480545567,0.00109702796130636,0.00104290488382259,0.00370058752206982,0.00106761861301929,0.0032688621505567,0.00198943605355075,0.00100373156556435,0.000927236374757549,0.00085155600538655,0.00402221748403195,0.000765987734919063,0.00332463869102539,0.00343777634941785,0.000947966448279218,0.00363223829745681,0.00346215942528485,0.00348419193828967,0.00346049593582879,0.00107466768732981,0.00189933926972768,0.000925438520681192,0.00108360579477877,0.00110267117061576,0.00367083559915773,0.00105913389174879,0.00109274855945644,0.00348860625108,0.00359051003498345,0.00101780554072264,0.000984869294572402,0.000978283165521934,0.00402949226453419,0.00104046478931783,0.00348091272529779,0.00378003824169633,0.00102972882904283,0.0037449663308597,0.000950487940736058,0.00351421441718639,0.000896020086617644,0.000964666091599091,0.00321845192866457,0.00348054438064037,0.00105367141264832,0.00104165633779036,0.00102225513892868,0.0034725371632436,0.000951484915082968,0.000857577713639329,0.0062220237720622,0.00354805467127865,0.0018649731043637,0.000940922623175534,0.0010501869361366,0.00110428925638874,0.00337023415240336,0.00107299149894371,0.000872914967053206,0.0034266320201859,0.000737266635219253,0.000974325156113676,0.00110802518715945,0.00348952060847537,0.00345411308757176,0.00343094626785129,0.00375278127398857,0.000881264138532002,0.00344775061847023,0.00104212310054142,0.000958096728414183,0.000966861817673438,0.000959896194602667,0.00110814097623617,0.000857658768539021,0.00189110121260439,0.000914189594891665,0.00365942824153153,0.00454541842549355,0.00110814842168299,0.00360020536047018,0.00103050709904184,0.00318272575204699,0.000976010887162576,0.00368535338942324,0.00443091122743057,0.00215509072975653,0.00403597072934235,0.000999358512610367,0.00396452497904888,0.000984043370513757,0.00368775109184859,0.000914744855944876,0.00335129649583798,0.000756326295620076,0.00325998108626833,0.00401825651486484,0.00396272875836665,0.00392620291733276,0.0039202876213984,0.00403795870017799,0.00401949386976001,0.0039426070672843,0.00405210765543789,0.00103407154550629,0.5,0.00392928555253718,0.00101181992597804,0.00364448441214487,0.00237169660581249,0.000934261140634965,0.00699884368154037,0.000902204044931249,0.00110850138113652,0.00187458928886871,0.00420551578855585,0.000962625931198056,0.00402764608247114,0.00428879593787259,0.000898838736900047,0.00209166549366494,0.00090306346157604,0.000963528256956321,0.00086475292269381,0.00375993633460387,0.00416758372599186,0.00387340553692683,0.000851652404951377,0.00403530541891161,0.00128912010028875,0.00099202629217814,0.00409884865877219,0.00497107104331636,0.0011219310394188,0.0021340483821088,0.004081261994142,0.000939488126806809,0.000933214098179367,0.00406613268515328,0.00130904723684894,0.00104909515563336,0.00108854950740629,0.000882098698276885,0.00100830522145927,0.00329556543672859,0.00416734965722513,0.00186938731744096,0.000971796692572128,0.00100207350816568,0.00390547176215539,0.00409649449874904,0.00115461521569627,0.00413558545550976,0.000948758054064421,0.001089047454727,0.00107501043424105,0.00709352260559196,0.0010725136920442,0.00396524174258165,0.000910586028718535,0.0021121108357601,0.00400768095313554,0.000895483952483395,0.000849935504607802,0.000900251485224803,0.00081461591512533,0.00401777151132036,0.000948771901840089,0.000858837421165645,0.00372155077540421,0.000926092755257735,0.002013330618182,0.00391393507199739,0.0011637179015181,0.00487614884308002,0.000976689613903389,0.00357538141662821,0.00100412326938508,0.000929235817477903,0.000900206546868583,0.00112446351988653,0.00109301235250103,0.000776850288604963,0.00416924798730865,0.00374712795238321,0.000996774402612277,0.00197538764138303,0.00649174791663219,0.00099688982797234,0.00091969716912851,0.0040524629393229,0.000884201091666095,0.00402401847326843,0.000999471052395089,0.00100149942425658,0.00117733539627794,0.00316655059263803,0.00116437903444181,0.00379083436110007,0.00419761053791121
"DU0058",0.00668599272013918,0.00333112850455515,0.000956296280356544,0.00347166106777408,0.00075830016898984,0.00329495739620324,0.000665973439338609,0.000680229174991971,0.000733726768673921,0.00570989432943514,0.000740382551411093,0.00386255149549039,0.00385753700719878,0.00684186651118564,0.00613281507633509,0.00235813081745688,0.00361111816562148,0.00116793618989679,0.000973888454586787,0.000826856460970109,0.00364575367057617,0.000857342416099845,0.00321012010666958,0.000847278933378583,0.00360099516430092,0.000902012205396111,0.00062484196499319,0.000802603915342607,0.00333572335217305,0.00322018757530605,0.00363718609277913,0.000894795184568854,0.00489001132549322,0.00611299764993648,0.00619987652511234,0.00615065669479407,0.000880818241851191,0.000691202169446864,0.000881535764994273,0.000858117603028436,0.000928025562872843,0.00345875307072227,0.000943062361185712,0.000928786330762809,0.00330265851411191,0.00343721305844161,0.000951956244595493,0.000730065162107295,0.00070402863107469,0.00380584321074976,0.00183710555425736,0.00330911500862789,0.00366288424799216,0.00102177274369672,0.00351148204420877,0.00393665293908383,0.00670838258210749,0.00402609861659491,0.00390252272103726,0.00319654507952156,0.00608157482861212,0.000621129815590571,0.000683941458371313,0.000614009872561013,0.00596818074232385,0.000850033863902402,0.000702927445878848,0.00323423999821426,0.0033981356164708,0.000613016013185995,0.000723909089487345,0.000849670093668087,0.000712973321249292,0.00319712068571461,0.00296330771436348,0.000949668057340631,0.00569328971832587,0.000802106762786423,0.00362399439131756,0.00116208290872945,0.00620718106782507,0.00359027777286649,0.00568521105747164,0.00368815533944868,0.000717257971526858,0.00336601541496442,0.00224421887453258,0.00241385173496817,0.00396120307142867,0.000698761624559211,0.000732050855749287,0.000669803230980415,0.000765593180214947,0.00159323585047447,0.00634612751049561,0.00342802944045658,0.000603184880199668,0.00348870408162385,0.00075151220161728,0.000628617719464265,0.000732079655498822,0.00356487840299805,0.00451375083292218,0.000635503207172354,0.00515066933918618,0.000614344647944745,0.000823939658088193,0.000724937628656307,0.000629096806059608,0.00344415828973945,0.000730472267564915,0.0007119349626132,0.000825815197562369,0.00390200953705845,0.00390247455937481,0.00613186239221754,0.00634535463686948,0.00519042229083912,0.00606696058074854,0.00385425615995362,0.00391319104336227,0.00110789708545281,0.00392928555253718,0.5,0.000878916773538055,0.000762833024318476,0.00086081940240865,0.000724439312280276,0.00379241119892048,0.000865294798260732,0.00103092299505679,0.000796737604945509,0.00404624966809425,0.000725341908951604,0.00397120535665166,0.00402831250167044,0.000779163757117798,0.000919626972457284,0.00102585144127477,0.0037176447720835,0.00101657058013218,0.00360848447073853,0.00409001339079158,0.00380852946222119,0.00101134450601613,0.00612621382929347,0.000679318066373194,0.000663114712027871,0.00396569313434062,0.00376662470928194,0.000691606720137771,0.000809195659961873,0.00402472322983257,0.000907712903172911,0.000778289489249274,0.0039284995013558,0.000860762982024572,0.000854505969655801,0.00331889405822183,0.00400168514075154,0.00361291033123531,0.000805748872185963,0.000728218734182476,0.000946181806835141,0.0036840865564906,0.00117046357189075,0.00407765383381184,0.00396640924353926,0.000723749142819391,0.00407026902683981,0.000756337641141041,0.000608727912946602,0.000676093182500782,0.0038455303092584,0.00119086978239076,0.00674744883620307,0.00403491739461342,0.000692762630269617,0.00390006226602685,0.000871371265631836,0.000942123571090124,0.00372995504584891,0.000975659364822482,0.00416921465092374,0.00124445537471603,0.000904442519465069,0.000631375612138826,0.000668517102732826,0.000615112034209101,0.00371422006681476,0.000838229595527761,0.00373405323179718,0.000754449261270601,0.000862631565471505,0.00324185888569609,0.000834278066749316,0.000766385643144676,0.00104823651933824,0.000920278984686564,0.000926260277519423,0.00397718790871711,0.000825470042874674,0.000858431387386925,0.000962253762826449,0.00398203876160371,0.00347328852668894,0.000843963367680825,0.0039124612950451,0.00104217225905212,0.0038917020285055,0.000876786651059895,0.00106413102512995,0.00082874129588723,0.000819300494850523,0.000598371564153932,0.000641456959554735,0.00416965038126001
"DU0059",0.000924615607629417,0.0034786646224004,0.000828236682618753,0.00128996600874108,0.00103951627516414,0.00114471638876837,0.00112724362016737,0.0306339569430872,0.000986248433151092,0.00352529943206695,0.000875321629190074,0.0035742284673105,0.00342576862938943,0.000982887639227546,0.00110184106663069,0.00205530881395108,0.00373325368099795,0.00491174847821324,0.00101303921304019,0.0145284030574593,0.00104831870424892,0.013726523851461,0.0034881410262796,0.000737021629373211,0.000687667053041419,0.00329655852610541,0.00127418851347537,0.00105018349956675,0.00558025864931316,0.00352083377572401,0.00366558140258466,0.00348069580232737,0.000959855329273868,0.00101113543727178,0.00218610489099217,0.00216530447411601,0.0011146091422406,0.00111812575287337,0.00101706920389747,0.00107385453946576,0.00084743912192211,0.00117039951498028,0.000886859506144986,0.018600095165867,0.00127288770389787,0.00129843005417135,0.00117990462257453,0.000977370450433163,0.00336949226310707,0.00123681666930569,0.000717571656853482,0.00126842621677805,0.00121703188987045,0.00103256860386557,0.00107674709865998,0.000843576596767624,0.000815946161461461,0.000856867479409063,0.000874241945373257,0.00359262577794702,0.000915833932783574,0.000906235966445895,0.000935180379006254,0.00103038795606935,0.00337550531209196,0.00100791828283557,0.00201956338925944,0.00114496196505974,0.00123738597605981,0.00089871756946206,0.00111040416675073,0.000988371344586776,0.00111017663713959,0.0011166465510719,0.0158884792220523,0.00218736316105546,0.00352099954886401,0.00346325272345815,0.000967037638576223,0.00205229591523094,0.00219191988936619,0.00386984027009456,0.00354254284445369,0.0010326068645426,0.00097074222313067,0.00118498014900648,0.00186307662538845,0.000778833159908053,0.000801087581476415,0.000952324963109749,0.000817476974146266,0.0010995266431292,0.000920809994274479,0.00347804961803268,0.000910025638200846,0.00233488377790439,0.000981678789886744,0.00107201188876688,0.00104932845094017,0.000854223010749606,0.000956952712429255,0.000974740098378188,0.00333251958691042,0.000768316822537365,0.00315765103198995,0.000811216015027622,0.00119011115358362,0.000960419643064993,0.000948043851544894,0.000743238535718868,0.000999466399573427,0.00129862678971036,0.000825769396635795,0.000942258671239974,0.000899166253122209,0.00292725281854826,0.000942088642541736,0.00292984017209968,0.00314366613355623,0.00185236145730321,0.00086039439282182,0.00183825342632632,0.00101181992597804,0.000878916773538055,0.5,0.000866256066410627,0.000846909648367153,0.000996145907994177,0.000982743317987501,0.000933349339280241,0.00175966999542532,0.000974019374333793,0.000818844839524333,0.000918196526177574,0.000979829994684805,0.000811848408356426,0.00328013169069602,0.000752372640380276,0.00334285037159214,0.00085258865082686,0.00355305407850852,0.000941537269303482,0.000969957658789012,0.00208451451553799,0.00334566508164518,0.00100076411325914,0.000789858344398487,0.0009214621990717,0.00100035538768048,0.000833547755210216,0.0343745873181823,0.00092867395220153,0.000854475105312304,0.00324685567008587,0.000908774470804256,0.000932486820258812,0.0110939896255593,0.00105694714587518,0.00324268736567542,0.000910974716133813,0.00304409002994101,0.000923364570301142,0.000947672513404824,0.000887157922986216,0.000954962362331787,0.00095679293688836,0.00322550102598278,0.000952219861151567,0.00102925512834457,0.000838581929699917,0.00208620818927629,0.000903640427823688,0.00114078986074607,0.0010164639379002,0.00211276569451047,0.00083966027453938,0.00087255761623313,0.000746333210069504,0.000915799955335809,0.00103178148287489,0.00333685884545957,0.000943248052939053,0.00102507849817853,0.000824998293348637,0.00117359663441016,0.00321625108193889,0.000966021893587902,0.00102315762304974,0.000792902819225002,0.0010635133221303,0.000716103208643922,0.00083095975029262,0.0212777875326005,0.0141401965259432,0.000671978183421918,0.00113530984404022,0.00209078161167687,0.000838540966100704,0.000974277968532052,0.00791448452657931,0.000889010931804465,0.000953663636186187,0.000957552932418344,0.000788053727152561,0.00079932092968377,0.000886864247024965,0.00344019967142433,0.0010020686204564,0.00337218868203795,0.001075137104181,0.0154033767185238,0.00107041100850352,0.000778476573009314,0.000770147139787955,0.00114408596243469,0.000959214799918821,0.000949096196151764
"CH0028",0.000964599018531589,0.000863606919251139,0.00423622605659405,0.00382415625179898,0.00795378157885569,0.00417255856180036,0.0033053273421074,0.0020625493775397,0.00100441239667256,0.000740111235331899,0.00335849285629306,0.000784947725823996,0.000788307882751092,0.000899115796365742,0.000823816042461334,0.000585863776411094,0.000773827521745347,0.000835127256962015,0.00476761337578441,0.0010971926191899,0.000966739401925276,0.00107899542128741,0.00087483971693454,0.00773202077364298,0.00537996325594759,0.000927463659698535,0.00112053615158937,0.00385853245748102,0.000762421111133293,0.000989952750800864,0.000718567936668028,0.000894854856931031,0.000935823495833847,0.000878636160032018,0.000779344605450055,0.000830225488105675,0.00108618201739491,0.00121325044938063,0.00178129570630805,0.00106466848697827,0.00572755379917865,0.00105512354191402,0.00305072913520631,0.000937942817928607,0.000968452435487222,0.000998228510447461,0.00162470132437719,0.00547977655673973,0.00180544110146066,0.00206983018402138,0.00254869821624204,0.000994588334850504,0.00117537531056505,0.00107144069289625,0.00335110375596981,0.00276211294652301,0.000948559539146152,0.000982457509113963,0.00102065103578885,0.000838533390034008,0.000961022817660828,0.00256767467906527,0.00220944782433594,0.00757578667917059,0.000766752174467049,0.0030418700015916,0.00335738012394826,0.00427003275667098,0.000955433481151208,0.00307986546310795,0.00506533232181037,0.0062645933753762,0.0020706439735183,0.0013116759423599,0.00084774271219983,0.00117873471811922,0.000738198177728576,0.00122984369003377,0.00256391421384064,0.00091478920844926,0.000780854003783614,0.00072585940983313,0.000739486112272833,0.00109285141206814,0.00117009864536656,0.00107704025962209,0.00304194114337071,0.000992207150548843,0.00572893734491076,0.00127656516440728,0.00240976591607844,0.00109152765665436,0.00326784528493276,0.000566671036765222,0.000993441767405901,0.00105415107813977,0.00217718483198032,0.000934256530357206,0.004692816974339,0.00528847960507532,0.00552708153205701,0.00101161074576587,0.000675326818986911,0.00473033982500226,0.000647607700040811,0.00240889717498502,0.0069197664177117,0.00525075275557599,0.00527781756236069,0.000973227117382966,0.00400941765295313,0.00170886141419201,0.00444280049130074,0.000809806374375534,0.00103169404943869,0.000657701151617536,0.000708637471219639,0.000649380207148569,0.000645034619387277,0.000781185027346282,0.00100758209369954,0.0010881237224172,0.00364448441214487,0.000762833024318476,0.000866256066410627,0.5,0.00385119832585148,0.00137935196723377,0.0036250438115099,0.0010255455100458,0.00592803173100113,0.00575780695136846,0.000982561778032541,0.00478328692966294,0.000775251753903358,0.0011264361335507,0.000926555074786299,0.00397875904814695,0.00130521215811073,0.00282598172211817,0.00121682160375404,0.0011304755850531,0.000823350242543533,0.000763250727308358,0.00104883256757864,0.000673880783541691,0.0140152543866447,0.0024382013528391,0.000879410479241153,0.00310615208397971,0.00195546132558656,0.00709723154337672,0.000807899387774622,0.00569215582944741,0.00549279168842844,0.000825657486775499,0.00141838767215991,0.00196041461824444,0.00084712913934963,0.000950418471346449,0.000823025072520256,0.00364211041253027,0.00807325405046319,0.00158347392603761,0.00135885782252536,0.000977084300124526,0.00061118081424152,0.000822251728297023,0.00215605038736495,0.000796467803786729,0.00427282965765483,0.00211298784984086,0.00223593605106682,0.00353102166252095,0.000916914641585063,0.000805738950845591,0.00106384705777016,0.00497535163085763,0.00099912353817822,0.00132089654132763,0.000955868716099762,0.000957478894972102,0.00100887585716024,0.000793835659041226,0.001304826748523,0.000897525065902185,0.00455986810964487,0.00138425660449774,0.0165409587340793,0.00111257022240529,0.00539856643618019,0.001966662212591,0.00101504465135887,0.00349393635832706,0.00409374271461005,0.00139214225451321,0.00103810621221159,0.00575925397507771,0.00490165879638975,0.000905735387430183,0.00278764908464404,0.00817667273217564,0.00176239166560282,0.00125367715238906,0.00360378290518194,0.00553465083760677,0.000901312121667945,0.000907272459548385,0.001251353500989,0.000909084210481013,0.000944902926502748,0.00124735711627374,0.00209118224801267,0.00382381201065595,0.00344944497099441,0.00506331015372886,0.000802065458214116
"TT0008",0.0011395024909615,0.0012049721468069,0.00409897024488051,0.00141493255909091,0.00133968758932354,0.00396090209617946,0.00586216467823164,0.000995969540918691,0.00548243549553452,0.00100122118642392,0.00831175580844721,0.00102247359688544,0.00102717703776177,0.00100915203073482,0.000984234131882147,0.000759803631438901,0.00106053515808691,0.000892882927290361,0.00115966719182586,0.00103093228335996,0.00390954194819367,0.00105823075609418,0.00123814230426565,0.0012220688560532,0.0010529859962187,0.00542675900854203,0.00553179478076103,0.00820181353737317,0.000836038133825321,0.00122292239801903,0.00104012656182985,0.00511550879061409,0.00369293419114384,0.000996397808520193,0.000956230974042862,0.000917267539312146,0.00518672816755045,0.00562246645745523,0.00119044712536101,0.00576086599091264,0.00123402140179989,0.00131110171520562,0.0012891526958526,0.00105838357551549,0.00120144689475422,0.00114040316445453,0.00117372868086417,0.001082119727757,0.00107640871451838,0.0013189875135581,0.00121131533315985,0.00120417475162362,0.00116459454488387,0.00490934904319415,0.00131953449244841,0.00112543866777961,0.00117405847967778,0.00190267143503211,0.00554194919927953,0.00122347267393507,0.00124448544766741,0.00125049934341384,0.00112565167415623,0.00109375276353781,0.000957188429090798,0.00113249161178455,0.00106152543157839,0.0041907511012763,0.00123932398316599,0.00130242027623058,0.00120430314940048,0.00120917424691589,0.00112219583260313,0.00119221147270213,0.000912081884883437,0.00142980925952561,0.00099896649274469,0.00150248175401711,0.00103270840674295,0.00573987854447029,0.000958047554143495,0.00104063866039988,0.00100177084117046,0.0011769306885126,0.00548956663267368,0.00117056444232605,0.0024433375831609,0.00180308638001763,0.00100066127842688,0.005769848323706,0.00634623671777067,0.00588536703201631,0.00681423568922815,0.000725567807471834,0.00101855774957795,0.00114862974482323,0.00113389515263814,0.00382502417903762,0.00108156410729655,0.00226189813257977,0.00113707114050284,0.0040264496276806,0.000993488722864633,0.00232560011768035,0.0008552949690362,0.00123536920801058,0.00359263974589119,0.00117152016021052,0.00359335236024009,0.00419589776607156,0.00888176885473019,0.00105785581226566,0.00388296373903096,0.00210109026323854,0.00109542882643806,0.000837395524209302,0.000834499622751626,0.000867219872933811,0.000850065231759887,0.001089430599439,0.00109417218721334,0.00555310343613918,0.00237169660581249,0.00086081940240865,0.000846909648367153,0.00385119832585148,0.5,0.00528586260634626,0.00336940733076076,0.00387166594979741,0.00377382458161794,0.00136255939458971,0.00111069646458205,0.00119214611921794,0.00312732221509552,0.00113033953490836,0.00525316475022509,0.00373158613037165,0.00115897957565684,0.00110956189461646,0.00102434986959484,0.00107635555038186,0.00217802458124175,0.00102455736405742,0.0013858596884991,0.000883536759325417,0.00148141924267812,0.00116688741696152,0.00106150440642535,0.0032942133737782,0.00102953167710129,0.0012346961310147,0.00319634607196072,0.00108402101373673,0.00115910181492229,0.0011135017138006,0.000938425508040103,0.00575870315405342,0.00507260732447234,0.00175764912260842,0.00156012279613101,0.00482012334484925,0.00247869747576299,0.00133750951828023,0.000979311048058305,0.00656711077557773,0.000893410842231868,0.00333206854227836,0.00120530711950339,0.00116248804397511,0.00112808735868108,0.00128930168289403,0.00108989439372861,0.00223138250754481,0.00525519745975439,0.000933344426094444,0.00154214366841276,0.0011747179782854,0.00111401242492437,0.00169618617411793,0.00167860015446255,0.00160652231449167,0.00325884393174034,0.00321550829620147,0.00391170159994367,0.00339118136612025,0.00326024664633369,0.005132738806035,0.00166645157243351,0.00101917706891499,0.00133014205558174,0.00215613195504303,0.000944690066521355,0.00370512154815127,0.00322396047682313,0.0015893173325025,0.00559773577559314,0.00359601646434512,0.00125071228195034,0.000944783847881679,0.00231898680058321,0.00395738882522485,0.00128004909281131,0.00413613463438918,0.00412223861195181,0.00093048378189883,0.00508703783518954,0.000989945897495943,0.00116224578344987,0.000990150705101876,0.0010617357077292,0.00145535925443619,0.00622695768775094,0.00668646057598717,0.00126868925819213,0.00369623546509985,0.0022310126679107
"TT0009",0.000948579638310476,0.00103384176415252,0.00126981387546941,0.00110067600952184,0.00316555782397527,0.00105070118328677,0.00620523688710793,0.00401122265630176,0.00493446838591569,0.000829638246368443,0.00546475004717493,0.000852086628712729,0.000853104039047385,0.000862189143423288,0.00083116110266556,0.000668992260890527,0.000909666308229725,0.000799016261881771,0.00105617610401001,0.000744972042084136,0.000981186809632253,0.000776024412397422,0.00106346416369426,0.00144035437762445,0.00119657424064748,0.00524559174123327,0.00667506453280538,0.00533687336376242,0.000798925667350729,0.00104846167314484,0.000865078132185231,0.00339952455689839,0.000903955847525945,0.000836216477864134,0.000821611549205173,0.000788668991257883,0.00451742373031282,0.00583815874034984,0.00676575251723163,0.00515814781210448,0.00120734287952183,0.000961445291880034,0.00114604701574411,0.000777012815432856,0.000946864902007355,0.000875400856964007,0.00107913567495211,0.00144618535210211,0.00123918966019797,0.00124303263668073,0.00137152045190156,0.000937547803221812,0.000990125180596746,0.00488636757975466,0.00097526099586761,0.00103169732877544,0.000948850680389872,0.00422605384922131,0.00542044960039059,0.00103810740564346,0.000960949895204541,0.00355110467224352,0.00419318781331329,0.00148607444102743,0.000798600387795317,0.00500410110460166,0.00126786739335869,0.0011042988174073,0.00092124275228695,0.00147110447128432,0.00332109113295858,0.00126958592033144,0.00121396294868508,0.00612185479496961,0.000690005873659771,0.00145816814987624,0.000827703211282661,0.00175540858444168,0.00102230001925275,0.00593966056792266,0.000823229460787448,0.000862699353664854,0.000829918939033783,0.000932106728156246,0.00756028088192502,0.00107516414899552,0.00112966359935349,0.00399684196536634,0.0012195254422613,0.00818291566246123,0.00581871910795034,0.00565962278347106,0.00548776552356074,0.000645627844289301,0.000836988572772004,0.000994941241033333,0.0012399179310988,0.00101224170242975,0.0013273753137906,0.00138464346272464,0.00662492112866642,0.00102280761246009,0.000831454225856216,0.0013451840367593,0.000710195388825896,0.00242399859085676,0.00117738692926766,0.00695156013686239,0.00139712721016759,0.00421849328203915,0.00610821458723312,0.00126651954913166,0.00116384064389131,0.000772393040111961,0.00404695362226713,0.000688979246605051,0.000705119980024354,0.000706430731848537,0.000702608482639999,0.00285597965629197,0.0034497028182937,0.00628893826618924,0.000934261140634965,0.000724439312280276,0.000996145907994177,0.00137935196723377,0.00528586260634626,0.5,0.000875638564419471,0.00512892304232415,0.00142369443594497,0.00127413991390749,0.00165003745099256,0.00893844061873664,0.000752415745920984,0.000889027017060132,0.00507360241100012,0.00120583957119554,0.00116192502648823,0.0010289430036471,0.00106603305661225,0.00630217020627002,0.000961507706206892,0.000868847729606311,0.00137777206037426,0.000715054159187182,0.00441703928249784,0.00880095797543053,0.000785820595774759,0.000807922739141973,0.00120368652510785,0.00112069769614508,0.000766468794353315,0.00124089109660764,0.00869686519260753,0.000830620795188143,0.0010472925743863,0.00547389989090533,0.00327095649976468,0.00283877676036339,0.00378332803225305,0.00487658257555772,0.00146214830120541,0.00119038672083296,0.000986903028703291,0.00348188872243619,0.000724502768607195,0.000829376562914016,0.0012897403639637,0.000827441319379719,0.00138690664043372,0.00142535596763962,0.00121890485788801,0.000889533418016445,0.00524018693006777,0.000783589821620079,0.00151875117218253,0.00126816822356169,0.00397821915400663,0.00691896936535248,0.00281958962626881,0.00278823178961009,0.00437009145999396,0.000775329532969155,0.00134027329056391,0.00454041732451895,0.00284006656479031,0.0118857230795547,0.00194025621382206,0.00453879845012205,0.00118570413685942,0.000861620658958736,0.001493546297778,0.000833914193442365,0.00131588033498793,0.00479607450823738,0.00550328304787071,0.00121028283054198,0.00110614244590621,0.000987820540896077,0.000945458539941963,0.00127643023021633,0.00378222951462703,0.0054835525174782,0.000864447869490158,0.00117460566647625,0.00448179485525962,0.000762651032613678,0.00118775724287289,0.000773583734603666,0.000810346496933232,0.00141611081187442,0.0058627152624213,0.00514659080832311,0.00141797231754818,0.00143004423099566,0.000819199001331336
"TT0006",0.00341341650480357,0.0032428613658697,0.00361469063170153,0.00626528245686489,0.00313712267118103,0.00656618940272445,0.00104270910091533,0.002842343351884,0.000882810596880327,0.0033010472838775,0.00199325807230869,0.00346709315328098,0.00346668321015626,0.0033320579794175,0.00336840934642931,0.000876923444337693,0.00334018399219393,0.000881217189371822,0.0011480058368485,0.00102113504549872,0.00355073251794358,0.00104265512622704,0.00314099598934265,0.00208229977168478,0.00103468860961505,0.000848179790531298,0.000819896500931378,0.00395357106479281,0.000788441189441571,0.00318626168570831,0.00330605782374242,0.000865336927831025,0.00349986448652509,0.00333402229562058,0.00335255702764307,0.00333232394496909,0.00101635650670616,0.000976185365378263,0.00096480577842381,0.00100306786935609,0.00111428041569025,0.00352103247253313,0.00108165339155149,0.0010591141787032,0.00337273233296964,0.00347899360090013,0.0010694331067469,0.00100869441331693,0.00104473754603212,0.00467601248347226,0.00109907918436164,0.00334859734454625,0.00360961650660419,0.000980779415756433,0.0036448400054668,0.00100316697037505,0.00339049190840697,0.000876025836937012,0.000894517594608373,0.00309239086362384,0.00335792977049936,0.00113009712404079,0.00112740639227496,0.000921377005163461,0.00334172870769361,0.00101097498732808,0.000867555504319826,0.00609442172477657,0.00340324599631195,0.00199884205213551,0.000949489246361308,0.00107836965788974,0.00118054922674949,0.00325553956350202,0.00103462206177029,0.000882401289130085,0.00329674692263266,0.000691341345993554,0.00101448751000395,0.00101815379099248,0.00335769152812809,0.00332310180061452,0.00330090743777945,0.0035947324507917,0.000812132963344408,0.00331687700050362,0.00112440627479907,0.000940498230651381,0.000974498634394144,0.000898433346035906,0.00321276492069912,0.000784447289892744,0.00100464538999178,0.000868136507026787,0.00352735794181156,0.00336617587693549,0.00202835807368442,0.00345228080724058,0.00108108132253057,0.00336208340544548,0.000987611177200133,0.00354049441167666,0.0042679929176483,0.00333418061583761,0.00388968770907798,0.00108351281260439,0.00413289342446481,0.00100764434788901,0.00381075046298962,0.000889685933851895,0.00307729781670196,0.000726187761551304,0.00331752306414912,0.00388233153303366,0.00383227323108682,0.0037843011948676,0.00377974977318002,0.00389004792916431,0.00387301875105137,0.00379354593894306,0.00392627553212842,0.000953199150154765,0.00699884368154037,0.00379241119892048,0.000982743317987501,0.0036250438115099,0.00336940733076076,0.000875638564419471,0.5,0.000843899822185957,0.00110070962265703,0.00206069686914144,0.00404026691559568,0.000978732190671083,0.00388739346894853,0.00495259304791119,0.00082098227460091,0.00383405889433537,0.000930982307965812,0.00101957836167964,0.000890063363102329,0.00363727372957577,0.0040240670780954,0.00372893690959243,0.000857300824936189,0.00388695656494113,0.000844016367653448,0.00104368806400706,0.00398082170050404,0.00482760743973716,0.00112385649631442,0.0031511018288843,0.00394210744668771,0.000938918860148406,0.000939439769416457,0.00390930537443184,0.00136573575427655,0.000980474725143397,0.00100298421340037,0.000848303116022703,0.00097663831680303,0.00344504056994632,0.0046440161861859,0.00192384749891544,0.0010099046316337,0.000926832047426024,0.00376315759518808,0.00393975869379071,0.00120378331247306,0.00397425166551798,0.000970214232725902,0.00113115728971086,0.00115583214743677,0.00687113006844046,0.000980262415581305,0.00382846664460217,0.000924672428176434,0.00322456894681874,0.00387338707524393,0.000887091423554783,0.000823332395420899,0.000888110184461021,0.000769036071342611,0.00387817115961714,0.000994036552838303,0.000798658421856876,0.00406743088352029,0.000868237065400409,0.000982156990484077,0.00378429054740342,0.00318988310777915,0.00471990421096467,0.000956197861017332,0.00356001588251657,0.00104525930891015,0.000955005988839423,0.000821627023073555,0.00114353945476792,0.00112618843868946,0.00127213060204375,0.00404267284520918,0.00380796532927466,0.00297746440894711,0.000913944112311585,0.00634579926031997,0.000999071394017077,0.000839346566925292,0.0039347951340664,0.00091157990409943,0.00390776492254915,0.000959962053729054,0.00103749518910543,0.00168709504037112,0.00326159392110111,0.00328499973322809,0.00367107336288775,0.00403605359168521
"TT0007",0.00118098285032764,0.00115839983477272,0.00162941578319877,0.00115879226228742,0.00106069831374722,0.00100456107174769,0.00371844242364485,0.00101251491714147,0.00613919636084303,0.00086207290933814,0.00603943485724237,0.000846186478571423,0.000845681444030499,0.00102411848688295,0.00087753983419095,0.000769975079147188,0.000930686567487005,0.00216531806319115,0.00103008366216648,0.000805712646486712,0.00212567655990718,0.000802743966566417,0.00119061801724276,0.00105484579780176,0.00111499856714068,0.00551722003260494,0.00715197202372107,0.00581317316620358,0.0029740147663948,0.0011537427261361,0.000892437294112499,0.00314576275713689,0.00096581148752014,0.000936915575847518,0.000886950018191667,0.00087029924941729,0.00315004469450965,0.00364813824160249,0.00152445274006508,0.00443768172555829,0.00193418745846605,0.00204502998273049,0.00239699164454481,0.000831259206005967,0.00103801186973788,0.000963399093449717,0.00139316128203882,0.00102453793356248,0.00128137293144349,0.00116882279830985,0.00378235565588781,0.00188023813878635,0.00109374963201341,0.00628043827121481,0.00102489413814279,0.00141775722893805,0.00117354513205456,0.00573946290116129,0.00561045128297307,0.00117542772244007,0.00115713786280909,0.00132086407194656,0.00128232636006009,0.00113467442850681,0.000838948798156766,0.00133582508767792,0.00111364007239616,0.0010480793035453,0.00193152752861626,0.00699484683131755,0.00114881247913034,0.00112911588082941,0.00116955587812519,0.00113447624884084,0.000698221352574845,0.00488453844587706,0.000865055334718379,0.00200804586752626,0.00126230152704766,0.00506997777400599,0.000888652777733562,0.000926828200818794,0.000867440540177076,0.000947683542402904,0.00570128419696788,0.00113292718906122,0.00135632095358181,0.00631425534798821,0.00106948838073094,0.00507965975968841,0.00556618311708832,0.0102361436734139,0.00629908087404802,0.000749262267945794,0.000942210594239652,0.00107894847491867,0.0011926693866771,0.00207742035179189,0.000988248785793297,0.00105689004975036,0.00110302539525479,0.0012640284144501,0.000883251349514525,0.00116286562278024,0.000713333775108436,0.00445833442487758,0.0011597649586335,0.00108765074880737,0.00116448439940218,0.0056693716202611,0.00510732967170182,0.00131568040094558,0.00213319790744518,0.00167185333322323,0.000987990740187496,0.000730711792317021,0.000774048227767492,0.000707050549744898,0.000706365494767094,0.000970831293053543,0.000910471278223441,0.00572556780481085,0.000902204044931249,0.000865294798260732,0.000933349339280241,0.0010255455100458,0.00387166594979741,0.00512892304232415,0.000843899822185957,0.5,0.00100801012641297,0.00752284110723076,0.00184036755738746,0.00113527887398752,0.0015980962408729,0.000966036532610052,0.00496079653178294,0.00155026430829176,0.00154679161771681,0.00140116662191014,0.00143547157854049,0.00100138451629568,0.00506470439714007,0.000973581970424922,0.00441823725850962,0.000724105916485283,0.00189776620690121,0.00124428524754084,0.000855556680659748,0.000812761913628069,0.00116879279064336,0.00106671441714203,0.000843029338794746,0.00105228560509427,0.00114414071349119,0.00180552024404228,0.00471160590589174,0.00626015372777002,0.00293587503358364,0.00529676342471546,0.00502945868897885,0.00559249288821918,0.000984576692917225,0.00165396636982364,0.00136330862895139,0.00335133940022374,0.00076450777368024,0.00174124906603874,0.00213528922407584,0.00193862020533997,0.00113289052758696,0.00430406317460977,0.00116092101643879,0.000837207510849257,0.00316310194036929,0.000968882053658854,0.00514682176244605,0.00101279933546336,0.00102299411182068,0.00497741565839769,0.00522534674454224,0.00528280451620511,0.00908045125847552,0.000996030777745957,0.00325510558979855,0.00584350591929116,0.00114410886860447,0.00474562347103918,0.00169695270333165,0.000907027210461059,0.0014357109120457,0.000939541648239773,0.00159742561199013,0.000828770118635791,0.0011602111813036,0.00492438864380698,0.00552901145289727,0.000991668588826867,0.00197586285062402,0.00823906482969591,0.00186318989077764,0.00105384269924334,0.00153701913598395,0.00722225165771676,0.000916352308946425,0.00097234595092081,0.00321551500495153,0.000809822101174598,0.00160241762897869,0.000825142202092424,0.000843216924955755,0.00480632443030503,0.00556513119253273,0.00595470289783693,0.00132177041008315,0.00117844478756177,0.00188165673489404
"TT0004",0.00116420743566634,0.00105154461064369,0.00128999513372961,0.00119913334961258,0.00554156417977196,0.00131076267707346,0.00112781017912208,0.00111383673451522,0.00104231701320338,0.00113545230979828,0.0011437239211248,0.00242589111134703,0.00246972250586592,0.00118102885500831,0.00373795105264704,0.00498586422131882,0.0023159011609698,0.00089818333879125,0.00440356406885442,0.000900498698921789,0.00107049562006543,0.000907400706298991,0.00106304900352922,0.00744478999734089,0.00543813772706685,0.000998830706363179,0.00114357585207598,0.00113967688830624,0.000884835113765096,0.0011146635517695,0.00221722293124753,0.00104125705489355,0.00247175725180468,0.00387077556394794,0.00121827506670437,0.00236288029246747,0.00110781960439451,0.0010821396611096,0.00157900263923203,0.0010590810584387,0.00567745096941856,0.00101183595556208,0.00270307324749993,0.000865427474961687,0.000995291124315458,0.00107376028104212,0.00131773783399124,0.00721828701103267,0.00238246868555492,0.0011993447554978,0.00456190943226233,0.000989384500519904,0.0025734579873779,0.00106635978860925,0.00116116013146757,0.00157964268394182,0.00118794838801319,0.00109848142092169,0.00111626203672501,0.00100120258772862,0.00118028369713953,0.00411383533802097,0.00273296274720173,0.00509148182316062,0.00120747969946466,0.00176824765200972,0.00459656100115743,0.00124386122434117,0.000997358089229758,0.00286737215430272,0.0055472121775801,0.00640221049093977,0.00262271897809764,0.00139512422675911,0.00100876798137635,0.00108307167327759,0.00113229655630609,0.00146613953599048,0.00255764899887511,0.00364556614437565,0.00122085660320672,0.00217488562567747,0.00113411447051034,0.00378882281973824,0.00113308254970694,0.00118447756219795,0.00456279359202983,0.00104919260414761,0.00703390787708176,0.00126715821501074,0.00132167797884105,0.00110739985585448,0.00105482648151652,0.00466450364147501,0.00395794782237543,0.00111483944292443,0.00249474463497131,0.00100801402949078,0.0063174598542997,0.00480081164615307,0.00712310070755143,0.00341940221546293,0.00213960755613776,0.00393150821744717,0.00209175307134067,0.00405091011765227,0.0029474916119745,0.00689506349478733,0.00381191779533136,0.00105346670691304,0.00353840367958228,0.00195130628194564,0.00155112603994851,0.000858682536245801,0.00118346850316696,0.00106423438391831,0.00212997503825494,0.00217711150313125,0.00208829445614448,0.00100018297329265,0.00112213798757074,0.00359280129365178,0.00110850138113652,0.00103092299505679,0.00175966999542532,0.00592803173100113,0.00377382458161794,0.00142369443594497,0.00110070962265703,0.00100801012641297,0.5,0.00443591658684227,0.00207666344663813,0.0062962642359564,0.000918631531186288,0.00105059688419901,0.00100071860539525,0.0013428144471016,0.00114923136063802,0.00161843212962846,0.00112182453770613,0.00126790087883399,0.00094327257927934,0.000947675365532254,0.000993514081962493,0.00338890567811199,0.0023309794019472,0.00384174493092939,0.000966447502719704,0.0010325986559772,0.000988927055804439,0.00320520158439442,0.000949222898896588,0.00593423669293525,0.006521361734479,0.000883385876092028,0.000807033921073663,0.000956988312951084,0.00234099851929692,0.00108218977977799,0.00113240459417888,0.00115114039132597,0.0070641480272683,0.00118885154219635,0.00250841067606594,0.00112114578549891,0.000965345372264963,0.000900798907372887,0.00266122250758492,0.000891538510788849,0.00595880179576695,0.00239232758012927,0.00280563341861184,0.00113069615582999,0.00349996918099324,0.00100911055530398,0.00113194774320666,0.00468808828161951,0.00109871357761691,0.0013218543099538,0.00102231632796145,0.00216410181595686,0.0010423547288501,0.000957252675007423,0.00117788083294351,0.000969585881820885,0.00287695432666293,0.00143417420440648,0.00406998212144326,0.00115695713341539,0.00272085190890641,0.000962551421668923,0.00087696806105019,0.00196319914007852,0.00578392630376503,0.0011979769806015,0.00108326289151957,0.00816755836333742,0.00456145971573685,0.000851069901147401,0.000928205873974259,0.00520872041772825,0.0013545086722427,0.00390337070915235,0.00317745536252451,0.00820069288070516,0.00103746889752242,0.000970858960276731,0.00112222847918256,0.000959196705883758,0.000918810078375759,0.00106643718410803,0.00121647179119715,0.00330805535985182,0.00394351543875324,0.00417974874316486,0.00195139415835467
"TT0005",0.00103364093253416,0.000946904127524054,0.00607429738257567,0.00246565043227511,0.00696927361388267,0.00139245008125838,0.00146109389974948,0.00185683870226765,0.00406023936657648,0.000807985103025897,0.00140909348124579,0.000779699276902771,0.000763397852021702,0.000962202063054309,0.000824567422759386,0.000700598165279367,0.000786966721652602,0.00206904954888446,0.00649051557509065,0.000847141601014402,0.00096203541764992,0.000846614653079026,0.000965274990707033,0.00545820650388613,0.00615323825778141,0.00107081905968053,0.00503353255097539,0.00143854825663899,0.00221654637957961,0.000944603692475256,0.000771829236617264,0.00108571663754188,0.000945983339350922,0.000906505358589169,0.000785819485857127,0.000860710722888495,0.00114132562859633,0.00136542835907781,0.00506715762315846,0.00112156328057871,0.00554285008737033,0.0010589701815189,0.00619837224746434,0.000815402481834075,0.000982619152687574,0.000985225910865831,0.00550941893289115,0.00282109937243255,0.00161403041832017,0.00120548562076403,0.00261864062463191,0.000977723113764243,0.000945494014246298,0.00119302804463229,0.00111521846918246,0.0059203475967433,0.00104668650143974,0.00145902289761794,0.00116661150714933,0.000941409939827943,0.00105032086144302,0.00180781485225388,0.00175468449597597,0.00158580971922493,0.000808807374058711,0.00584228387612248,0.00136520988157743,0.00132577988323433,0.000936329680187826,0.01000305370145,0.00322246460474429,0.00536012671364925,0.00162659053310973,0.00112211471248593,0.00073334006073241,0.001836235448278,0.000806186551246999,0.00124799618748292,0.00549232310916655,0.00100788209831314,0.000787342080262869,0.000781108435905608,0.000808234364539998,0.000919897503942898,0.00135117242884286,0.00109850329911648,0.00635746205638499,0.00148866886756856,0.0045631412585847,0.00127789810127078,0.00235952591822441,0.00757421153683573,0.00131806581678495,0.000695222890715557,0.0010506548973871,0.00095705157371073,0.00274190396757973,0.000918380156587214,0.00166286504422089,0.00283370321154925,0.00309358335169449,0.00101906395525395,0.00071815186905123,0.00261459133751986,0.000650313702583621,0.0052835783291638,0.00744253482053826,0.00188317927374812,0.00270643765593679,0.00138043514779039,0.00137077927657673,0.0011842257500575,0.00592192630686942,0.000822997370946878,0.000877640942919869,0.000679927324482868,0.000721542938031014,0.000644114693970951,0.000651469792569192,0.000752844234649431,0.000885332624263038,0.00105378434235667,0.00187458928886871,0.000796737604945509,0.000974019374333793,0.00575780695136846,0.00136255939458971,0.00127413991390749,0.00206069686914144,0.00752284110723076,0.00443591658684227,0.5,0.000992598627925416,0.00175119967649052,0.000723238894689385,0.00316052049747927,0.00110569108434155,0.00647406948477496,0.00492395141711906,0.00602619407117984,0.00461354063354903,0.000930346786838349,0.00430479988019586,0.000801167114787895,0.00297829472897158,0.000657012436156983,0.00129389381702422,0.00162171380975254,0.000842232049521819,0.000944353225110789,0.00136985852574663,0.00685392051418466,0.000743946248423376,0.00516928770051191,0.00421738998791503,0.000859002229599401,0.00345475569056973,0.00114938742570722,0.000977977253190411,0.00132739996889389,0.00126931392496574,0.00229379581017588,0.0030927894618471,0.00603382514500834,0.00506508189475097,0.00116224896605078,0.00065801098705647,0.000779153648599993,0.00169206352913153,0.000800561451783311,0.00163040786140082,0.00546727299421346,0.00169296309934532,0.0019501035175281,0.00096323077327331,0.00083370490234569,0.00176307647448199,0.0018272400944201,0.000826700483268408,0.00161953394908857,0.00143742851048525,0.0015077500016802,0.00422010235289916,0.000791957504664391,0.00486979925713719,0.00115187585361468,0.00257856457507527,0.00126139094784427,0.0013794826899555,0.00167994435300417,0.00724611343381939,0.00104933492575927,0.0016322810878601,0.00101722520102689,0.00164949825557357,0.00272353049615737,0.00117516070008051,0.00587194403722515,0.00634769177182651,0.00982667659124317,0.000890452350716559,0.00716026359372429,0.0052567041200422,0.00134094049705537,0.000989195517978599,0.00433581440179981,0.00111568009021314,0.000819519746471144,0.00481820580190999,0.000821287073895889,0.000811733995623228,0.0019007059101236,0.00147392460537901,0.00222030551917679,0.0019854002155028,0.00282539973187491,0.000778437191280347
"CH0021",0.00363715933226645,0.00345920335027782,0.000960029976703696,0.00378027406262901,0.00208872999330117,0.00357943675677716,0.00363357372856568,0.000885971829055709,0.00119721141689389,0.00354190378057099,0.00109075322489979,0.00374569681718548,0.00374676897092015,0.00356030727959214,0.00364219950107869,0.00104369696067649,0.00359575219910549,0.000784767737685701,0.00110351646056083,0.000776647466393972,0.00385796233485678,0.000815906783681594,0.00334714540626837,0.00103725841751708,0.00110752112302437,0.000956551892252235,0.00103207335077652,0.00101370965838238,0.000796080467143024,0.00338640062600806,0.0035623675298125,0.00101020957007997,0.00371521225726004,0.00359070976346827,0.00359960626341068,0.00356790137556316,0.00108409516530147,0.00211280378152302,0.00293486241953213,0.0011127105033722,0.00215673448380044,0.00379415388724192,0.003557226309944,0.000857409711267684,0.00355355406912683,0.00366450114548373,0.00108149333547315,0.000943287427368167,0.00099388315144217,0.00758657916775666,0.000997788052833963,0.00360717219684633,0.00501011370255415,0.00101277144177692,0.00372053086639101,0.00102709073607075,0.00361543197890761,0.000923715618600192,0.00100880769649197,0.00328526226477132,0.00357726126445981,0.0031987148320474,0.00287862149082367,0.000862275128490523,0.00358625428766278,0.00113841805834479,0.000859997495929539,0.00354037348917391,0.00475774147906835,0.00100510480107579,0.00338048523569559,0.002128460179739,0.00108984017263639,0.0054155451312295,0.000853591708152937,0.000926029664135696,0.00353722399290699,0.00100897268147953,0.0019576452207091,0.00227761187442878,0.00360512554281807,0.00354812177778,0.00354161839485411,0.00384839435764926,0.00337648784586773,0.00352581342314325,0.0022970934149031,0.000995291101423289,0.000978568415744193,0.00308600820309264,0.00108637104535758,0.000909324948220404,0.00198674327182652,0.00103502709615336,0.0037801266862635,0.00358786549515959,0.00101187897600828,0.00372747938620094,0.000981165886318055,0.000945716362549599,0.00272749958931109,0.00377468259128865,0.0045705139512672,0.000971632848289079,0.00418367782831438,0.00300833236410468,0.00109054370416957,0.00111084420015875,0.0010067157971902,0.000947669364116174,0.00104841520957986,0.000929056183895216,0.00208676348386073,0.00415669818838352,0.00419312237529445,0.00405210829590179,0.00406023606629333,0.00418842648202652,0.00416690270926927,0.00509779173118659,0.00423507702956715,0.00210683042214164,0.00420551578855585,0.00404624966809425,0.000818844839524333,0.000982561778032541,0.00111069646458205,0.00165003745099256,0.00404026691559568,0.00184036755738746,0.00207666344663813,0.000992598627925416,0.5,0.00168407639804359,0.0041389759447754,0.00529307811726888,0.000938899447166274,0.000972596395020433,0.000952493019604619,0.00104331789434951,0.000930546497648894,0.00464070305456158,0.0042969125960307,0.00398122063838653,0.000910478571155729,0.00419632641002612,0.000961277142662036,0.00165829852399385,0.0041521907699733,0.00396682699949026,0.000842557345530029,0.00205730262709284,0.00414449577360943,0.00100136810692661,0.00170235217714626,0.0042332356605029,0.000804947106016766,0.00108249437926248,0.00120586534822218,0.000920637375749728,0.00105630320662985,0.000944335793442764,0.000971563452834772,0.00201702028545669,0.00105010386235395,0.00108080867370847,0.00402881429966588,0.00423391137264784,0.00333792496682383,0.00428970295073233,0.000938974715717654,0.00194491450508523,0.00108123898495292,0.00412045122624989,0.00215014310713649,0.00407937716801718,0.000978463113338774,0.000961334050966278,0.00510704589663625,0.00183888411350948,0.000899192742695036,0.000960474401702719,0.000941402904023694,0.00412685150223839,0.000968140645156224,0.00088311171863707,0.00103662651850144,0.00167835570813361,0.000852335879691728,0.004125472117468,0.00207014602449018,0.00490842639426694,0.00176453523434634,0.000764052945218634,0.000988023399570632,0.0019983953761366,0.000937362413116394,0.00115348939671733,0.00119894014393219,0.000767592540617268,0.00425937744445705,0.00105382281459247,0.000975581561492604,0.00349835036171599,0.00419266231464602,0.00102264933677601,0.000972350016047046,0.00411873558622253,0.000951538385984398,0.00408789867947858,0.000740356325030335,0.00102679989119532,0.00218137302261279,0.000955972188391907,0.000994157321389224,0.00102038730680929,0.00434928460854265
"CH0020",0.000927899000464021,0.000915073509965079,0.00118782236323429,0.00116215446068155,0.00539887000057442,0.00118466286956647,0.00199179921091824,0.00422985998993165,0.0012220332011729,0.00074476187928027,0.00117506261263006,0.000781425070954413,0.000783444347518083,0.000850218248801281,0.000815561026971997,0.000541810055418937,0.000783396752255803,0.000773942870307309,0.00163866641777557,0.000822218338059423,0.000936077188749194,0.00083531216885611,0.000933114745160085,0.00610977241796355,0.00415982086508578,0.00105730609778331,0.0028681955218036,0.00122831426187208,0.000736524630089972,0.000949978950790614,0.000730734234583241,0.000997531934019863,0.000900484728166953,0.000847474274607635,0.00076894681399986,0.000790486568134733,0.00110057705309098,0.00166890408749494,0.00784385108574367,0.0010608736367826,0.00452537274291993,0.000931730746109742,0.00136823186074649,0.000772289581165301,0.000939487541112073,0.000961964402083166,0.00116767496798886,0.00715677910051185,0.00276217138362233,0.00128396104400559,0.00497472551455559,0.000922636254652224,0.00104845876791458,0.00107755192480877,0.000988936539067269,0.00121489665152337,0.000921475342706561,0.000994403214766201,0.00105195979579453,0.000880264492538415,0.000924641109590379,0.00667094467434062,0.00643600363767674,0.00522710736023824,0.000757542232575417,0.00544995310303275,0.00477656563760072,0.00114292551812524,0.000909743025545495,0.00342353168789432,0.00623832562860209,0.00516050568679232,0.00383937995418619,0.00725075886613251,0.000656486678959558,0.00104238767868609,0.000742894940030382,0.00150788395039965,0.00113021357319763,0.00157049808653386,0.000770451814757418,0.000748811271278814,0.000744373804485675,0.000953577912392072,0.00353175934855831,0.0011340814800214,0.00134085643446159,0.000994874056761925,0.00561854611771406,0.00464290353236262,0.00137168329777777,0.00118738388812961,0.0011278956383604,0.000528441074716955,0.000929221465640934,0.000970422025600632,0.00302398833265062,0.000908699811848034,0.00648814300614018,0.00528199141064,0.0122442104529108,0.000910750716553578,0.000707673763498627,0.00445675226177457,0.000662879213029944,0.00625651339056253,0.00161832362868558,0.013177451398098,0.00433741965858918,0.00103298178660173,0.00174318378712583,0.00193535316552791,0.00131792146853625,0.000733436667185458,0.00475326219201424,0.000647908609071741,0.000685674262072503,0.000658038167816311,0.000655501108875731,0.00286143108309664,0.00358292120426264,0.00312217534131354,0.000962625931198056,0.000725341908951604,0.000918196526177574,0.00478328692966294,0.00119214611921794,0.00893844061873664,0.000978732190671083,0.00113527887398752,0.0062962642359564,0.00175119967649052,0.00168407639804359,0.5,0.000768385639688165,0.00091929719216426,0.00103513800060698,0.00124102993388059,0.00101169367859229,0.00124036232926875,0.00096706660160468,0.00755587483646949,0.000827415511814217,0.000806400286607079,0.000939956497235541,0.000683460848203749,0.00571541811839358,0.0128281667971526,0.000810605966207308,0.000888045707929331,0.00121306457853054,0.00176158738251071,0.000755323100965535,0.00471861317997731,0.0139739976117288,0.000780763740987576,0.000955827507746595,0.00102769397090566,0.000889825259930463,0.000973450638491927,0.000842651185703014,0.00126764089860086,0.00680933779778918,0.00109569462681778,0.000977277751945473,0.00103231360778332,0.000618752610456946,0.000784413350232319,0.00317774141967531,0.000758676938313716,0.0061489202498208,0.00289915674695507,0.00411324131903151,0.000997751848341399,0.00163728513725607,0.000772359908449591,0.000988988311499176,0.00508624686589008,0.00461743088622402,0.00751898095632498,0.00102624764832711,0.000979465716321665,0.00114084624392101,0.000760067609619899,0.000976331020445022,0.00101602278240985,0.00479207230282479,0.00927736819890447,0.00270509308953093,0.00502390677326633,0.00147215293898522,0.000879077602762653,0.00144890919466201,0.000894738926919646,0.0059260265062369,0.00456534615585183,0.00111633091241382,0.00450574817159583,0.00259283409125932,0.000877855188436151,0.000818433412287792,0.0041344191350956,0.00374720314478131,0.00119207618440209,0.000879466129956967,0.00561605699744381,0.00100650722047219,0.000829292352622659,0.000997156938167264,0.000837361521871733,0.000772721879649643,0.00103541842023763,0.00132106562100473,0.00120278558221288,0.00438851267095057,0.0046919021588523,0.000771419904569969
"CH0023",0.00365731089158988,0.00336631870013498,0.000844938147939337,0.00360537559660197,0.000715446563363688,0.00342933626216328,0.000765333250124862,0.000863361299531236,0.000967803238919517,0.00344569158646078,0.000956257089349932,0.00364061557844145,0.00364482698725277,0.00351895978629714,0.00352094587269745,0.000916168126048709,0.00348656045364563,0.00188402164883835,0.00332420295937167,0.00355050287426238,0.0062887340749327,0.0035628084541078,0.00325507361572681,0.000811021931147125,0.000949628074001695,0.000797598450954979,0.000734936628784691,0.000808192854904807,0.000931575527233055,0.00332007505646635,0.00345273559303307,0.000905040669106447,0.00622338988872866,0.00350164650926507,0.00350664765447753,0.00348298654484665,0.00312095919064185,0.000928647301043741,0.000748137061183104,0.00361118148948909,0.00309213447774559,0.0060062880912405,0.00203830905176951,0.00354027372596627,0.00473579696246706,0.00592790213909594,0.00315508942890371,0.000772867236018094,0.000797177755615231,0.00399242366207836,0.00189618298404614,0.00606597648293669,0.00375749549919762,0.00357059673566657,0.00492752727676019,0.000955712500802598,0.00467313126791145,0.000917163771892896,0.000937208945487788,0.00320661113970308,0.00611325254435447,0.000777626470266592,0.000818568036591611,0.000745649177607236,0.00349085124514698,0.000755836415386945,0.000727336119049119,0.00336207493189112,0.00625184678555391,0.000777580274679104,0.000709831592086969,0.00106863448616614,0.00317585928059592,0.00330794702098689,0.00136463126024854,0.000757536147749342,0.00344098341237201,0.000675625949098224,0.000880551522754148,0.00100928655751004,0.00351094773958665,0.00346673668948235,0.00344533024896237,0.00393894422881281,0.000682990351557996,0.00341611944535734,0.000929502048732223,0.00197858507526487,0.00090002055736862,0.000792249907272778,0.000854020264800017,0.000723907897159144,0.000945275601580752,0.000913909753300008,0.00373039791366512,0.00347877128255907,0.000875985297420863,0.00609389064848579,0.00379675656269377,0.000762278337699577,0.000764236246433908,0.00487179036189304,0.00441013366306696,0.000877578049108626,0.0040453554355494,0.000762521846880601,0.0007919559545005,0.000775107628991571,0.00079019365897375,0.000976737922313286,0.000850650583100755,0.000795072502812607,0.000790843812762988,0.00621041891020159,0.00394489181011083,0.00393336047096876,0.00392960158967038,0.0040604340874046,0.00402862939496425,0.00392344366815737,0.00403133781616223,0.000890873906058073,0.00402764608247114,0.00397120535665166,0.000979829994684805,0.000775251753903358,0.00312732221509552,0.000752415745920984,0.00388739346894853,0.0015980962408729,0.000918631531186288,0.000723238894689385,0.0041389759447754,0.000768385639688165,0.5,0.00414898655662965,0.000779656926668516,0.000783899253391419,0.00078887454509833,0.000947353560447779,0.000779882501741945,0.00368111742417482,0.00515899667919107,0.00385606500815408,0.000776489919183018,0.00405617618393415,0.000654698296457931,0.000766794454508687,0.00625000313116445,0.00402491221582872,0.00094649415634173,0.000742367425874521,0.0065939281806582,0.000817489392354503,0.000758418484531923,0.00424816340482885,0.000712513386639547,0.0032626161713499,0.00109084898588208,0.000907651542544601,0.00094243235029937,0.000800446105831116,0.000791235182542645,0.000957642773577995,0.000933312028063706,0.00345361591043645,0.0039092443284726,0.00611132638289181,0.00201323157495142,0.00625455073302839,0.000807654098556044,0.000802948440298676,0.00317679195812585,0.00394055732219455,0.00103307957116009,0.00404419853651849,0.000931754421876734,0.000945260045533217,0.00482150229361335,0.000733957444536704,0.000729871117939184,0.0008375592084903,0.000764979761291138,0.00610995816228144,0.00318407570312937,0.000759690193293,0.000795984490573879,0.000756339653812198,0.000655567276374214,0.00379092268313502,0.000763164927490888,0.00394118251045551,0.000983137276081982,0.00222436572435378,0.00288046918735477,0.000703364749788192,0.000765297984862582,0.00344892924710463,0.00107454425938495,0.000696585857050877,0.00512370295172547,0.000790196292396382,0.000695752345905214,0.00082826635013005,0.00504325831026245,0.000900140448960316,0.000870154979534083,0.00513397191751875,0.00079251548836577,0.006107142493037,0.00127869762068835,0.00211969325243044,0.000948256866759309,0.000823073594071786,0.000787682336137489,0.000796567987698211,0.00671413994803234
"TT0001",0.00362877083645057,0.003431090125457,0.00107880900341976,0.00676719346923003,0.00216901545892112,0.00602190973890665,0.00103650440761777,0.000861043668175963,0.00100895889645984,0.0035058254978911,0.00109018554107529,0.00368548348328242,0.00368601795767475,0.00353667065556529,0.00358033106994019,0.000940563666868305,0.00354395630434098,0.000875293641141674,0.00116206622813428,0.000803203086133811,0.00484372258244694,0.000848044218034412,0.00331915202078586,0.00384230966436202,0.00110670728836622,0.000874296530722638,0.000868320516288574,0.00106164617421333,0.000859116092953557,0.00336880129139232,0.00351257202920549,0.00091362321490294,0.00370731031172193,0.00354246443556608,0.0035619548892502,0.00353962305853088,0.00103344799333773,0.00196530973439904,0.00157912420466004,0.00105652786980367,0.00372946581879179,0.00383266333094318,0.00123698425599989,0.000895313433001477,0.00360048639909769,0.00371808365011513,0.00113318786273311,0.000929725777696428,0.00101115520585488,0.00668996901639689,0.00101689642635391,0.00365765424502725,0.0038222676006766,0.000980823051589057,0.00617475317738075,0.00103392981797341,0.00359668933260975,0.000903739226353911,0.000926853198922763,0.00326646954294953,0.003559992711454,0.000993404738021714,0.0010580723845273,0.000799860810552632,0.00355021254009094,0.00101860544552252,0.000812432802552678,0.00365647796325242,0.00464955565651852,0.00189579004141934,0.00300882920581586,0.00334064075699872,0.00114237459935443,0.00344229719999029,0.000835846397250502,0.000857472098418335,0.00350123620661926,0.000905844278470132,0.00105351620956512,0.00107459201601774,0.00356740482613191,0.00352854218546819,0.00350561807388313,0.00380594697651062,0.000835866536052219,0.00351195303061128,0.00114736221329854,0.000967646620022608,0.000989481049430702,0.000983022119286874,0.00178377214302022,0.000845580060057044,0.00196957134139715,0.000937737940028349,0.00376464398445217,0.00356000107963904,0.0030660027758151,0.00377633066728387,0.000985036734886662,0.00105527070711989,0.000968615772969531,0.00477145850309197,0.00452176588839541,0.00107620830642964,0.00413586395832293,0.000984485140460824,0.00210399023713294,0.000933687572941278,0.00190231822715074,0.000944959098321571,0.00096491092648359,0.00088155145032913,0.00216588845302659,0.00420883357406155,0.0040384555319043,0.00402244996196514,0.00401858884282249,0.00413828070365821,0.00411908299493844,0.00402383313810581,0.00412422049116615,0.000975929896287104,0.00428879593787259,0.00402831250167044,0.000811848408356426,0.0011264361335507,0.00113033953490836,0.000889027017060132,0.00495259304791119,0.000966036532610052,0.00105059688419901,0.00316052049747927,0.00529307811726888,0.00091929719216426,0.00414898655662965,0.5,0.000857615898367641,0.00199323769520841,0.000937148897244968,0.00106008989067803,0.000921952368872568,0.00383472605411047,0.00433172849309178,0.00395168909250193,0.000861281468712421,0.00413659903909489,0.000794613209532711,0.000940322183853696,0.00418355857039362,0.00403908046381125,0.000889436803778703,0.00208166273446114,0.00416441361148588,0.000996833065027734,0.000949039459477585,0.00512038606688909,0.000892058356895743,0.00107741543121043,0.00107351618131909,0.000841728900195122,0.000974091535494272,0.00190432437978983,0.00111566328800655,0.00324449364650191,0.00103410418719836,0.00101069664221371,0.00399897879585585,0.00427669045530052,0.0021246777173336,0.00432374369342144,0.000896841908765063,0.00322311129066124,0.00113209587681098,0.00627344359085518,0.00104846167180416,0.00406459955499382,0.000907277745052471,0.0010421406426366,0.00409470580269397,0.000859010249807669,0.000796596549854782,0.000870030454808546,0.000853158426314431,0.0041584956960003,0.000948977728587782,0.000826242088149557,0.00190292250962311,0.000892049179825765,0.000820344926908399,0.00399684313681805,0.00458682601990557,0.00505107394320931,0.00175491279139378,0.000848697624511444,0.000966722084667767,0.00189218921003155,0.000843931454576992,0.00118236177799482,0.00224670711644464,0.001596661398983,0.00428469091396123,0.0012247428075816,0.000947282623977851,0.00103821946934045,0.00428281263781213,0.00101914199204866,0.000885262967601079,0.0041475285781477,0.000934044420599322,0.00412156333324699,0.000730190872747256,0.00100632729878382,0.00988497764804884,0.00100373116411728,0.00106958257926824,0.00194269826614051,0.00437080146297357
"TT0058",0.000895798618502104,0.0053226718690172,0.00117659710557708,0.000979308489613676,0.000906225898724784,0.000930917129094454,0.00536771881517756,0.00107789721223426,0.00499526549504272,0.00215526488760016,0.00549403064570869,0.00102164812158129,0.000997106172731907,0.000848089661593392,0.000922622442027002,0.000854011705844412,0.0022151927831737,0.000760617307947574,0.000886304719507826,0.00115316896784376,0.000900047988242808,0.00119460287913643,0.00667461497649306,0.000975706607717891,0.000778346177459927,0.00864145544800771,0.00525004337731652,0.00505593418471517,0.000730076228955207,0.00526635833482354,0.00224611716185114,0.00915920550878055,0.000873688071132296,0.00086874518060405,0.000945884969041358,0.000890473704715624,0.00476435634960345,0.00520364491801217,0.00111922270096974,0.00529310146784764,0.000831897325098701,0.000915559771218185,0.00108310257993886,0.00109130381721464,0.000938383213086599,0.000875421342903718,0.00104402783731224,0.0024182505957421,0.00411435853762676,0.00102639483016807,0.000925425070569488,0.00090217178633013,0.00144144490496864,0.00474330545414692,0.000909455836660024,0.000982167083805463,0.00087234523554534,0.00300040828633162,0.0052339426512724,0.00671866441463859,0.000893914521716883,0.00103535320182515,0.000977533240374181,0.00230145907010515,0.00190024220350042,0.00109039233130965,0.00559624333203773,0.000971770098892018,0.000880741623274088,0.00103467044136391,0.0025016191630557,0.000898878243327291,0.000879053939412022,0.000999571382883059,0.00186997263776262,0.004406200686877,0.00215605844078614,0.0152239360317452,0.00105570334395149,0.00561012609744984,0.000947995663951265,0.00340699571344727,0.00217310530968706,0.000949896352062472,0.00510820987155251,0.00417343930158462,0.00115059629451349,0.00168889430637891,0.000862207106860588,0.00546495924244925,0.00586899233091081,0.00817591625013491,0.00525957638539627,0.000879324628362385,0.00082207623346324,0.00417753261640293,0.000868711785996782,0.000937790533344278,0.00092228271702947,0.00088113861900406,0.000973670725989639,0.000953380703362466,0.00211572126627491,0.000875983447622212,0.000897085226208504,0.00105294056937347,0.000990150372368624,0.000998178338482203,0.00091294533499578,0.00293541932423129,0.00552653959540507,0.0063729242677342,0.00105347919800204,0.000782361008319191,0.000942659086506219,0.00090043326144705,0.000803446638203338,0.000855676672122516,0.000898662697323831,0.00311871641153589,0.000886129279777087,0.00513216646586183,0.000898838736900047,0.000779163757117798,0.00328013169069602,0.000926555074786299,0.00525316475022509,0.00507360241100012,0.00082098227460091,0.00496079653178294,0.00100071860539525,0.00110569108434155,0.000938899447166274,0.00103513800060698,0.000779656926668516,0.000857615898367641,0.5,0.00108242819055691,0.00536372460575992,0.000984463008332125,0.00452219010076686,0.000934955545935923,0.000987485575173874,0.00456550222017003,0.00659978848570005,0.000843327523149707,0.00105747989063726,0.000996183230345114,0.000808139909697963,0.000784507210204187,0.00116365775173777,0.00111154116634481,0.0007950647983086,0.00426973856079284,0.00101579083660157,0.000823900276477121,0.000897821247932647,0.00540350961352463,0.00363586195915682,0.00441228318660003,0.00174562864280195,0.00458542754603685,0.000933329884194111,0.00108399288542886,0.000979105516985757,0.0036752696863311,0.00289702519346091,0.000821997676498494,0.000890699604793055,0.000833910286093893,0.00460872469394825,0.00103092359819839,0.000837170320287234,0.000838481945787455,0.00509227783378616,0.000812635301585383,0.00149398307664302,0.000814426852451489,0.000924587237562021,0.00169794456336247,0.00488195097179069,0.00168785429779853,0.00577355882366123,0.000776358849534046,0.00130743430956622,0.00829587418188153,0.000892653158081692,0.00546479875169858,0.00111705355697668,0.000856504215680203,0.00108768310943539,0.000818969390804577,0.00092674472809315,0.0012110501973576,0.000867214330526278,0.00153424634805384,0.00923564571096719,0.000840411842305958,0.000865352165705531,0.000885918633634853,0.000920917333501926,0.000856133933440216,0.00110998904711344,0.00529874248769498,0.000865480192640185,0.000838685318217362,0.00999102269977695,0.000802939204171055,0.00495870879607518,0.000810698247619177,0.00417506363474041,0.00142496641623765,0.00584309876693113,0.00489309487887893,0.000980495297169654,0.000942572510969128,0.000825538837028168
"DU0043",0.00120609493797915,0.00102392347801867,0.00921411748321221,0.00260849935799188,0.00445398957408785,0.00394564715826155,0.00137000304573803,0.00100842815890321,0.00106796303937643,0.000898260561170133,0.00241173228200274,0.000848248932236052,0.000817650211253223,0.00110211727746532,0.000890752785351841,0.000697771423012421,0.000876038154765491,0.00345751865163311,0.00524529726061525,0.000827768984773991,0.00103801744054342,0.000810816817800036,0.00103313107421486,0.00185316927025902,0.00220705958406659,0.0012937668150996,0.00105313518719261,0.00370885740452164,0.00138917016426064,0.00100592871398985,0.000864718587606378,0.00105555026690301,0.0009997390080071,0.000987348446439052,0.00089057887185607,0.000946044120195668,0.00118239093178161,0.00127909273680246,0.00571785882501306,0.00108457454624821,0.001898596785372,0.00111233063459199,0.00629633689522562,0.000745139868227717,0.00217398136465181,0.00106777261596846,0.00702422771129247,0.0013748347073664,0.00130388513433254,0.00110763634412676,0.00128245242063723,0.0010115912558725,0.000957855429763244,0.00163514667961684,0.0011561007743704,0.00599796244725176,0.00121172803989571,0.00473429275453881,0.00137841841724074,0.00102006358349323,0.00115331198975347,0.00137903808512114,0.00133785524954704,0.00123429186156087,0.00089156908922375,0.00576922799664059,0.00112257468155825,0.00379760389112885,0.000969959546060472,0.00232543057196148,0.00161973700761038,0.00184832314568172,0.00135471604103789,0.00108813390601193,0.000695229862800651,0.00558434710854617,0.00090164895922741,0.00112466531267746,0.00560933066692536,0.000931667105791815,0.000892318407743746,0.000901010299474988,0.000904126589392086,0.000985247623636574,0.0012682445505522,0.00110425879639579,0.00637406425976845,0.00494047742616714,0.00160426006660813,0.0011044512224014,0.00382118864131578,0.00115400018414216,0.00240247249574789,0.00069664397343003,0.0011003636706762,0.00105425927127895,0.00399645190802101,0.000972361175805519,0.0012653738944692,0.00397197684067897,0.00140036536609224,0.00107324163150179,0.000851543153617229,0.00405397618943992,0.000709663558069725,0.00130171299310082,0.00799445317968973,0.00131757758897449,0.00378502873966574,0.00450469482579391,0.00133107758688427,0.00122050876454615,0.00727924471097049,0.00184300364350317,0.000877445192867357,0.000759270491457302,0.000805890336995817,0.000695228152601229,0.000709185021969073,0.000808341514564089,0.000929769124624585,0.00118460775491898,0.00209166549366494,0.000919626972457284,0.000752372640380276,0.00397875904814695,0.00373158613037165,0.00120583957119554,0.00383405889433537,0.00155026430829176,0.0013428144471016,0.00647406948477496,0.000972596395020433,0.00124102993388059,0.000783899253391419,0.00199323769520841,0.00108242819055691,0.5,0.0060314595398951,0.00610144924183478,0.00569170827575403,0.000887670638242891,0.000801647167905665,0.000860528756204234,0.00537001846931085,0.000699577279079227,0.00103157432726002,0.00127551813126773,0.000960065353670586,0.00210583300155416,0.000938306699135863,0.00788856077644215,0.000875419527632074,0.00171287646190551,0.0014646326598308,0.000913932068825238,0.00114621502560497,0.00122116630871902,0.000898291067322261,0.00450384622542338,0.00449807466509134,0.00423616388957488,0.00410373501812369,0.00833603135653679,0.00607307979444056,0.00111473479072424,0.000762120778557848,0.000856235697202137,0.00135985399889463,0.000834689102905381,0.00123679917478117,0.00142466127390658,0.00332116715016247,0.00319228041899186,0.000875233201071582,0.000969645637750009,0.00545941400299055,0.00366948904482095,0.000819334186011228,0.00478350535992994,0.00481734756208142,0.00500728871551449,0.00141643280174913,0.000883759707840851,0.00623192066237068,0.0015418612314267,0.00350555289690859,0.00108566400171002,0.00125669488121927,0.00096418483188653,0.00872784686661216,0.00205915262901363,0.0009910390084265,0.00102706118644869,0.00135288212419796,0.00535097156196592,0.00125617647474838,0.00202372895380587,0.00501917247172382,0.00181171963966276,0.000941211038417399,0.00624166416717874,0.00882793038322577,0.00160661497099363,0.00311027232632595,0.00141806250239317,0.00105983772897161,0.00181310892947376,0.00607332881784395,0.00179210171968124,0.000779449548037039,0.00574295330312093,0.00134064194806351,0.00418528336818078,0.00404289418249198,0.00264580421726768,0.000822153400115682
"DU0042",0.00120844962778242,0.00520183569102193,0.00577372249189722,0.00103103575022326,0.00287450160435748,0.000990282519198524,0.00122749890826588,0.00112194762478626,0.00109043106746661,0.0033671531633933,0.00116088921254963,0.00110862563872988,0.00105466332473812,0.00114355373048855,0.00105588933006213,0.000895548484358185,0.00331822134819676,0.000789155774528845,0.00467373863117899,0.00116554530237643,0.000946868002406217,0.00119314583012492,0.00561497469239525,0.00144780606411249,0.00307298155859982,0.00486069289844838,0.00105236525307821,0.00130806181173219,0.000856205997387788,0.0047300642259362,0.00330315905462387,0.0054330946930459,0.000988472583185947,0.00109128520235228,0.00110019767803374,0.00112181678267332,0.0011725726375868,0.00113106553596265,0.00535305320068191,0.00105786743370889,0.00146998849092163,0.000938657962024054,0.00578313985640202,0.00110754392498666,0.000902255375641384,0.000903669082215596,0.00553125466840537,0.00155350430601356,0.0040560527176297,0.000997300739356555,0.000929525067152795,0.00086546875741216,0.0013584237666172,0.00161806847977179,0.000921131390601981,0.00561332735684586,0.00117882725423832,0.00455938202963546,0.00140634084707173,0.00574185587860883,0.00111606282053601,0.000932493160180411,0.000935150670996662,0.0021717619032008,0.00216524619076839,0.0053713331480256,0.0045796172614678,0.000970649150853579,0.000866076234896607,0.000931711827265741,0.00166494327451941,0.0014415666652636,0.000832924272664365,0.00100120009637089,0.00205228582250512,0.00816894111625796,0.00337206037447585,0.00479886009558104,0.00537853941818003,0.00118823866155322,0.00110267292802683,0.00354311508249474,0.00339826792236822,0.000949326685745087,0.00123210291779923,0.00392941766395212,0.00596829193850702,0.00468836261226867,0.00144842622102648,0.00111766556378731,0.0012433925936214,0.00252516861638275,0.00114568807167174,0.000943149984066477,0.00111833511252435,0.00427702084338751,0.000956338982976016,0.000864094392567408,0.000912855069395633,0.00101728926351834,0.00114186735077099,0.000940030571182661,0.00323169382808443,0.000891635866404866,0.000984829085886096,0.000866917560917867,0.0050174210579148,0.0010533451599104,0.000920553780399837,0.00310369613517562,0.00112660806719269,0.00224011371937833,0.00548917371987367,0.000834076680132054,0.000908361808664558,0.00186999190860501,0.000970067993758522,0.000934060188431494,0.000977298105645243,0.00307970731880866,0.000923459058010074,0.00126325471445777,0.00090306346157604,0.00102585144127477,0.00334285037159214,0.00130521215811073,0.00115897957565684,0.00116192502648823,0.000930982307965812,0.00154679161771681,0.00114923136063802,0.00492395141711906,0.000952493019604619,0.00101169367859229,0.00078887454509833,0.000937148897244968,0.00536372460575992,0.0060314595398951,0.5,0.00571487669312264,0.00861671261311588,0.000879598081521841,0.000824946257756369,0.00431155094870775,0.00940106245103408,0.000914036361817838,0.000915374658510253,0.000926206283768209,0.00085768505984771,0.000855219798551743,0.0011746893521077,0.00513110816980004,0.000828315991321226,0.00481878973842378,0.00125129605156055,0.000847181814374377,0.000790177812201127,0.00109871893934929,0.0012527255839136,0.00327516530449286,0.00452571432835778,0.00136833483296256,0.00109190402795983,0.00574491550231544,0.00579549832018349,0.00123526196951544,0.00311276312073867,0.000804067795865291,0.000871074536177112,0.000823441401581553,0.00436447080822325,0.000943581583008713,0.000872831212774719,0.000896063757981459,0.0012229226590753,0.00105577824871549,0.00515809547670212,0.000937565783995674,0.000856827601545408,0.00451813498837617,0.0077701360418728,0.004861880062898,0.00174865742685847,0.000897951105633351,0.00578870464517781,0.0054012470920745,0.000917043384566544,0.00113653479578205,0.00104599789357949,0.000907788600678022,0.00579932818027579,0.000877567122084645,0.000924879022196332,0.0012238588614937,0.00106926570065256,0.00490448990290511,0.00472406719093618,0.00160136883580231,0.00443193219264283,0.000786037075011816,0.000846102675557821,0.00412064411121328,0.00577730493944408,0.00160341591123674,0.000871097137151362,0.00132522393995154,0.00557003512329759,0.000852275515511015,0.0094367742731688,0.000850766758480186,0.00417310065159373,0.00528975729908869,0.00121135565501402,0.00139267450871021,0.000977759518826548,0.000923700299960491,0.000838845980807913
"DU0041",0.00452647271247282,0.00109087181618696,0.00577449336285472,0.00116212365719045,0.00516868966724663,0.00114596423186023,0.0010772515589631,0.000898657094828462,0.000946856150204489,0.00117029082043176,0.00104149446816949,0.00115530754886448,0.00113294034073066,0.00415973783271702,0.00244289500505357,0.0010537881943471,0.00106200768239911,0.00136615257594791,0.00579767711463636,0.000860176093767097,0.00119645438859299,0.000862049717523697,0.00108045057357832,0.00406038470139875,0.00862690504489378,0.0011798674499604,0.000890179946743593,0.00119201669694162,0.00364971526555012,0.00105392924275472,0.00109326917331821,0.00104222838529915,0.00260839965623048,0.00259899572380625,0.00241744867078047,0.00253837862679049,0.00101985487000051,0.00101935437325264,0.00555546540184519,0.0009634027537008,0.00469278214922469,0.00109284268628256,0.00673735033617913,0.000887230343881015,0.000989722779115357,0.00101361168438513,0.00605630767007598,0.00137784593943095,0.000947394573107857,0.00113973148639954,0.00344255403660001,0.000975065323538418,0.00102078698926053,0.00154458866313239,0.0010963959686421,0.00961266900895922,0.00461571559528609,0.0049722442472196,0.00425655415963377,0.0010962089230131,0.00447460537107606,0.000974060782082623,0.000972160924220893,0.00104017198564995,0.0023422770789268,0.00623360246548203,0.0010016838078538,0.00109556819465837,0.00101741769811545,0.00100148218973611,0.00263663545956821,0.00318559106876551,0.000890861669110124,0.00107765287680175,0.0018817443896819,0.00367157938585278,0.00117081585629629,0.00117961415154827,0.00863272452235093,0.000984220758312857,0.00242070647310525,0.00105898257004313,0.00117138590377935,0.00109102957514471,0.00109508575459668,0.00117087361719962,0.00713055052720174,0.00480559266670958,0.0056757307907955,0.000936283193025896,0.00219398916601826,0.00100088093556569,0.00106298906096894,0.00102188665186333,0.00413327535188419,0.00110427717935337,0.00099136924431262,0.00106856908257777,0.00110210597393307,0.00112567334292979,0.00146145176141287,0.00351965076933015,0.0010053692447579,0.00097284883603782,0.00101639651137708,0.000926659523629206,0.00605660472005795,0.00132598420671693,0.00101137668298012,0.00457975393886048,0.00102886360196604,0.0011105630643772,0.00623243776981657,0.000959188961384797,0.00101872607677981,0.00208562960982941,0.00334648944649982,0.00103878252750693,0.00103474467608444,0.000903066798633748,0.000987863304833867,0.00118207702641941,0.000963528256956321,0.0037176447720835,0.00085258865082686,0.00282598172211817,0.00110956189461646,0.0010289430036471,0.00101957836167964,0.00140116662191014,0.00161843212962846,0.00602619407117984,0.00104331789434951,0.00124036232926875,0.000947353560447779,0.00106008989067803,0.000984463008332125,0.00610144924183478,0.00571487669312264,0.5,0.00538234705617807,0.000918663581955181,0.000950315877524856,0.000943588394906852,0.00494407144885292,0.00104152728615457,0.000946151936090504,0.000995958091773176,0.000977125994775391,0.000940203942763917,0.000880173854413363,0.00609936533174396,0.00101533511691071,0.00443948660536738,0.00251402226655493,0.000961945888282063,0.00108844115932755,0.00100019057931064,0.00113516201042195,0.00477555958189718,0.00303841817667979,0.00129391048851405,0.00143201679449734,0.00583559666248144,0.0073263633923011,0.00375422408394444,0.000991885320913133,0.000930829713938983,0.000948547260697315,0.000995149803335269,0.00114850972441221,0.000968815153169329,0.000945961987132272,0.000989561562870922,0.000988622084537095,0.00396775419585074,0.00666030419210378,0.00108534389633087,0.000911563454807617,0.00304781325320038,0.00309249212734762,0.00607312806531275,0.00252986590524593,0.00336363415692178,0.00594355165493263,0.00142702495270242,0.000994763386248464,0.000949316532697548,0.000923079759671159,0.000962054219147412,0.00658975614805156,0.000983489142174625,0.000932453783134764,0.000926887883719699,0.00404326001362538,0.00342424172619571,0.00108802976618008,0.00511581050082209,0.00555643550435215,0.00122247721389929,0.000941085618686984,0.00526212283694961,0.00580711008486455,0.00148042445280844,0.00099104245175551,0.00403925987134903,0.0010293783368902,0.000929124170566792,0.00565690209679399,0.000928302506762603,0.000917740418438868,0.00515124686449854,0.00111389689869585,0.00129908868391283,0.000999461514778355,0.00101129568121934,0.00102573886715372
"DU0040",0.0011738911239841,0.00442861672978565,0.00546611896698524,0.00100668053622857,0.00161295339356258,0.000951780195366839,0.00110867347792733,0.0011283951889154,0.000981423309446208,0.00359679611124175,0.00102767542215728,0.00221915215438155,0.00110562819190361,0.00113136082555233,0.00108820481191207,0.00118634415063989,0.00358818391124571,0.000826168522973676,0.00443654718214026,0.00128321159737399,0.000914550418058565,0.00130976890180506,0.00439352860712001,0.00227814120113826,0.00173571609841901,0.00446505009874898,0.00095725046912239,0.00118809564192666,0.00084313950532583,0.0041139272531035,0.00356946229703452,0.0043030834383821,0.000974298898364782,0.00109957013716324,0.001133473719723,0.00114350859325173,0.00111915768593021,0.00103133390333233,0.00504203537378155,0.000959233002503267,0.00138460520057708,0.000912325194688368,0.00545067927503852,0.00116881262599045,0.000960970747180706,0.000965807066317993,0.00529421701667293,0.00264673723928476,0.00394751423837389,0.000994812885472634,0.000892389609406564,0.000873346422456225,0.00141316315605334,0.00151192996273183,0.000892173574927819,0.00528256882279243,0.001137783472128,0.00313293274015871,0.00130632990384152,0.00448533119320034,0.00107297019193602,0.000905715729233614,0.000902740719582587,0.00135724844307066,0.00337755301752396,0.00506552680907694,0.00498369285206077,0.0009251920485689,0.000855655112045377,0.000906651812670375,0.00369762907818593,0.00136530153139769,0.000870236298317544,0.000979760856767716,0.00311314246001051,0.00790991853028109,0.00360026427162987,0.0112170760070626,0.00510475787562047,0.00111382611129111,0.00113605627073291,0.00378844178079916,0.00362569803516355,0.00101789072966658,0.00117688871877752,0.00463366206900559,0.005653434810161,0.00444955458302311,0.00138090346097387,0.00100836824498348,0.00111567122446169,0.00238721359610512,0.001041457683996,0.00199015635464384,0.0011200625998667,0.00424931900746032,0.000970572370689179,0.000833811608871434,0.000960769937893508,0.000980343619307808,0.00108945782407423,0.000905402832629863,0.0034387425915915,0.000854242059986038,0.00195031680499329,0.000846376326578376,0.00470149114914171,0.00100759105933024,0.000873226091231267,0.0017682002086896,0.000998177457366315,0.0123273073622243,0.00515481004490288,0.000815924293283831,0.000888671545652355,0.00292292653932125,0.000983297189246383,0.000962306732428157,0.00289989139724587,0.00219767290048029,0.000897851685121464,0.00118415351491162,0.00086475292269381,0.00101657058013218,0.00355305407850852,0.00121682160375404,0.00102434986959484,0.00106603305661225,0.000890063363102329,0.00143547157854049,0.00112182453770613,0.00461354063354903,0.000930546497648894,0.00096706660160468,0.000779882501741945,0.000921952368872568,0.00452219010076686,0.00569170827575403,0.00861671261311588,0.00538234705617807,0.5,0.000858024676114126,0.000807946021888224,0.00375848719568463,0.00806351062408162,0.000939071471913968,0.000905136777429192,0.000894566236546197,0.000839009199375823,0.000826958801464045,0.00119784487598546,0.00491336807358491,0.000809913448734198,0.00456548010674781,0.00118754955295943,0.000825065765114541,0.000789076024907278,0.00100270577873115,0.00118966118502495,0.00477059822580109,0.00533860860291364,0.00126537921176848,0.00102288493918312,0.00540838605956911,0.00550071088835784,0.00110094967872778,0.00329730867234422,0.000779214565000241,0.000850014659579085,0.000799409666636196,0.00418779822563327,0.000908831989883379,0.00090722632385728,0.000865220994436432,0.00116619300182997,0.00103094621158046,0.0049092324079917,0.000900128558604896,0.000837167572671325,0.00430094488146468,0.00750222884892121,0.00463899574609712,0.00234967967155046,0.000865287346539908,0.00549828966883702,0.00459793279205028,0.000880354512259297,0.00125879069509512,0.0010852529062242,0.000887700299835629,0.00550133750023033,0.000843131455833316,0.000933804851471196,0.00127782041607698,0.00103266825107551,0.00467652802962866,0.00403653109373507,0.00151137794834134,0.00413606288638143,0.000773300563276196,0.000818862673952945,0.00160761095620927,0.00545221181789098,0.00153831402919158,0.000835379876117271,0.00128536522193134,0.00430727334535527,0.000897401214295798,0.0086756251578089,0.000898743527484515,0.00430855648044349,0.00508528767414125,0.00109227071236509,0.00127201484110913,0.000989106949398852,0.00087872831367457,0.000813550109157219
"DU0047",0.00324762521833912,0.00311322729031837,0.000923041218090486,0.00335893490093308,0.0018268817012825,0.00320183335154884,0.00180444220414137,0.0032842535845955,0.00111897037838186,0.00314177336193222,0.00100555796930235,0.00331009841832652,0.00330977765782872,0.0031683195920703,0.00321317345780548,0.000865149275355884,0.00319635870926224,0.00074995069505161,0.00102166170798734,0.000724464366384206,0.00335940914500098,0.000765936316185379,0.00302365420498041,0.00120657270069675,0.00110583005910974,0.000977932205149264,0.00247447064209487,0.00102130299827623,0.000747418842623958,0.00306158638973857,0.00315535562610716,0.000978336963459346,0.00332338186820728,0.00317488532949807,0.00318881454961911,0.00316312305058268,0.00106635669701418,0.00160884975312473,0.00577184196705642,0.00106636260894546,0.00111670881243967,0.00327873837958934,0.000966911590043948,0.000847023759849431,0.00314307186283047,0.00325001335180618,0.000937954245680526,0.00121817186751515,0.00105785446145485,0.0037625147140736,0.00119433864651496,0.00315014833799256,0.00342974922408234,0.0010338163229991,0.00332093952993267,0.000907895587482925,0.00322747083896703,0.00091279258768569,0.000991817263108699,0.00296682828285885,0.00319775881121581,0.00324717952716821,0.00399332580815818,0.00122435565817883,0.00317720817748343,0.00406056860597546,0.00101709635461873,0.00315920372703051,0.00321877281266197,0.00116558370578742,0.00210851457178652,0.00111199586879207,0.0011357928230836,0.00787612823999289,0.000798118287683692,0.000873110491469193,0.00313780229472761,0.000977566836288026,0.00095717426033591,0.00179046787769645,0.00319361908326999,0.00315983387452851,0.00314177081251259,0.00341162372862036,0.0031667973431223,0.00320639432064484,0.000995730285548558,0.000960226584540227,0.00110389040530975,0.00395298675881686,0.00106111578642764,0.000937324758439272,0.000967005829968911,0.000855955314288138,0.00334877450738641,0.00321722381532147,0.00108100922155977,0.0032522290530997,0.00120749376626348,0.00119759628849722,0.00571312365143454,0.00329711782649248,0.00407486469335028,0.00115070319811832,0.00371304918888649,0.00291564474950189,0.000963881010384357,0.00611178695724807,0.00115980218645182,0.00096132370600425,0.00163169965405973,0.000890821206911867,0.000880403675060092,0.00365030780840978,0.00669479542119402,0.00360362088230005,0.00360645878942806,0.00371311959466189,0.00369693056111111,0.00557825942254946,0.00608682886597805,0.00212716666114814,0.00375993633460387,0.00360848447073853,0.000941537269303482,0.0011304755850531,0.00107635555038186,0.00630217020627002,0.00363727372957577,0.00100138451629568,0.00126790087883399,0.000930346786838349,0.00464070305456158,0.00755587483646949,0.00368111742417482,0.00383472605411047,0.000934955545935923,0.000887670638242891,0.000879598081521841,0.000918663581955181,0.000858024676114126,0.5,0.00383572575764595,0.00357623835636442,0.000850345467110501,0.00371207168895117,0.00416774260535317,0.007351852896542,0.00371439272591804,0.00358350447466601,0.00102765596560096,0.000935658515007782,0.00370422451054915,0.00105975584957739,0.00718050058154443,0.00369178740756084,0.00128862144925609,0.00101176218017802,0.00109802706337149,0.000910953889265522,0.000990511620202024,0.000993639866693908,0.00121080496919334,0.000920491491338554,0.000928297922410988,0.00103414797767597,0.00358494331150752,0.00371169000019243,0.00118626878173561,0.00375868671128959,0.00114847011525594,0.00115109818779864,0.00113966204602018,0.00369020134650593,0.00179064887593783,0.00364644932034274,0.000906025579581373,0.00116607214925505,0.00662384349825975,0.00587581183406763,0.000896705581051441,0.000931790861355605,0.000987825155954705,0.00367876789286488,0.000922089004958404,0.000913005637215909,0.00186684578881516,0.00665980479530518,0.00174069001035117,0.00680022949613537,0.000907527222620144,0.00357428996012717,0.00148117247562735,0.000771660823157823,0.00118779196476372,0.00366195548638687,0.000937986013456612,0.00115581569799727,0.000997507996869924,0.000776348624624541,0.00377602677031749,0.00106576045363019,0.00312217142983594,0.00106495859304318,0.00374704449235824,0.00115029851669366,0.000951817681785902,0.0036851818159628,0.000883058002796629,0.00366671796833415,0.000727751685963308,0.00097464595358643,0.00114994426420785,0.00098301606570197,0.0011532486565442,0.00118622331832345,0.00381979830515328
"DU0046",0.0037488491310317,0.00348487140803872,0.000891421649014273,0.00380601172133095,0.000735508392356521,0.0035393659069432,0.00101229371959944,0.000912314169910535,0.00380316266293717,0.00354395609428904,0.00113395629479651,0.00372639340722011,0.00372897136547249,0.003610303579447,0.00361829913118659,0.000991814824516655,0.00358524916048092,0.00156981422059051,0.00103835216668268,0.000934557750684077,0.00401964974576345,0.000959579866576286,0.00337351768824713,0.000874487772893393,0.000962146401577041,0.000984121430225206,0.00474684901059334,0.0018891416027429,0.0016718508908563,0.00342182396310879,0.00355466547056438,0.0010741215805577,0.00385065545092098,0.00358847920262588,0.00360359640610709,0.00358474163541149,0.0012374005416897,0.00108857713902144,0.000819359238262236,0.00222086972798419,0.00196275727506941,0.00485580113301642,0.000988994127384385,0.00186988083281098,0.00366747976839968,0.00380739352172977,0.00101479351098309,0.000800561463961597,0.00100006736952297,0.00415939231274777,0.00341516344166759,0.00371248627736866,0.00386269406223691,0.00219030670750974,0.00484470771500665,0.00180536883433533,0.00372903065213201,0.00102135580383832,0.00111225985975612,0.00332120328899214,0.00373302772869847,0.00100020470979686,0.00103529859662126,0.000765000787372124,0.00358741431239643,0.000804829168206492,0.000800002899435271,0.00349060475895009,0.00487526001386969,0.00437672109411281,0.000778201069784989,0.000988899322440004,0.00114829588249765,0.00343628066999889,0.000961034349480627,0.000831829408468498,0.00353926223494502,0.00101587943563059,0.000902483033678319,0.00122254362816757,0.00360909854746614,0.00357011316804721,0.00354370424799737,0.00388739463700411,0.00106567118589905,0.00353691277775154,0.000935810765303788,0.00111643566930041,0.000922412114414227,0.00105454566977885,0.00113468778479334,0.00360717192034908,0.00112131775688934,0.000987883973624731,0.00378612820205355,0.00358445091888362,0.000988189646750229,0.0049054834173581,0.00097600641244672,0.000885066835262814,0.000828158485453153,0.00497451460170674,0.00457032702418264,0.000974472038369778,0.00416958793521782,0.00386806889334557,0.000860632065757669,0.000820609170910078,0.000937568416498138,0.00194532488958334,0.00104047915445761,0.000790773741727808,0.000820663890662295,0.00510358532357883,0.00406459317128222,0.00405564873196252,0.00404970786802888,0.00417370006987808,0.00415279760125046,0.00405792149435774,0.00412695293502143,0.00109354865471981,0.00416758372599186,0.00409001339079158,0.000969957658789012,0.000823350242543533,0.00217802458124175,0.000961507706206892,0.0040240670780954,0.00506470439714007,0.00094327257927934,0.00430479988019586,0.0042969125960307,0.000827415511814217,0.00515899667919107,0.00433172849309178,0.000987485575173874,0.000801647167905665,0.000824946257756369,0.000950315877524856,0.000807946021888224,0.00383572575764595,0.5,0.00399501634235534,0.000842951856721486,0.00416951810386025,0.000816713972306456,0.000910831835376553,0.00509674043411586,0.00404058603639695,0.00181850812194007,0.000762061137985517,0.00517889891138328,0.000834177632248612,0.00082505083082508,0.00517186091157355,0.00370808705500215,0.00216900948986899,0.00124524775483271,0.00097875179948777,0.00103978867193096,0.000943121298704597,0.000816714745932561,0.000988211013701436,0.000925970908417117,0.00223685513687787,0.00403342626011704,0.00521432968123555,0.00119672142705652,0.00445803030860235,0.000858761219018393,0.00382649104072052,0.0010832882795069,0.00407788499740389,0.0012118356174287,0.00416152512491413,0.00097845131330167,0.000936884914297246,0.00416794496145145,0.000864872411081332,0.00083957152729771,0.000937901242182758,0.00437885048347701,0.00514613162843468,0.00104303123214916,0.000919175102681363,0.000948090629168546,0.000966460831274013,0.000752003514778166,0.00394623475933217,0.000781457131787324,0.00405252231295421,0.00133463391641872,0.000946801218719324,0.00187060561362117,0.000812705740853015,0.000975475459739957,0.00105605493884054,0.00196283053793293,0.0051063662126927,0.00528597824247371,0.000861471969451243,0.000729738878279966,0.00103612946054742,0.0042880616544872,0.000939752773617837,0.00105267451448957,0.00420339258966497,0.00083000663193891,0.00417930065816018,0.000850172653338489,0.00103648766289517,0.00116049587623266,0.00102223737712735,0.0010043583412693,0.000951728035288254,0.00450661278760889
"DU0045",0.00336246392981231,0.00700989169891734,0.000919754113476241,0.00337783883889616,0.000690623366023847,0.00321700903204616,0.000899659157550087,0.000847512478705828,0.000958909293986973,0.00354895769934217,0.000930366107507813,0.00357434688254011,0.00355297628265515,0.00329874808855895,0.00340436971709178,0.00102158567857243,0.00458085580100969,0.000696242304371988,0.000904669334229561,0.000985109161850883,0.00345395764091879,0.00104580233419009,0.00708520129115006,0.000858195705832188,0.000834099797386568,0.00411573597500769,0.000857076066759937,0.000891227793169785,0.00068726577649846,0.00682418987943008,0.00447881711077068,0.00442932797680364,0.00343316788022428,0.0033336845474043,0.00341894647203037,0.00337908021248201,0.00109921123976914,0.000896603481512678,0.00087131958445366,0.00104014255500414,0.000840620938561852,0.0033637782701587,0.000952209132133323,0.001046609838603,0.00323636039693558,0.00336022285860706,0.000949369122426524,0.00336300900755429,0.00377912317405571,0.00369087184427022,0.00085235683453141,0.00322919174984439,0.00623367436046564,0.00105196506849953,0.00339534793258227,0.000933739864268819,0.00333889628807964,0.00104130699675458,0.000963245644376804,0.00700813412639706,0.00330360521826058,0.000774252154335542,0.000828059252523059,0.00202177524935347,0.00348031788974535,0.000902564500020901,0.00441337119980235,0.00316013809938278,0.00330657546802023,0.00077118929716673,0.0011637114009755,0.000833327296204822,0.000844173472286802,0.00314311748784807,0.00116902259862062,0.00393649888207791,0.00441308148032809,0.00432796174929015,0.00100649202246804,0.00121180066735724,0.00342437669493294,0.00465088146361856,0.00442924856866022,0.00356193902697995,0.000823997697554223,0.0060425322877378,0.00104877272119331,0.00107058595045087,0.000870062667801306,0.000929661468474408,0.000942804612553859,0.00312652564661618,0.000861053973132903,0.00105655480512608,0.00349277148340012,0.0063780882698385,0.000750270614799084,0.00333888851157859,0.000878924012290935,0.00079541534674662,0.000799051032073335,0.00339440949108092,0.00539426573612515,0.000753616204098648,0.0040090046675278,0.000763876417986147,0.000826022787770534,0.000804509037806666,0.000749581171783334,0.00101947114854568,0.000921497713956771,0.00391503533403804,0.000823566568050607,0.00381349106312589,0.00379538662988355,0.00390955090811785,0.00382405327431838,0.00397779219631696,0.00398466776924218,0.00592636649556348,0.00385122744683042,0.00105890305224871,0.00387340553692683,0.00380852946222119,0.00208451451553799,0.000763250727308358,0.00102455736405742,0.000868847729606311,0.00372893690959243,0.000973581970424922,0.000947675365532254,0.000801167114787895,0.00398122063838653,0.000806400286607079,0.00385606500815408,0.00395168909250193,0.00456550222017003,0.000860528756204234,0.00431155094870775,0.000943588394906852,0.00375848719568463,0.00357623835636442,0.00399501634235534,0.5,0.00454914993868396,0.00395988312173756,0.000767031276380689,0.000775058452033096,0.00387473150449141,0.00369762368716783,0.000903430572224999,0.00187503897933202,0.00388013181584241,0.00401323782924831,0.00079617563896345,0.00384293766937081,0.000643565784145958,0.000972564237646893,0.00125770668564469,0.00113487685685141,0.00122552944490022,0.000863339408349151,0.000792808319288899,0.000899295403952797,0.00100362996113428,0.00107639903112497,0.00484807987217561,0.00386793854282622,0.000852958650163999,0.00393137799716346,0.00417624776857108,0.000786105598931018,0.000809498989164366,0.00379156647630929,0.00124338095619775,0.00383899789487187,0.00100226251434546,0.0007941119794222,0.00383664008810262,0.000940484505860729,0.00398735901976515,0.00105183832504681,0.00120547388659704,0.00385393593100021,0.000986888696661488,0.00430973720240445,0.00075568355668523,0.000951317427735098,0.00087404599562203,0.00367194973500041,0.000871659828088182,0.00367044170001289,0.000775958597865277,0.0010162372745042,0.000871017785206575,0.000884964098500435,0.00444741412423118,0.000889859780891726,0.000846570511331476,0.000621292859737799,0.00389891026982739,0.000744913195501807,0.000814680364527589,0.00103896333587352,0.00389469295099972,0.000928271710253929,0.00463440973277564,0.00385947498381066,0.00429184797310626,0.00382477193513786,0.00368187721534671,0.00105780852631708,0.0010202451252004,0.000882135264072721,0.000790402340041417,0.000774804417590562,0.00400026053528518
"DU0044",0.00119988415711276,0.00534403907782053,0.00531467487323061,0.000989035713928321,0.00134356570861731,0.000905445575320873,0.00140733091547225,0.00106325666751113,0.00127964360112198,0.00328799354704401,0.00135243601132415,0.00107902311870174,0.00103350859742987,0.00112464015951902,0.00103819375080029,0.000890510465093176,0.00225986659178631,0.000773894790483817,0.00161175401615131,0.00113908263451709,0.000916378358657325,0.00115632144915103,0.00675755601615913,0.00118041561710599,0.00152976714633218,0.00525645232153835,0.00129833555200661,0.00154613383802732,0.000858397103638113,0.00524973261432762,0.00323470827519876,0.00601437810684894,0.000982669712757846,0.00107080749669268,0.00108039643239971,0.00109077633166622,0.00137027413060745,0.00129112495258666,0.00469388732954082,0.00130140126743326,0.00115023561028509,0.000858055999909172,0.00496589613588187,0.00107901514324087,0.00084518979860285,0.000841370961239674,0.00477034715636917,0.00244109751437306,0.00406731569871713,0.000951697386742818,0.000946281945119156,0.000799508554545129,0.00238464160989585,0.00460274625069149,0.000893279463922073,0.0048714989012155,0.00117378525035041,0.00518683526102122,0.00168248425234984,0.00694559840420916,0.00111913954099024,0.000899572772460005,0.000894910803285751,0.00227724154444685,0.00209837755877147,0.00461765257481318,0.00502007980799792,0.00089555846374261,0.000815735218964393,0.000914210128449943,0.0014877135439147,0.00114640957226623,0.000780083736645976,0.000957689125379657,0.00199709300527156,0.00862399492356728,0.00329482530250307,0.00494738299279884,0.004656314811527,0.00142836913770531,0.00108283582944797,0.00350653044316098,0.00332431886647302,0.000924101670277482,0.00148844633642703,0.00423501179072503,0.00512727021525356,0.00526254062007695,0.00125664307723693,0.00134109253151306,0.00148854717866004,0.00390551479049461,0.00136961439941265,0.000934302260917642,0.00108406003984363,0.00420244131580602,0.000874289020488899,0.00084021026987234,0.000893724839970274,0.00094842272538703,0.000972677044309779,0.000913540575026169,0.0031501789746216,0.000860794253545175,0.000958411375403331,0.000861361402175263,0.00297183522384613,0.000949092038410281,0.000856526095642747,0.00489411612616431,0.00136442896153551,0.00234550198366043,0.00469912349633283,0.000811365483111679,0.000884102787707981,0.00180200746315485,0.000952611601851193,0.000909852716407869,0.00095020556822312,0.0012717560951738,0.000880144587376509,0.00153455075185322,0.000851652404951377,0.00101134450601613,0.00334566508164518,0.00104883256757864,0.0013858596884991,0.00137777206037426,0.000857300824936189,0.00441823725850962,0.000993514081962493,0.00297829472897158,0.000910478571155729,0.000939956497235541,0.000776489919183018,0.000861281468712421,0.00659978848570005,0.00537001846931085,0.00940106245103408,0.00494407144885292,0.00806351062408162,0.000850345467110501,0.000842951856721486,0.00454914993868396,0.5,0.000895297125816084,0.00092469820891914,0.000892101000973284,0.000824639491022518,0.000811598652505457,0.00112414888433492,0.00310403347724575,0.000815431197930918,0.00458735360206513,0.00106174903965695,0.000808923410157042,0.000789432944154995,0.00136496435686789,0.00144032524144554,0.00505485556705382,0.00506847285056449,0.00271014907658279,0.000943237660693284,0.00501091122682064,0.00511144313684569,0.00146811459834336,0.00307435906930815,0.000778292101331698,0.000834927713095809,0.000801106446130368,0.00463242264262146,0.000887250605942666,0.000804976958546921,0.000821610781021251,0.00142143277294627,0.00104762979455731,0.00569697495804129,0.000874991086473846,0.000837122211075101,0.00502016996235733,0.00833550402133678,0.00542571760927395,0.00316657741042132,0.00088218384048005,0.00591141022769608,0.00828874098387458,0.000843972136514763,0.00132860999869345,0.00105176929124161,0.000853811913830972,0.00500084568820046,0.000797815592916952,0.00086824482154527,0.00120296044996002,0.00106759549511818,0.00535793604494722,0.00540782895498284,0.00129413460526698,0.00153028784586301,0.000790407030942707,0.000822002925330175,0.00135868707404943,0.00512509158650408,0.00312116556302259,0.000840904061093341,0.0011531370622053,0.00687837540998054,0.000825289865271473,0.00911714169030214,0.000814133543849568,0.00424469060446884,0.00577248494976103,0.00147167937736771,0.00283259900776838,0.000957410311486822,0.00086569753985992,0.000815434643519786
"DU0049",0.00377657610909707,0.00349049175428266,0.000750973028108782,0.0035458955566961,0.000644505436452384,0.00336685044216245,0.000697794067092821,0.000654895239437198,0.000777844433750851,0.00604656402135812,0.000755519372932707,0.00653124682160051,0.00657739226691281,0.00604437427603742,0.00669752304193845,0.00522035015566301,0.00604564713612966,0.000759851490781251,0.000865540387599865,0.000830141310232831,0.00367385118574281,0.000864572083105011,0.00335977851536636,0.000708288400404534,0.00203461732879992,0.000900055375689709,0.000642149888657904,0.000723450128535017,0.000850271042596646,0.00337426276845943,0.00616322358334241,0.0010071179737174,0.00619842941572471,0.00639227099712558,0.00619101404065495,0.00637178831108731,0.000931310294413147,0.000721175711962958,0.0007233121631489,0.000901848445975891,0.00082327859441368,0.00354587576480593,0.000792664307001342,0.000937649815595987,0.00337945877734329,0.00352264035174312,0.000808367406670502,0.0006970198127239,0.000752518926787169,0.00389614923512409,0.000726644076856617,0.00339238507183702,0.00499520605900548,0.000871441096332775,0.00361273096070719,0.00102995981363621,0.00376408876659809,0.00195895976608573,0.00107141573762955,0.00333106713113242,0.00364965429883052,0.00056626916586065,0.000650885043749889,0.000567518827707093,0.00615844357397369,0.000706955382391363,0.000691954286846571,0.00330522768436515,0.00348316598758475,0.000547304739798455,0.000634412410462952,0.000748297465645433,0.000674292906491154,0.00326954790096438,0.00302711829606725,0.000834423981143817,0.00603480428843303,0.000820734342184922,0.00328425788529904,0.00358084479994362,0.0062020012731467,0.00600118097925841,0.00604284213785457,0.00507608907787545,0.000661660021251265,0.00345156493912001,0.00220567859565652,0.000983510262666318,0.00104912632680734,0.000748447226597281,0.00073595675278409,0.000661514805883738,0.000725789646241199,0.00503369809554321,0.0066642671037727,0.00357721933856679,0.000554930519570502,0.00352011396986787,0.000692166048017234,0.000558338596500567,0.000667343027674598,0.00359289781102733,0.00679409331279439,0.000581697931861698,0.00664172685274643,0.00055552252937017,0.000693602641678782,0.00066132309920795,0.000578665552717102,0.000945929805328322,0.000826130614350725,0.000698618825310852,0.000672600238025297,0.00399521574746158,0.00403844560666854,0.0062772829163827,0.00653039112117295,0.00681512610254729,0.00663787769602215,0.00403681684796557,0.00407729529901341,0.00331820150934737,0.00403530541891161,0.00612621382929347,0.00100076411325914,0.000673880783541691,0.000883536759325417,0.000715054159187182,0.00388695656494113,0.000724105916485283,0.00338890567811199,0.000657012436156983,0.00419632641002612,0.000683460848203749,0.00405617618393415,0.00413659903909489,0.000843327523149707,0.000699577279079227,0.000914036361817838,0.00104152728615457,0.000939071471913968,0.00371207168895117,0.00416951810386025,0.00395988312173756,0.000895297125816084,0.5,0.000675653054232613,0.000637354411678948,0.00407014867813094,0.00386355144901024,0.000659635846437981,0.000671394338575694,0.00408588195361094,0.000885789957945625,0.000712119800686014,0.00402312920200799,0.000557436801724275,0.000829374945967044,0.0038658792641604,0.00201502030848148,0.00342068142344348,0.000701874472804194,0.000650659566976105,0.000763483327724372,0.00356076677721521,0.00100952765334971,0.00618946417317186,0.00405310383686043,0.000682347885912288,0.00412539787528231,0.000742311034412788,0.000564638442672514,0.000628613704820814,0.00394515989656719,0.00366695753884976,0.00423020057293414,0.00104948700407796,0.000629578537860595,0.00402635475579681,0.000729342378209721,0.0008652086645683,0.00212682587545005,0.000765396839110049,0.00408204431813494,0.000939684067137051,0.000850444504231802,0.000582619583511864,0.00070159554177568,0.000651799975675279,0.00380407631229316,0.000676495354780761,0.00382984487311156,0.000650710496993317,0.000866829166978276,0.000882457066650648,0.000670947450634952,0.000778290615461137,0.00196954649062769,0.000801164460321599,0.000558948959215962,0.00408486972987628,0.000715423664685372,0.000654771258258002,0.00198643516876878,0.0040913029057985,0.00328254267740612,0.000957179557781448,0.00402535960280405,0.000920710240491784,0.00398478559383536,0.000948570322892371,0.000870832984675277,0.000830129531183786,0.000725811085798058,0.000543249956241759,0.000584238430003863,0.00422385294863392
"DU0048",0.00182937283213562,0.000885841478453334,0.00123034335225527,0.00104609121982205,0.00142438386895901,0.00120804486179094,0.00128987667389401,0.00294525795535481,0.0012315452820066,0.00073155511608464,0.00113787991623125,0.00102285004448538,0.00102910748067208,0.000788571916650593,0.000765499929286889,0.0015483419586373,0.00100094836385082,0.000868512841391956,0.00169407462970074,0.000886991408373643,0.000828791500133341,0.000822110403564079,0.00088178510523468,0.00173448997392298,0.00208468551160217,0.00106317627305768,0.00219633413884459,0.0012197590929947,0.00153624725737436,0.00165773174272582,0.000757479312891562,0.00101296273728004,0.000799154695498244,0.000761966592451988,0.000749475802468912,0.000740278696910734,0.00142525782161207,0.00110720506729161,0.0043894106507513,0.00100287846901239,0.0011553134751137,0.0008082232926805,0.00120705698181545,0.000668125187420767,0.000783911300197699,0.000812629285460194,0.000883009154262513,0.00250053905487261,0.00187491793263814,0.00110902392860121,0.00257652831114583,0.00098230279354657,0.00211575645223146,0.00105766059146336,0.000926615541324408,0.000939424219176241,0.000852723083898727,0.00100655973839834,0.00194454180247227,0.000843909268854906,0.000828545128585417,0.00406802458696385,0.00474403755301605,0.0265165137390305,0.000729381980306392,0.00386670355226878,0.00169231088657929,0.00181805892040388,0.000762426332086475,0.00183309150031514,0.00155410740749927,0.00142548683434547,0.00150918086963365,0.00438801227954886,0.000638361751864504,0.00134757787578845,0.000729115026649342,0.00141406813212289,0.00180618243068687,0.00214699813391886,0.000750964080280341,0.000756431167352441,0.000730634210644838,0.00184331656110648,0.00356357627588441,0.00111078088833615,0.00101373870055856,0.000998606372879158,0.00143475094227621,0.00426973410252232,0.00122452181983222,0.00130720103979451,0.00129033696943699,0.00110595801503597,0.000819703381321905,0.00178973162986805,0.00224226711967389,0.000789443763993671,0.00215057982260534,0.00255060138551633,0.00484357631875156,0.000878380871383494,0.000745786480538392,0.00242120507589449,0.000676378979782719,0.00195483378045444,0.0011757316057468,0.00468354614872902,0.00185272699947505,0.00101372629516523,0.00331127442330326,0.00215553992129018,0.00124396006965078,0.000658544663745393,0.00437272428021301,0.000635082483447977,0.000662038856921277,0.000668718461524,0.000664786463507831,0.00187864497155274,0.00348477503542878,0.00382738119421295,0.00128912010028875,0.000679318066373194,0.000789858344398487,0.0140152543866447,0.00148141924267812,0.00441703928249784,0.000844016367653448,0.00189776620690121,0.0023309794019472,0.00129389381702422,0.000961277142662036,0.00571541811839358,0.000654698296457931,0.000794613209532711,0.00105747989063726,0.00103157432726002,0.000915374658510253,0.000946151936090504,0.000905136777429192,0.00416774260535317,0.000816713972306456,0.000767031276380689,0.00092469820891914,0.000675653054232613,0.5,0.00552534640148383,0.000704005477086206,0.00145033111108942,0.000993855543272783,0.00222459009161781,0.000660408534229527,0.00140972326406035,0.00530782353673049,0.000721386046878145,0.000950336637145091,0.000980485309852785,0.00112525799894736,0.00101278955736196,0.000896615239525889,0.00179796786944666,0.00168232333581005,0.000914477057553259,0.000827572854913525,0.00100429679168964,0.000631702863865312,0.000686171639393617,0.00178142064174116,0.000707685754910013,0.00161769694567795,0.00946515494550366,0.00168174666897529,0.00084232128994832,0.00333702450438865,0.00154902747806753,0.000987773825109243,0.00235863254375637,0.00451879974959733,0.00454346986345144,0.00234780444731786,0.000981575610231788,0.00379391698377496,0.00069767941157196,0.000923008501200287,0.00192059335451214,0.00171400944625053,0.00469390007517236,0.108606956311713,0.00353403641099667,0.00158759004789793,0.000909728368117193,0.000821970490115322,0.000798964210851338,0.00164795483160723,0.0034752548401717,0.00121201151132267,0.00119617383569877,0.0010636148594814,0.000946886364808436,0.000765155566175352,0.00150147041412978,0.00195043623572162,0.00197332991174541,0.000812992626012948,0.00138134866976538,0.00100742132325673,0.00112321244940563,0.000930590491509935,0.00109589985441637,0.000717567010933632,0.00143014232471614,0.00116665972817898,0.00134161684527603,0.00179918930946389,0.00181677355248369,0.00161404330153624
"CH0019",0.000861335937034258,0.000889431781271214,0.00120759159082813,0.00122876942400684,0.0033127919321301,0.00120971718402808,0.00201138847103369,0.00421264578594406,0.00130507592018309,0.000711427819507101,0.00117562081013444,0.000744022679171465,0.000741139280879955,0.000770462705359858,0.000744471460092221,0.000470612513887147,0.00076802255879077,0.000901749218299383,0.00131067177012727,0.000894797769132109,0.000953945103586173,0.000891747302644445,0.000896697218137995,0.00308330235731184,0.0015187511109466,0.00101651064026505,0.00295201565617855,0.00126128305154871,0.000789785803781664,0.000912515912965374,0.00070752384180877,0.000969112049932468,0.000807054842979452,0.000758572712313099,0.000714348063384173,0.000718245074758042,0.00113550078740232,0.00168606969638145,0.00756984790532939,0.00102904185481099,0.00212647392480434,0.000964453980953767,0.00117546268784385,0.000792870558651241,0.000994615467130096,0.00100171443361658,0.00106047923964302,0.00469396389444058,0.00655458464243306,0.00129694644886277,0.00684087360606462,0.000988138459383655,0.000999285569734898,0.00100755612534507,0.000977554724214066,0.000974931792579145,0.000851848363453846,0.00091632792889362,0.000979662299658336,0.000853749143142396,0.000843653563052446,0.00995543450241482,0.010409404676196,0.00508352541867471,0.000707215326922147,0.00514447342591774,0.00439786690935154,0.00123480016917189,0.00093466603979235,0.00775612403050495,0.00344791355498228,0.00246070737755553,0.00712690056987989,0.00713933651011013,0.00064864604697096,0.000990106669766538,0.000709701444028744,0.00118635476061849,0.00123861657584011,0.00154436499414949,0.000715769422551363,0.000741175616860529,0.000711231973313436,0.000896877937337896,0.003434977085709,0.00108324001265343,0.00106411644339621,0.000925033760940467,0.00260705090605149,0.00460918272824625,0.0013245263153693,0.00124806660346033,0.00119861762118563,0.000461891625978748,0.000823236750236632,0.000937202638798125,0.00703339258061838,0.000922145884789737,0.00512571760698972,0.00743079879390541,0.00989649069306201,0.000926821232606105,0.000681828356382194,0.00786377648048588,0.000653880433269944,0.00950644034308913,0.0013834797453382,0.0108761898311162,0.00762749899664876,0.000951451806730611,0.00130403103393576,0.00166795392385129,0.00119650064168079,0.00077437900292705,0.00476567763508514,0.000606478574898148,0.000626430528873379,0.000625377807200526,0.000629581331102004,0.00287882557018126,0.00360009238570732,0.00312019178939056,0.00099202629217814,0.000663114712027871,0.0009214621990717,0.0024382013528391,0.00116688741696152,0.00880095797543053,0.00104368806400706,0.00124428524754084,0.00384174493092939,0.00162171380975254,0.00165829852399385,0.0128281667971526,0.000766794454508687,0.000940322183853696,0.000996183230345114,0.00127551813126773,0.000926206283768209,0.000995958091773176,0.000894566236546197,0.007351852896542,0.000910831835376553,0.000775058452033096,0.000892101000973284,0.000637354411678948,0.00552534640148383,0.5,0.000822673813095801,0.000964208708709827,0.00127951275847587,0.00150310798678204,0.000744395881006943,0.00217035241971089,0.0115336490934931,0.000832222967336863,0.00113038404438192,0.00107736986702879,0.000847786456426681,0.000880344613064678,0.000781005251130924,0.00132998846983741,0.0045128260092685,0.0010884166201888,0.000832974674937736,0.000968849642159979,0.000603357952198558,0.000821078963239803,0.00734231960053414,0.00075691308081647,0.00511300960739005,0.00666600420815821,0.00747728342052857,0.00101126629158242,0.00161971151484972,0.00071486847978092,0.000905609070121597,0.00683318377245402,0.00458647640158568,0.00725841351190349,0.000975576108357724,0.000891192312073506,0.00116794700975189,0.000713995614974461,0.000898906092197121,0.000976043991927486,0.00801725029589922,0.00897072569424299,0.00259933131445882,0.00499933366178546,0.00130111854838862,0.000954358297171365,0.00147835837911681,0.000922583845110312,0.0054286121358527,0.00448895402479112,0.00106807785376234,0.00158151927249944,0.00134420146212256,0.00109832576491051,0.000840745399448817,0.00174102325378169,0.00369476821069448,0.00113726743428873,0.000869146596032855,0.00328736494234526,0.000974104727818841,0.000872130003257569,0.000928373653746619,0.000883618672635418,0.000768313242707593,0.00102799171147615,0.00123074446973274,0.00119196039656973,0.00796659305459853,0.00788898436920178,0.000771191830508929
"TT0019",0.00358914133107199,0.00337590324029556,0.00193018588505519,0.00367404026083067,0.000826928684364111,0.00351874967778933,0.000807888682366849,0.000920857603059089,0.000965204466813023,0.00345334044729169,0.00096375149136646,0.00364308189503116,0.00365967896493006,0.00349762019697913,0.00352666343792845,0.00098427588519463,0.00349304387793991,0.00422767103994258,0.00454137268038032,0.00326505070035309,0.00381690867569778,0.00318138098667757,0.00326611693908982,0.000892487145551042,0.000955396557747855,0.000800325434330685,0.000771240894334185,0.000853769011011383,0.00137410236223279,0.0033619995763706,0.00346027497444949,0.000936245850572038,0.00481612004721126,0.00350077361866275,0.00350992618642171,0.00348779046468455,0.0055863336074307,0.000920179807286212,0.000830833159435852,0.00371877122857831,0.00196978712156797,0.00380614910599834,0.00102689565022591,0.00362657685396212,0.00626585374912561,0.00688324918931279,0.00351828037133827,0.000808628389249658,0.000855943305776544,0.0040044704801413,0.000941898353009707,0.00599378760896407,0.00379936430997083,0.00334853271571959,0.00635461372586457,0.000963105626935168,0.00359495260957726,0.000894942331696814,0.000900736309993785,0.00321741993856756,0.00466556640395396,0.000852606916508886,0.00089465552312959,0.00076763561984985,0.0034974394794045,0.000852515251744051,0.000762098241182893,0.00345100159365151,0.00480233614196231,0.000885520628344888,0.000749460799305296,0.00103104191261367,0.0032705374756036,0.00333670051699487,0.00131285641364805,0.000812451235771544,0.00344873716194186,0.000701650038877731,0.00095832172397319,0.00103320286994444,0.00351434958038491,0.00347429345542085,0.00345306859727658,0.0066422332672047,0.000700393926460634,0.00342699157475188,0.000990364875362019,0.000958442983918402,0.000899725932731982,0.000834724943035429,0.000936409854327793,0.000758695105724819,0.000930640287687714,0.000980874460777096,0.00370758686615627,0.00348758511619913,0.00184827956475595,0.00372833873458028,0.00363965317428306,0.000892407767951441,0.000816224759957893,0.00372046394547487,0.0044334783619983,0.00282637374892404,0.00406105563339349,0.000828596280048141,0.000919169945308274,0.000823329730888093,0.000918304950861324,0.000902083527805686,0.000914928608512007,0.000905080087136485,0.000919902059458433,0.00505035567907457,0.00396405068438179,0.00394953658715264,0.00394465893878756,0.00407327507762857,0.00404431034912548,0.0039423114285456,0.00410059415796455,0.000892490751650471,0.00409884865877219,0.00396569313434062,0.00100035538768048,0.000879410479241153,0.00106150440642535,0.000785820595774759,0.00398082170050404,0.000855556680659748,0.000966447502719704,0.000842232049521819,0.0041521907699733,0.000810605966207308,0.00625000313116445,0.00418355857039362,0.000808139909697963,0.000960065353670586,0.00085768505984771,0.000977125994775391,0.000839009199375823,0.00371439272591804,0.00509674043411586,0.00387473150449141,0.000824639491022518,0.00407014867813094,0.000704005477086206,0.000822673813095801,0.5,0.00637579624548647,0.000991657137685202,0.00087684978925624,0.00671472625603762,0.000852792691365014,0.000805038269656269,0.00415665644992716,0.00103898574562005,0.00302779246229273,0.00111422383295432,0.000880399735018671,0.000981849752620721,0.00189691441260007,0.000904900865294509,0.000971113998832553,0.000975850760817231,0.00204227881822051,0.00392665214300864,0.0041735786592699,0.00105795697329638,0.0042334356787327,0.000833765923591701,0.00086100608299513,0.0011725695127643,0.00401411743192736,0.00106667436055448,0.00400995541499093,0.000915646662220474,0.00347228830361323,0.00401323140481936,0.000798265495543779,0.00077994208171776,0.000854265596932585,0.000769038512212709,0.00412725150577335,0.00098049191390673,0.000783195442910077,0.000905310637839948,0.000794719866605462,0.00079143902310855,0.00383423353877797,0.0009078308769859,0.00395125600110724,0.00104684391833096,0.00137765495101138,0.00094170472527581,0.000781848617268024,0.000783634815208072,0.00377884156701417,0.00105057090061873,0.00157082173109604,0.0041740859444902,0.00181745793723821,0.00178033352162282,0.000873049720834942,0.00416910407601826,0.000918083115797463,0.000903454132628037,0.00749168254735397,0.000852145237428405,0.00750248063250827,0.00122155760460289,0.0048209314979613,0.000982572422947043,0.00091484307275672,0.000915099588498425,0.00091032221818074,0.00430399015014474
"TT0018",0.00339106946081429,0.00321389878230728,0.00332842456666434,0.00361134823250505,0.00096009741314733,0.00570650480983254,0.000873047842858788,0.000862346967033428,0.000890867291447848,0.00327572954346308,0.00197625563643909,0.00344626678559443,0.0034597760415042,0.00330932156644819,0.00334639981382974,0.000898214373574753,0.0033151286730785,0.00311152136288791,0.00353062845278862,0.00202317063048934,0.00356176013460608,0.00194017957384989,0.00311146540735899,0.00097476056276638,0.000933140641782754,0.000793079973890394,0.000763999463120884,0.00295001357495043,0.00111058672474788,0.00320210498673446,0.00328194511027966,0.000858275529388062,0.00355524624741181,0.00331235811210147,0.00332835343152555,0.00330762409302553,0.00371555435784576,0.00090439644957289,0.000866892711849621,0.00320321184312432,0.00105270749475942,0.00356649103826297,0.000981932630286342,0.00298419441192976,0.00569364853709723,0.00599727719115905,0.00313290263762197,0.000898506672855198,0.000991933129731652,0.00382876099623632,0.00103660942288193,0.00449972437043807,0.00361760464878349,0.00200559630816267,0.00599835691087381,0.000924441611864371,0.00338085603473991,0.000842360722905289,0.000859215491227978,0.00306260993612543,0.00339400795878713,0.0018958962571926,0.00106564730003115,0.00103774820253278,0.00331677416009577,0.000891483872849862,0.000824333505205854,0.005705299451096,0.00350953302022943,0.00177346415573593,0.00078799645933709,0.000990493546353771,0.00308597278070641,0.00321723991987112,0.00102231551270925,0.000824002256014385,0.00327139915338548,0.000666408333455098,0.000943729180634919,0.000984387080387745,0.00333347856457366,0.00329796426141847,0.00327554062604896,0.00621734668011331,0.000731702760594762,0.00327203336968013,0.00100122781621486,0.000906269698665836,0.000893457282563403,0.0008367806089796,0.000945398307421768,0.000746011343583652,0.00094849393625779,0.000893572872806288,0.00350346633788621,0.00333671083924842,0.00311241957694761,0.00347240788319891,0.00327191436299971,0.00213246874361794,0.000888053530851604,0.00350495332203752,0.00422396662150824,0.00341085840091749,0.00386290969528048,0.000999386566290213,0.00200519887058407,0.000903103294947942,0.00325814178671743,0.000858430414534987,0.00200346821639399,0.000844028802487157,0.00302172630448891,0.00393214966096145,0.00379800443220441,0.0037566645723183,0.00375304857414964,0.00386494582507511,0.00384630033704515,0.00376351512920822,0.00479953322150964,0.000896086301576754,0.00497107104331636,0.00376662470928194,0.000833547755210216,0.00310615208397971,0.0032942133737782,0.000807922739141973,0.00482760743973716,0.000812761913628069,0.0010325986559772,0.000944353225110789,0.00396682699949026,0.000888045707929331,0.00402491221582872,0.00403908046381125,0.000784507210204187,0.00210583300155416,0.000855219798551743,0.000940203942763917,0.000826958801464045,0.00358350447466601,0.00404058603639695,0.00369762368716783,0.000811598652505457,0.00386355144901024,0.00145033111108942,0.000964208708709827,0.00637579624548647,0.5,0.000872352121444348,0.00195685189633842,0.00608985806488307,0.000857953158282007,0.000845260419738581,0.00392656506002666,0.000897969875834228,0.00104852646291855,0.00100479573416695,0.000822890270960688,0.000944863245651565,0.00335898710329386,0.00201781783410285,0.000976392116756539,0.000942139014627184,0.000965844955557845,0.00373519551936299,0.00393765123758365,0.00115220281422844,0.00396626655620033,0.000909167018204308,0.00107219917772176,0.00120934484858843,0.00480225032271692,0.000983620177720924,0.00380334317526103,0.000887522726756906,0.00371720120414012,0.00383541971045274,0.000833788667411711,0.000785948305898555,0.00084908726161852,0.000742371555048012,0.00387300239989313,0.000914253861822885,0.000758736691951114,0.00296524613955067,0.000806211439474996,0.00318760840331266,0.00442447676971239,0.00102532897209391,0.0038347773110057,0.000872077160302455,0.00203805050297879,0.000992344402471605,0.000841327857359971,0.000773361432518102,0.00351698135068208,0.00103363546495868,0.00139459824819705,0.00397467484911264,0.00321660528710787,0.00314301037632848,0.000880795289919319,0.00502499117239814,0.000925229864116162,0.000830991475770896,0.00609079562464702,0.000842943979527388,0.00604212543294919,0.000934219408590838,0.00352261240841373,0.000998812928144633,0.00294740697461081,0.00114176574216944,0.00312340517934869,0.00403393878640746
"TT0015",0.000850794275910668,0.00115396757686515,0.00101111029270453,0.00484146826847719,0.00145589571439254,0.00213214244881183,0.00225018725324139,0.0360855692621942,0.00125864633778974,0.00110640355681624,0.00184157517989239,0.0011250748299655,0.00109811414606703,0.000809488826602648,0.00077159331982949,0.00107949955194643,0.00121538756827977,0.0068368018740276,0.00119063579582207,0.0152279472433415,0.00117022690870554,0.0137618530223612,0.00113813383060537,0.00102157862242694,0.000808807756925317,0.00116690563990698,0.00485582747313189,0.00213460359598187,0.0077477395096396,0.00114990243844855,0.0011212764016565,0.00125157450542304,0.000841424517621768,0.000758471668942927,0.000993324029518822,0.000984822409787769,0.00118238168006534,0.00210039607147464,0.001221818218388,0.00119182641775017,0.00118195512337327,0.00135785136996314,0.00186682742155012,0.018864163846968,0.001422075662256,0.00140654335726853,0.00137892946432622,0.000945838772769812,0.00220119352585537,0.00138537172012593,0.00103569106906103,0.00216038554254469,0.000957539870041605,0.00105693738336898,0.00194142272971704,0.000871228083957787,0.00075128872110283,0.00079098654545965,0.000848665053738926,0.00119181217678643,0.000884308783539842,0.00137177193870833,0.00207667311473495,0.00109932876702599,0.00109405461872077,0.00122426599603829,0.00103812445922496,0.00231609077702075,0.00137373129926483,0.00146665192023109,0.00123353224498727,0.00204331178846332,0.00153453839640557,0.00128046435271111,0.0140029697067851,0.00102290488791328,0.00110371717112376,0.00108886298208344,0.000842942472268458,0.00103519633225067,0.000995676491041704,0.00116154828074623,0.00110745773903261,0.000939037817627192,0.00117421301233308,0.000878861841199337,0.00103146934986065,0.000739795146232581,0.000857295937307329,0.00113093227154618,0.00102054448252852,0.00111035976830157,0.00190090205287167,0.00118152357345923,0.000711583438987054,0.00107003307223107,0.00213404990928981,0.00120131301260228,0.00128702283363292,0.00126016368163548,0.00127381560241178,0.00181646310915813,0.00101400867061104,0.0012074103903412,0.000946321078087356,0.0019855076428199,0.00235166708873789,0.00127556058056788,0.00211317635999051,0.000722143195817574,0.0011909291974952,0.000989763511331936,0.00183985414920768,0.000995868384224453,0.000898861336895965,0.000906261954230949,0.000653952200336766,0.000902054492169741,0.000933655458924616,0.000867215824077838,0.000849570396034061,0.000922917042814685,0.0011219310394188,0.000691606720137771,0.0343745873181823,0.00195546132558656,0.00102953167710129,0.00120368652510785,0.00112385649631442,0.00116879279064336,0.000988927055804439,0.00136985852574663,0.000842557345530029,0.00121306457853054,0.00094649415634173,0.000889436803778703,0.00116365775173777,0.000938306699135863,0.0011746893521077,0.000880173854413363,0.00119784487598546,0.00102765596560096,0.00181850812194007,0.000903430572224999,0.00112414888433492,0.000659635846437981,0.000993855543272783,0.00127951275847587,0.000991657137685202,0.000872352121444348,0.5,0.00116973754682118,0.000824695344560405,0.001897434205438,0.0011832708129322,0.0010245083392033,0.0214888347713996,0.0019579179926013,0.00113482343942242,0.000777105594807352,0.00100676992640571,0.00113087609354219,0.00133392533306561,0.00189240737473491,0.000780808469507107,0.000986911414857768,0.000943875406553936,0.00102140763704008,0.00151255771173528,0.000862872367218007,0.00112460109226637,0.0022036957971539,0.00160247702834921,0.00114984162906823,0.00105377322769735,0.000692999541505529,0.000803977141209736,0.00107158524918831,0.000937429098899267,0.00116149058764057,0.0010770615647491,0.000753624278236693,0.00100910602910226,0.000794307370378045,0.00339395721412371,0.00111754644361515,0.00143115197858705,0.00120542547664216,0.000939362057153276,0.00184202596170986,0.000933739874163088,0.00165116974694201,0.0270550012885226,0.0142198402291086,0.000863639244146473,0.00134456272608387,0.00104375440826812,0.00101372220108777,0.00198866726301597,0.0111954533127283,0.00193745597758642,0.00201832334539204,0.00113719430726873,0.00082708049996984,0.00083908802339648,0.000840898894443351,0.00121943254729027,0.000989202692076926,0.00117496688523728,0.00110005592833274,0.0133697314792766,0.00109630404168065,0.000933337516997685,0.000969146056908624,0.0048261167518813,0.00216865982938849,0.000944211050547117
"TT0014",0.00101948459342964,0.00107091008594189,0.00533254381990323,0.00137920476792895,0.00871405308444592,0.00376683664425597,0.00340966569998032,0.00294039622265984,0.00110204507077807,0.000833804821329329,0.00126781517061122,0.000799210633322245,0.000781149664028445,0.000965041498675193,0.000827111251106868,0.000614022598328031,0.000832750965817443,0.000891327419646239,0.00648197353749896,0.000886325970299953,0.00093753544216968,0.00089136957375608,0.00108824679273099,0.00536367911104539,0.00608321751015884,0.00105767265983212,0.00102617336248272,0.0013377681160113,0.000815888265242122,0.00110181831836512,0.000803892289654893,0.00104849582207071,0.000960043400234981,0.000905489910105693,0.000802327635938991,0.000873386962874546,0.00105648055970682,0.00333991359699021,0.00513231455116192,0.000959317425938844,0.00553822648461158,0.00106964283466261,0.00634184264136219,0.000809432633491119,0.00102925404095767,0.0010374435015893,0.00563237510660698,0.00476382777628225,0.00244218311059879,0.00215154990454697,0.00145600207185417,0.000982498092090562,0.00404977768100992,0.0010823748067244,0.00112604273573855,0.00598468158376044,0.00103288707825925,0.00135648700523289,0.000995385983668825,0.00105793803814703,0.00104227853763414,0.00373937774420603,0.00153099615187739,0.00440212626305779,0.000828943401888291,0.00593697108130927,0.0017486630719933,0.00370873783496527,0.00095153129128888,0.00166655615118859,0.00354033108617,0.00530992110806243,0.00146135597179722,0.00112491062198631,0.000734543939981722,0.00423588815168118,0.000833743511058062,0.00236178805695727,0.00557953437436129,0.000822959506353741,0.00080389105903932,0.000838392091169637,0.000835930345660351,0.00101608398521403,0.00192099954442697,0.00124938030541625,0.00645099998037662,0.00143796683627207,0.0045166814237773,0.00107771745769423,0.00129164245634145,0.00112920242063197,0.00114209124834722,0.000618730169017992,0.00105444574520781,0.00370729708233614,0.00368088741145991,0.000886965101333064,0.00173402109391382,0.00455532616410409,0.00308762558967926,0.000929474776040804,0.000760994998465921,0.00172047827678715,0.000680568674680612,0.00151258330258953,0.00891624146793611,0.00254134724664291,0.0037460556178924,0.00127036949930105,0.00123957225361348,0.00398851978876236,0.00837275656059422,0.000808223062256822,0.00088633164998617,0.000704953669193566,0.000741133017260817,0.000666277017682619,0.000675464240250433,0.00084181015739001,0.000912316261581157,0.000908981829378806,0.0021340483821088,0.000809195659961873,0.00092867395220153,0.00709723154337672,0.0012346961310147,0.00112069769614508,0.0031511018288843,0.00106671441714203,0.00320520158439442,0.00685392051418466,0.00205730262709284,0.00176158738251071,0.000742367425874521,0.00208166273446114,0.00111154116634481,0.00788856077644215,0.00513110816980004,0.00609936533174396,0.00491336807358491,0.000935658515007782,0.000762061137985517,0.00187503897933202,0.00310403347724575,0.000671394338575694,0.00222459009161781,0.00150310798678204,0.00087684978925624,0.00195685189633842,0.00116973754682118,0.5,0.000787497534643421,0.00526340390767412,0.00417786851636375,0.000848280515444449,0.000878706685546709,0.00092641378190472,0.000812456048316635,0.00137127330397616,0.00125151075666163,0.00357471138225115,0.00434702708513414,0.00532843252705196,0.00514960517973232,0.000958620017866329,0.000691862517243912,0.000784524870378466,0.00150889923955633,0.000773718215858376,0.00368995718641849,0.0015843890149084,0.00155140845776456,0.00353104827707606,0.000803496263165931,0.000833914577552652,0.00173324549749466,0.00389650260296057,0.000811429592409851,0.0015913617704818,0.00257010264202036,0.00148083354554162,0.00117805656837737,0.000788033317868075,0.00487857039153197,0.0011578705725615,0.00376720367815762,0.0011460868589602,0.00446602334895107,0.00101037775143313,0.00883758538122177,0.0031739482047503,0.00104551622712861,0.00104625797364144,0.00158528449360029,0.00194473569195788,0.00318584249300206,0.00584199154379054,0.00625497668746523,0.000921386962499312,0.000825788689107891,0.00630738721423432,0.00536750273169285,0.00233710760182379,0.00102589364020352,0.0042801100801456,0.00105504834019737,0.000911629499459985,0.00503852128469858,0.000897267601956351,0.000917963700504393,0.00319941406517597,0.00131252977436994,0.00123547154685062,0.00272908278655542,0.00281098014027335,0.000754864775380007
"TT0017",0.00371614479213637,0.00338630712915508,0.00190413824043645,0.00364361145588747,0.00072081428581523,0.0034766038773059,0.000791871646696229,0.00075936756927147,0.000956019152212831,0.00346712847706062,0.000943230423556872,0.00366544065487864,0.00368147995873774,0.00357434191207398,0.00354744832128745,0.000965213127651826,0.00350496899096377,0.00330000983777605,0.00358790958979152,0.00115365965533131,0.00493266025085904,0.00115559310274772,0.00327467584270034,0.000806005245217691,0.000974546762088431,0.000806329708783736,0.000762808223695534,0.000831516416161822,0.00123949004951887,0.00335873925988694,0.00347451811343317,0.000931421006989496,0.00636710865594497,0.00353756876161788,0.00353031120986803,0.003517747322722,0.00403013910345609,0.000874135626977084,0.00078701485395392,0.00365537193793177,0.00103945118114914,0.00379985524447755,0.000965771891467761,0.00350481694072057,0.00597707734633037,0.0062728259564904,0.003101806879739,0.000752178778433125,0.000759121531024544,0.00399702253330152,0.000965374660890032,0.00474977831460536,0.00379495454042656,0.00361133382881363,0.00619708587537373,0.00195148824481415,0.00582782023513397,0.000978457762299823,0.000977947156548288,0.00322369952727135,0.00629092241265161,0.000751192358214981,0.000786891669980217,0.000684744404515494,0.00351236652658842,0.000788444813052164,0.000720627595110965,0.00341691599468008,0.00380989465617733,0.000755933205120585,0.000692967210086942,0.000944010560505473,0.00285906720506193,0.00332830911602283,0.00102829593405397,0.000795519080192495,0.00346244025758225,0.000683432916540876,0.000920167686404993,0.00103718488649412,0.00353457186789237,0.00348813968245084,0.00346681951693944,0.00635950750318953,0.000694738969556311,0.00343634225373022,0.000973525593236681,0.00105189376973526,0.000918940960923168,0.000819048495761191,0.00155687994810249,0.000754895982631374,0.000884627878188275,0.000960651756957535,0.00377580808276547,0.00349938794499229,0.000845916332466626,0.00598298398513486,0.00322380560854778,0.00076110302311014,0.000751495971605897,0.00599525596435471,0.00443862805749844,0.0017556822038361,0.00407161774279486,0.000734928729783782,0.00084181791205811,0.000754207225167045,0.000798742232831201,0.00193754192358426,0.000920543699501319,0.000800924758207863,0.000834900404048849,0.0060857496490926,0.00397457854810159,0.00396000174918692,0.003958931620393,0.00408933343680388,0.00405504334055616,0.00394880961608949,0.0040945458447297,0.000905744826260548,0.004081261994142,0.00402472322983257,0.000854475105312304,0.000807899387774622,0.00319634607196072,0.000766468794353315,0.00394210744668771,0.000843029338794746,0.000949222898896588,0.000743946248423376,0.00414449577360943,0.000755323100965535,0.0065939281806582,0.00416441361148588,0.0007950647983086,0.000875419527632074,0.000828315991321226,0.00101533511691071,0.000809913448734198,0.00370422451054915,0.00517889891138328,0.00388013181584241,0.000815431197930918,0.00408588195361094,0.000660408534229527,0.000744395881006943,0.00671472625603762,0.00608985806488307,0.000824695344560405,0.000787497534643421,0.5,0.000808239882500872,0.000753758095975854,0.00418315920851678,0.000871387615268132,0.00310282011218109,0.0011253955977889,0.000966499869337735,0.000977001954924655,0.000881286792327399,0.000805896923063149,0.000926509752023363,0.000993585886526387,0.0034965328327938,0.00393483662074068,0.00510555653256132,0.000955900274777063,0.00518618526139064,0.000785710372815488,0.000751822759780302,0.00100127932844807,0.00399267786439528,0.00106080294321804,0.00409111436194298,0.000994927231512154,0.00277161158792078,0.00403392896030192,0.000768962190707692,0.000767187125295424,0.00089262456554993,0.000797341450958423,0.00610202260413768,0.0033872087529689,0.000785219061697479,0.000786617531512968,0.000772549561046468,0.000687422370422749,0.00382242671621954,0.000802833036943449,0.00391314273402647,0.000894045503276143,0.00188288055721016,0.00295411772891412,0.000738095871234352,0.000780767094322378,0.00393345604796093,0.000985921177323345,0.000914453235024454,0.00422122482777324,0.000832957846256947,0.000786683820025673,0.000864626237430201,0.00609410564371759,0.000904278325625715,0.000896204993551817,0.00637672463057866,0.00083622552153018,0.00640671590152977,0.000915509661197214,0.00367069597557053,0.000974904186338732,0.000893436939212844,0.000776235164066602,0.000795605790553399,0.00523995646637274
"TT0016",0.00102416069042846,0.00457736509845412,0.00159379005380978,0.00106771356216975,0.00609821938666905,0.00111709207035196,0.00112119460506273,0.00123978536691317,0.00100645461634176,0.00214613284606077,0.00109226935891793,0.00102565402678492,0.00100262656933816,0.00100705540629683,0.00101607030852112,0.0014773970642711,0.00335766523151967,0.000783482638237998,0.00509554843120849,0.00110857293414448,0.000933528065933116,0.00113701978861194,0.00451688528436316,0.00671907878933143,0.00593998680275212,0.00415592771289689,0.0010115595271886,0.00103983930924775,0.000803672701962774,0.00421941782891577,0.00216975109611884,0.00425004574173449,0.000966535951501897,0.00103517754279247,0.0010038593908571,0.00104680703174705,0.00104222941101794,0.00107980008025726,0.002810216979423,0.000987599547091059,0.00623665418955983,0.000972930851194132,0.00453184882687987,0.00103627108075833,0.000917742639275945,0.000967515409018211,0.00286099744059905,0.00680599992887086,0.004825854639354,0.00107941541182352,0.00236548710574342,0.000929711457762711,0.00254966208307213,0.00106510658216357,0.00100337745867292,0.0043379956527532,0.00100327447850778,0.00117132480531097,0.001044083342681,0.0044684288029417,0.00101019726350556,0.00221849946997318,0.0019181678864874,0.0039955587734446,0.00201696127480153,0.00441648854902551,0.00655060619104948,0.00102884358404787,0.000926558794169267,0.00197439807517184,0.00541254067893781,0.0065257779878873,0.00184114528627704,0.00119405776867987,0.00114196942251754,0.00451292605064769,0.0021460452427549,0.00495383672800144,0.00412709928636342,0.00106654849808755,0.00100608822680762,0.00231639194230268,0.00215986220278613,0.000991750872896237,0.00104603538912106,0.00384363942714604,0.0047782717075991,0.00117722640219461,0.00591140732505719,0.0011414108085125,0.00122796385398925,0.00236272379741064,0.000991063316984101,0.00191446661582381,0.0011065815468963,0.00424092839280335,0.00175959984531355,0.000878475129424553,0.00459365187944508,0.0025864982516112,0.00547684926444611,0.000916000762281529,0.00209001626042189,0.00204180059088812,0.000916429872334105,0.00214288174371641,0.004839484256115,0.00518567587968416,0.00203858950064932,0.00111904032947639,0.00109729945946155,0.00372991065222331,0.00304032605505346,0.00080300187127388,0.000985948992683064,0.000925433800955286,0.000894793048606464,0.000881169457812914,0.00177968900476558,0.00320623965209881,0.000942323686159329,0.00106780301067962,0.000939488126806809,0.000907712903172911,0.00324685567008587,0.00569215582944741,0.00108402101373673,0.00124089109660764,0.000938918860148406,0.00105228560509427,0.00593423669293525,0.00516928770051191,0.00100136810692661,0.00471861317997731,0.000817489392354503,0.000996833065027734,0.00426973856079284,0.00171287646190551,0.00481878973842378,0.00443948660536738,0.00456548010674781,0.00105975584957739,0.000834177632248612,0.00401323782924831,0.00458735360206513,0.000885789957945625,0.00140972326406035,0.00217035241971089,0.000852792691365014,0.000857953158282007,0.001897434205438,0.00526340390767412,0.000808239882500872,0.5,0.00550308804879062,0.000829275545966772,0.00138188313232302,0.000909641057477634,0.00109127851671321,0.0012501714798566,0.0011821787494972,0.00106156284861727,0.00529333674528925,0.00162531796206948,0.00165651538801193,0.00105189686502305,0.00195448234431012,0.000804710545369941,0.00184780971857843,0.000811144115664595,0.00749430469599016,0.00171628240071334,0.00196146712949125,0.000985063027025276,0.0010868168587502,0.000921049273568893,0.00131111656795283,0.00245556748763218,0.000927959589262208,0.00137580614769291,0.00439192275019703,0.00124624517797951,0.00131559699235619,0.000844719015013149,0.00149013358703822,0.00423812740087035,0.00196841216732665,0.00131747498021289,0.00234449314998913,0.00101969299431232,0.00326520347327509,0.000915075262047762,0.0010080157107969,0.00117107335562586,0.00410536929518374,0.00142258382363868,0.00416139441506611,0.00629346002978508,0.00532579020105511,0.000839542313627352,0.000805857702722342,0.00570829843819574,0.00167027630076477,0.00118939089124744,0.000901085164325686,0.0057607879049672,0.00432430923768963,0.000849600279092788,0.00480727854646748,0.000848061623415476,0.00387230591236243,0.00137348679094059,0.00119551655015394,0.0010240833764787,0.00205014868009287,0.0022110591820753,0.000823322878761615
"CH0014",0.000983221210056177,0.000905306180421213,0.0013689271616777,0.00112155481046354,0.00620149234411853,0.00115564713998134,0.00198081180539115,0.00411082000146309,0.0012214348294671,0.000773384517842696,0.00116493552311813,0.000807798513493079,0.000809970564100136,0.000918784595453169,0.000864070577468609,0.000597335682610682,0.000794822210981998,0.000750004461230668,0.00413272891564521,0.000788684420747527,0.000944579879601408,0.000806229128627337,0.000918551009035027,0.00690618096117448,0.00506270512051844,0.00104192638974409,0.00283880425238667,0.00118806318472989,0.000760455045049432,0.000931989465270653,0.000758271732103809,0.000981625169487809,0.000943183290325394,0.000908736886902284,0.000811850656414532,0.000849395382702876,0.00106800374453764,0.00166887440236516,0.00782964311690386,0.00105371150035691,0.00533667932697935,0.000936820490996762,0.00261803699909116,0.000757718554315692,0.000916157829782525,0.000948757298171333,0.00144795028499258,0.00621246374805751,0.00211742819519233,0.00125230233210254,0.0039493139223631,0.000912621611763699,0.00104031238751168,0.00109241702274889,0.000997898485266917,0.00246156460712482,0.000980009250307856,0.00105691931396156,0.00109370474479626,0.000870012670103203,0.000984615756489781,0.00515460388502442,0.00567938096335631,0.00448675572362733,0.000797307227923134,0.00648671497987536,0.00398702219687059,0.00109980522095773,0.000909061151442289,0.00265893456829624,0.00706622711946029,0.00597277748843823,0.00239242403451464,0.00702128130828868,0.000667449251147799,0.00114412993644601,0.000771401522812244,0.00155809385377086,0.00268760083979133,0.00160271755223242,0.000813434632652355,0.000755090274490535,0.000772788058477768,0.000972535000680522,0.00367748111015544,0.00113193951205547,0.00267448497834536,0.00106050609828908,0.00635364081722005,0.00453748396380141,0.00136160001068459,0.00117359058133361,0.00110315252662185,0.000584784239065693,0.00100524962318299,0.000968269167380158,0.00232576784872399,0.000903363817050988,0.00541914265371272,0.00419775113789489,0.0120396287110981,0.000928744379990595,0.000716088993700537,0.00276334712470716,0.000685925912300416,0.00457451292207607,0.00390424808349049,0.0122391571584806,0.0027290895765989,0.00108694462700119,0.00130291218733005,0.00183789474199441,0.00161803403000991,0.000737556731898939,0.00466595264938102,0.000681313343949284,0.000733364441421744,0.000686722390698793,0.000681987559742782,0.00285744117424085,0.00356528423548599,0.00312072445164978,0.000933214098179367,0.000778289489249274,0.000908774470804256,0.00549279168842844,0.00115910181492229,0.00869686519260753,0.000939439769416457,0.00114414071349119,0.006521361734479,0.00421738998791503,0.00170235217714626,0.0139739976117288,0.000758418484531923,0.000949039459477585,0.00101579083660157,0.0014646326598308,0.00125129605156055,0.00251402226655493,0.00118754955295943,0.00718050058154443,0.00082505083082508,0.00079617563896345,0.00106174903965695,0.000712119800686014,0.00530782353673049,0.0115336490934931,0.000805038269656269,0.000845260419738581,0.0011832708129322,0.00417786851636375,0.000753758095975854,0.00550308804879062,0.5,0.000777176018257369,0.00092866460453151,0.000997290710710273,0.000913033731024383,0.00103952778327579,0.00089686763188338,0.00122037219169966,0.00607237655260761,0.00136014731893028,0.00128348579960932,0.00105039558159749,0.000636605516511427,0.000770300723919886,0.00243920978902435,0.000769055202748726,0.00512243039087473,0.00228401925409631,0.00257158486926375,0.00098098476066593,0.00164764511347543,0.000819939949754106,0.0010905675355826,0.00404166151516663,0.00446621077082281,0.00714472650017136,0.00104513770157485,0.0010637253874227,0.00115412155328248,0.000787953075377973,0.00120520068921884,0.00100485663549783,0.0032611463399171,0.00889250559418149,0.00255989141097839,0.00487573091202336,0.00177697604970783,0.00087663286337899,0.00144694799311458,0.000851796596653981,0.00492060650565627,0.00452779252557348,0.00110221971499486,0.00537545169683564,0.00432923986812772,0.000875514947531498,0.000806776141517337,0.00491318462987064,0.003895778695677,0.00123415085483174,0.000853534327610653,0.00619922981591037,0.000987669604455301,0.000810776866296601,0.00122720216227892,0.000815458697210119,0.000751225124372409,0.00115463356552589,0.00132575337695045,0.00116027360842004,0.00274790306041559,0.00293648638033415,0.000780027906020506
"CH0015",0.00360527277083402,0.00335073244319798,0.000925975823729282,0.00366225695772282,0.000836857098830329,0.00344941455922713,0.000938495029933573,0.000866570993439472,0.00321640013516007,0.00342387722774046,0.00321861960130999,0.00360081336875127,0.00360142011625954,0.0034641608828207,0.00349376220440685,0.000897082578671106,0.00346363732382787,0.000933766410128253,0.00112125933190292,0.0010662274149375,0.00677073015836623,0.00110578263583927,0.00324121922483488,0.000858702073963973,0.000971535303642389,0.000851917285072933,0.000849017197927671,0.000965314959255928,0.000911643589918022,0.003289811298231,0.0034309370120493,0.000914603769269574,0.00365658294540412,0.00346068455905126,0.00348017570218675,0.0034555964213378,0.00112024668007858,0.00325315279110556,0.000828140337827794,0.0030452235965553,0.00335880879279258,0.00657828803301006,0.00333880985555499,0.00296894637558816,0.00595518193343844,0.00584773803654909,0.00319658244442523,0.000763940671672583,0.000929363137015103,0.00399728496177773,0.00291209054179335,0.00615000172366297,0.00372003383427664,0.00102097695883114,0.00373824789664328,0.000936563146549259,0.0035631672999059,0.000879204532153404,0.000953039494118269,0.0031910591400496,0.00355654093981428,0.000868543492087907,0.000940183009852026,0.000741798821798397,0.00346649996884966,0.000810679698568881,0.000723928637073114,0.0034324056762922,0.00630369193162111,0.000936631450970689,0.000778521862788101,0.00346513433910416,0.00322926041177411,0.00333210086725588,0.000972188665848127,0.0007981220735004,0.00341929184321606,0.000684268023976897,0.000918232457638047,0.00105056194099141,0.00348554824797946,0.00344665903336316,0.00342362891054005,0.00378177239901698,0.000887893792929084,0.00340065131714602,0.00100322645566594,0.00308489973454171,0.000858837087269382,0.000862803866017667,0.00165936786097954,0.000807559923220313,0.00326235763729471,0.000894838871072243,0.0036536544665926,0.00346238854539647,0.00105279598076092,0.00653099097833113,0.000996435524367072,0.00082890439179518,0.000785934884121839,0.00641466846533024,0.00439483363641515,0.000934059775411084,0.00402486328851996,0.000890825394204163,0.000969317128540361,0.000781280587946445,0.000893197997026581,0.00193874133672667,0.000876121666979289,0.000737481682000759,0.00183674231714768,0.00646910978780841,0.00391194250960091,0.00391315794794465,0.00390845252414764,0.00402708410461337,0.0040081464663664,0.00391194875257004,0.00397736780886844,0.000949286001214601,0.00406613268515328,0.0039284995013558,0.000932486820258812,0.000825657486775499,0.0011135017138006,0.000830620795188143,0.00390930537443184,0.00180552024404228,0.000883385876092028,0.000859002229599401,0.0042332356605029,0.000780763740987576,0.00424816340482885,0.00512038606688909,0.000823900276477121,0.000913932068825238,0.000847181814374377,0.000961945888282063,0.000825065765114541,0.00369178740756084,0.00517186091157355,0.00384293766937081,0.000808923410157042,0.00402312920200799,0.000721386046878145,0.000832222967336863,0.00415665644992716,0.00392656506002666,0.0010245083392033,0.000848280515444449,0.00418315920851678,0.000829275545966772,0.000777176018257369,0.5,0.000915021703065186,0.00338778051516176,0.00107423937540738,0.000855351754547082,0.000963448649809659,0.00085693316809641,0.000824784538610477,0.00363651099987019,0.000936801767190965,0.00117487296692257,0.00389174977083974,0.00680121936178966,0.00363420792462053,0.00674639305284866,0.000791677147476266,0.00293227201017229,0.00321621982463286,0.00395532361651009,0.00104802590327528,0.00399862950629889,0.000911674569763339,0.000895454869137583,0.00400988798718143,0.00079540671394786,0.000762252139608269,0.000855994021040756,0.000842815656215434,0.00610705470544123,0.000921888513116649,0.000786188386770789,0.000895366879366762,0.000812566654560023,0.000711412454590484,0.00383214486346918,0.000876910913682579,0.00605415352923538,0.00322566938409485,0.00095504743965926,0.000934323167721681,0.000841774021525977,0.000827573730969306,0.00107100344696414,0.00409835963170157,0.000852883397813412,0.00641687887114094,0.000938730761542191,0.000773301124621743,0.00196050796717706,0.00414412511115335,0.000883541045523357,0.00088823893097522,0.00411397284616079,0.000852276166880813,0.00410933564418835,0.000862219700602756,0.00103244588981704,0.00106100230267448,0.000937283507813584,0.000909365360789517,0.000926234617415519,0.00666767931799888
"CH0016",0.00118249674060085,0.000787677493226848,0.00106652535104939,0.0052103781115401,0.00108633859354835,0.000914000781314929,0.00190745756374276,0.0122385117772777,0.00355696459214794,0.000725282873034535,0.00102003006761044,0.000768118758707884,0.00076020107872734,0.00102832838767273,0.000660053976807993,0.00247818303283664,0.000771511520863256,0.0369632457683253,0.00117175315972946,0.00418028417062437,0.00137310609985881,0.00394477927921868,0.000776435553501486,0.000899859775098134,0.00105675229685772,0.000886482677986978,0.00837142961139911,0.0017143952283702,0.0418404085923152,0.000783842655542566,0.000742941454133415,0.000946919584177468,0.000726391332357708,0.000731795210488858,0.00077786174960405,0.000787186153853288,0.00139298415930873,0.00128494658316499,0.000978067076276324,0.00122044872641917,0.00102701539973531,0.00109802047587794,0.000846220742897706,0.00532976120758794,0.00198325355400295,0.00141444598697707,0.00131845814686748,0.000803339701235554,0.0019557011003043,0.00134058385927645,0.00264036649275807,0.00113311051688299,0.000777882916773175,0.000935151592456824,0.000862131823829879,0.00114185742010804,0.0011362296628228,0.00115916815249542,0.00121269262482324,0.000771985269671699,0.00109383709832491,0.00143648092368134,0.00195094357870458,0.000885553032578994,0.00072923510638719,0.000912761680229847,0.000849461741144972,0.00170093675445029,0.00105349734642769,0.00481874922002734,0.00161186072201545,0.00109732019131634,0.00159754140689408,0.00103325137431544,0.00374138772613752,0.000804183975876925,0.000723369051205881,0.00103853488754513,0.000961108672492074,0.000926787706720242,0.000779406310415461,0.00075532321525452,0.000725146950698788,0.0010175502971288,0.00127137992992754,0.000724499366920813,0.000839065792337355,0.00113201046560946,0.00107933539948417,0.00171030892743824,0.00130468716852711,0.00273558970197911,0.00115000336750026,0.00248468816367802,0.000711478977146083,0.000759165090202634,0.00245094101969043,0.00134037641199464,0.001242145820013,0.0011314888263546,0.00101465226084022,0.00105654120923036,0.000674705786897824,0.00137389543738106,0.000646956907011643,0.00393276994098091,0.00182973176504581,0.00102029007107328,0.00121632434680201,0.00113427726560335,0.00102746683352285,0.00102567125355649,0.00141512132077635,0.000866638725691411,0.000703701020695323,0.000655713140651996,0.000605225276990286,0.000627382975209686,0.000634383756188707,0.000648193009934593,0.000675322498806375,0.000875807517169457,0.00130904723684894,0.000860762982024572,0.0110939896255593,0.00141838767215991,0.000938425508040103,0.0010472925743863,0.00136573575427655,0.00471160590589174,0.000807033921073663,0.00345475569056973,0.000804947106016766,0.000955827507746595,0.000712513386639547,0.000892058356895743,0.000897821247932647,0.00114621502560497,0.000790177812201127,0.00108844115932755,0.000789076024907278,0.00128862144925609,0.00370808705500215,0.000643565784145958,0.000789432944154995,0.000557436801724275,0.000950336637145091,0.00113038404438192,0.00103898574562005,0.000897969875834228,0.0214888347713996,0.000878706685546709,0.000871387615268132,0.00138188313232302,0.00092866460453151,0.000915021703065186,0.5,0.0018268063781371,0.000937428484447993,0.00108580088207743,0.000823572798087124,0.00120055502054387,0.000952751544412254,0.00164728486142921,0.000753666466362468,0.001293444508482,0.00061452594678497,0.000904756927089568,0.00141041840040379,0.00164218258761814,0.00089418551123562,0.00293808433254364,0.00161315507723867,0.000827587978935426,0.000927175042601569,0.000944007704992648,0.00114922470529351,0.00126961621647944,0.000892066309648945,0.00153656700363537,0.0008097429648288,0.000802583651878505,0.00390372975406642,0.000963493839302882,0.0034254444925553,0.000843806605358118,0.00123403733743508,0.00105014399509818,0.000771656811092371,0.000955145174758381,0.000899853705434212,0.000868791513879713,0.031469979660824,0.00382819602198439,0.00118568159317526,0.00117763594942323,0.000903862387212903,0.00102593977300313,0.00114165721244145,0.0551432964417408,0.00191944272997163,0.000941878019778253,0.0010614876463312,0.000883686827273403,0.000667387990058508,0.000980682955437468,0.000942967952933179,0.00102161772442186,0.000795247662831329,0.00116258012999865,0.00355632142693888,0.00121964503452915,0.0009668640834251,0.000922759792565959,0.00561788890636633,0.00120284202233418,0.000979141824386524
"TT0012",0.00112141832438085,0.00113373505927954,0.00357682635692601,0.00126772589843061,0.000988372106306419,0.00114498220538019,0.00564690806753024,0.00108515900743982,0.0053089687604621,0.000946881790470513,0.0060580325453278,0.000962328549659106,0.000965238033505968,0.000987393647447331,0.000932990345713462,0.000723540266220965,0.00101657894592541,0.00316506608349026,0.00214660172195912,0.00321723672658912,0.00373284041310145,0.0032760411936027,0.0011603895307317,0.00187658081786124,0.000925499873056112,0.00546730786202987,0.00551016632752283,0.00655929613488124,0.00131008618728489,0.0011473583217242,0.000982069591173846,0.00361936719616183,0.00113258906068301,0.00094275628009076,0.000935080275617737,0.000899025798965364,0.00508537665213631,0.00568191852456033,0.0011210207269375,0.00813321719971759,0.00329194911214841,0.00375203911016732,0.00228253622073095,0.00342024428266359,0.00368941389915319,0.00131375241029933,0.0032226559707589,0.000897557217138452,0.00105283461897048,0.00125647892122245,0.00116132819755146,0.00381549739399959,0.00110278593467485,0.00757836286278045,0.00368370448971306,0.00100099127538076,0.00112405986201213,0.00448271490309936,0.00574304631675907,0.00114800249951183,0.00226347475269528,0.00114834265098557,0.00111275499143355,0.000985429588332498,0.000908165423086384,0.000987157396098254,0.000946618573314535,0.00121818847920662,0.00403903340259448,0.00119211867919541,0.00101012605411177,0.00217988278404316,0.00220046062487483,0.00114577559561694,0.00116398026644237,0.00140995245016458,0.000944642964583072,0.00146945674108658,0.000929910063543237,0.00577683977705632,0.000935902233586662,0.000982336899243404,0.000947063799118824,0.00116377990152939,0.00546453438649254,0.00111159769627553,0.00104386027974643,0.00435803569745092,0.00086078621158075,0.00572109895641957,0.00740273306134295,0.00605015740295085,0.00817459306780451,0.000703310311374321,0.000948594922703779,0.00107712238773419,0.00202996127008435,0.0038423441228612,0.00204541434948434,0.000969188353476919,0.000957971321112929,0.00373141642269421,0.000938138896566057,0.00306450260248369,0.000826472450194749,0.0020612249365244,0.00104351674033328,0.000995699030273657,0.00111151167275706,0.00450791598452442,0.00586233522192825,0.00111921470660614,0.00115378639467965,0.00362702415516944,0.00101281204603469,0.000806654722057701,0.000815351077009797,0.000824408216767011,0.000819180777057204,0.00103959582023043,0.000993464056216324,0.00552320376494494,0.00104909515563336,0.000854505969655801,0.00105694714587518,0.00196041461824444,0.00575870315405342,0.00547389989090533,0.000980474725143397,0.00626015372777002,0.000956988312951084,0.00114938742570722,0.00108249437926248,0.00102769397090566,0.0032626161713499,0.00107741543121043,0.00540350961352463,0.00122116630871902,0.00109871893934929,0.00100019057931064,0.00100270577873115,0.00101176218017802,0.00216900948986899,0.000972564237646893,0.00136496435686789,0.000829374945967044,0.000980485309852785,0.00107736986702879,0.00302779246229273,0.00104852646291855,0.0019579179926013,0.00092641378190472,0.00310282011218109,0.000909641057477634,0.000997290710710273,0.00338778051516176,0.0018268063781371,0.5,0.00352132620300522,0.00297047517660348,0.00398248000064486,0.00507943105794876,0.000999727642407804,0.00350694567417629,0.000935688132190055,0.00617258799951819,0.000853189268948584,0.00325225746562503,0.003389521707474,0.00326504797647341,0.00098095533504157,0.00126515453456836,0.00324333588857626,0.000963856460648832,0.00496936071243434,0.000940000988580553,0.00155774394871972,0.000997475984242472,0.00107120344866887,0.00169096220439253,0.00167353239598495,0.00164477020471833,0.00450203429233376,0.00303699138415914,0.00245958369363376,0.00471841134093887,0.0010516426883951,0.00523805177598051,0.000950028493617759,0.000938779040432867,0.00110902840022046,0.00111905182126873,0.0021927442301037,0.00142099608834314,0.00100284502663797,0.00156659048746193,0.00576684590463552,0.00112482466698336,0.00345680543816489,0.00131877887438381,0.00374944263403232,0.00105109565205319,0.00116459910199681,0.00576532092043036,0.00111416376786189,0.000780369153691996,0.00480916063974694,0.0010993577180511,0.00112597024217519,0.00201155399238444,0.00129037362790555,0.00240170826608018,0.00630125911835331,0.0076421384656166,0.00208714595080843,0.00112021260869535,0.00218196318459675
"DU0061",0.00138379720289401,0.00146744576782862,0.00096860243075072,0.00120194000649679,0.000879280430372739,0.00109941621877878,0.00660290138955767,0.00104198862710278,0.00851254908699443,0.00427090522650755,0.00537634908987227,0.0046150617186072,0.00460250993085627,0.00386626582617352,0.00427588408364599,0.00517079359466621,0.0041049294196647,0.0009236120376346,0.00089741714823225,0.00103774523036952,0.00123126798055853,0.00105843417581408,0.00148841412881159,0.00083335825929406,0.00108978078029606,0.00334544537943906,0.00611703454204461,0.00309819869941739,0.000990545882392868,0.00144289368008958,0.0043415628771697,0.00966798481537642,0.00388993305498626,0.00400055603789222,0.00426514052809665,0.00433060422242651,0.00818657176667649,0.00590476602571131,0.000970071291313461,0.00623394059115626,0.000835152327397852,0.00117545879692745,0.000930909774684966,0.00111431503394905,0.00117931713275031,0.0011523529557231,0.000969500729982074,0.000832656502678775,0.00100767130680346,0.00127396814787466,0.00088524803778393,0.00116214224013701,0.00249477105575785,0.00286712914182072,0.00115904014638318,0.00216727562389149,0.00252212411083084,0.00173275466777338,0.00355963961383268,0.00150656738929705,0.00244905704528567,0.000864612577981221,0.000827904435772641,0.000850652166174462,0.00429234534735544,0.000898405413291003,0.000989988068503104,0.00115209442302648,0.00116259875199055,0.000832442519278415,0.000919288800059444,0.000852151956618168,0.000781859887674909,0.00114699913036301,0.0035053979219245,0.00133189891862602,0.0042601240894988,0.00157046391997184,0.00355869851630215,0.00835266830926751,0.00427367656584616,0.00419759287609693,0.00426817355950699,0.00246976462798186,0.00346497330017879,0.00129199539678663,0.00241792016900916,0.0015020339436929,0.00107621747754392,0.0061253015462489,0.00604591261594398,0.00530200357378921,0.00334619032395654,0.00517918804623812,0.00397422502091154,0.00136989802669574,0.000706117735967885,0.00126486523152923,0.000763608736729026,0.000662190333189348,0.000821967762576355,0.00126462440259912,0.00372029045955414,0.000711158304012958,0.00403185505053896,0.000882389323567564,0.000885902689762349,0.000834252984133403,0.000744280826768238,0.00243721682841138,0.00603286285621412,0.00106475271746192,0.000904972201801549,0.00103623301826282,0.00121382803432372,0.00378432831457185,0.00365867247172883,0.00407291207540102,0.00400062049825308,0.00130622533451681,0.00115846297133076,0.00577859389864851,0.00108854950740629,0.00331889405822183,0.00324268736567542,0.00084712913934963,0.00507260732447234,0.00327095649976468,0.00100298421340037,0.00293587503358364,0.00234099851929692,0.000977977253190411,0.00120586534822218,0.000889825259930463,0.00109084898588208,0.00107351618131909,0.00363586195915682,0.000898291067322261,0.0012527255839136,0.00113516201042195,0.00118966118502495,0.00109802706337149,0.00124524775483271,0.00125770668564469,0.00144032524144554,0.0038658792641604,0.00112525799894736,0.000847786456426681,0.00111422383295432,0.00100479573416695,0.00113482343942242,0.000812456048316635,0.0011253955977889,0.00109127851671321,0.000913033731024383,0.00107423937540738,0.000937428484447993,0.00352132620300522,0.5,0.00165937404468661,0.0042748021086013,0.00273186582700589,0.000783230712977173,0.000967309528195737,0.00371603853595446,0.0106266687689974,0.00377630144834362,0.00111719955620407,0.000739570460065369,0.0011386120027566,0.00100312744387465,0.000864608612031026,0.000684467333042656,0.00102785112282611,0.0111656576735411,0.00126749237183687,0.00146829951213444,0.000694146856603723,0.00117266232326676,0.00135547015028076,0.00157264992563529,0.0026977637729293,0.00265051212665056,0.00108098597045231,0.00236753761536189,0.00281465414120873,0.000730476325082427,0.00344053348844783,0.00185595530794168,0.00101793448208537,0.000881879799193363,0.00103979654722062,0.0009550095504691,0.00107589045987809,0.000940083477126262,0.00120562501401074,0.00354682100742925,0.00102967241311638,0.000850190838739802,0.000911854233794902,0.00117549347846788,0.000817272530908952,0.000960649407852266,0.00333630445285095,0.00110258201015229,0.00335198588063937,0.00850696758005091,0.00106195255567309,0.00125729708559552,0.00106100238449172,0.00127360723568555,0.00123334523728465,0.00560857242309972,0.0029562996944498,0.000761540784574524,0.000766015061127245,0.0011354140530379
"DU0060",0.00503588154679727,0.00129819209258742,0.00452936284043665,0.00102530351452669,0.00101319009912175,0.000937873109679771,0.00156554255281044,0.000785200451948259,0.00156212568615328,0.00119972164132481,0.00158046710773086,0.00118361377369449,0.00116386181951256,0.00459201511878783,0.00348462564883295,0.00108591659015804,0.00115960462597244,0.00134794574384733,0.00122358588778642,0.00081044485065058,0.00114900830423912,0.000810164604835431,0.00129383405196723,0.00102807546818937,0.00432784120471763,0.00462101230920155,0.00155912452217302,0.00459332463011875,0.00384701669650348,0.00130191023550397,0.00118348018152208,0.00172349023253142,0.00376884151785558,0.00373596139671904,0.00353003779470128,0.0036389156159943,0.0015166408214775,0.00147516249391911,0.00172932549075664,0.00156638495819737,0.000922560100595936,0.000888200877150328,0.00161565305373381,0.000801788054549942,0.000919913486309114,0.000909975907654922,0.00159606620167223,0.00109336933306381,0.00102351851286449,0.00103245829704038,0.00218088518509,0.000844463339497732,0.00115631790455257,0.00558323321527509,0.000983773680481565,0.00532851626264262,0.00513627625677933,0.00946279838298079,0.00797166727631065,0.00130689740863611,0.0043108016243058,0.000820246764332567,0.000820088072302297,0.000974085235884585,0.00226214836724837,0.00154832235496076,0.0019433277198327,0.000950092343419858,0.000893956378224176,0.000828700548104005,0.00221233399001805,0.000924584439326572,0.000703930963340104,0.00102502598816031,0.00182606830836876,0.00555869524796658,0.00120058733383061,0.00962175990204427,0.00402079563601988,0.00174345505059431,0.00353281328164831,0.0012001031123974,0.0012012860132919,0.00106566434844542,0.00436675374389396,0.00130621382183381,0.00181281508216954,0.00861175439337317,0.00442402966648881,0.00160941867996804,0.00174429049012248,0.00185050503867177,0.00417888406409553,0.00105059860194393,0.00393186640329005,0.00125432667936445,0.00076334821954219,0.00104316396898364,0.000854502343819646,0.000794978835254287,0.000968556795850813,0.00111808995023647,0.00109116991795955,0.000801241197319603,0.00102550199228084,0.000825458533322794,0.00127339877130344,0.000964334260794261,0.000781288548149448,0.00850827979784405,0.00167771265224718,0.00829599953954621,0.00154786517299036,0.000888786037962526,0.00185330580638633,0.00202235605579933,0.00324926189599584,0.00103943489225266,0.0010483256394795,0.00104257143833668,0.00094901833361414,0.00472385606668113,0.000882098698276885,0.00400168514075154,0.000910974716133813,0.000950418471346449,0.00175764912260842,0.00283877676036339,0.000848303116022703,0.00529676342471546,0.00108218977977799,0.00132739996889389,0.000920637375749728,0.000973450638491927,0.000907651542544601,0.000841728900195122,0.00441228318660003,0.00450384622542338,0.00327516530449286,0.00477555958189718,0.00477059822580109,0.000910953889265522,0.00097875179948777,0.00113487685685141,0.00505485556705382,0.00201502030848148,0.00101278955736196,0.000880344613064678,0.000880399735018671,0.000822890270960688,0.000777105594807352,0.00137127330397616,0.000966499869337735,0.0012501714798566,0.00103952778327579,0.000855351754547082,0.00108580088207743,0.00297047517660348,0.00165937404468661,0.5,0.00680162649444247,0.00459803233883743,0.000898645002265453,0.00299127914855849,0.00565803786643025,0.00414907552813636,0.00104160688077477,0.000883346435878558,0.000753736150309713,0.000967272238476199,0.0011213374611339,0.000771582043813024,0.000728330648586966,0.000831301466023319,0.00248602928766212,0.00436012975474852,0.00927299879297719,0.000788094323264938,0.000947852240772819,0.00524938727196164,0.0057653972863044,0.00851903718217938,0.00601867538393892,0.0032746835097977,0.00763036168670032,0.00530834599161034,0.000768832336747129,0.00280236327190929,0.000986385632728436,0.000869924554784783,0.0016897832671226,0.000795613290520643,0.000807188931322521,0.000868169602009954,0.00397517867059128,0.00525527072976717,0.00450330804567556,0.00114834394777266,0.00114410790599233,0.00118287610627379,0.000957935906149373,0.00102987023738276,0.00311217642478864,0.00524598945052935,0.000936132364789824,0.00357940109100368,0.00172843201147348,0.000874866512669676,0.00466278514797345,0.000870876800529821,0.00101594216221063,0.00537084160861068,0.00169659175578466,0.00483976354253274,0.000872731309931542,0.000785761668210417,0.00100811875996448
"DU0063",0.00279390208901116,0.00142886695880466,0.00451408753339868,0.00111252517000811,0.000943261398191867,0.00101833776980813,0.0014716928025214,0.000980614841619372,0.00147706807162086,0.00435935182529513,0.00147046998531258,0.00413452263164702,0.00398215269592031,0.00407162847317182,0.00414185680021879,0.00351368755477289,0.00381711291392189,0.00093877297722507,0.0011660976921021,0.000971074645994471,0.00114328753794413,0.000971265138756802,0.00140311497331999,0.000843025577585062,0.00244962967897302,0.00451413267268374,0.00140655222441584,0.00441572129369832,0.00200343113365532,0.00133648162163833,0.00405637795185601,0.00172395326588114,0.00139524866849557,0.00385778699247486,0.00470628417425704,0.00427664085327539,0.00139458696262915,0.00139028016862058,0.00279371460281314,0.00143685821042727,0.00082119739399638,0.00100667038817401,0.0015812229413819,0.000966222418331304,0.000987697132799377,0.000969052198860221,0.00272142843335976,0.00090219025968995,0.000993197293432109,0.00112711971110537,0.000910465656520761,0.000953635055985702,0.00129033735693232,0.00524744229577642,0.00107728902269955,0.00300208179081812,0.00268824487537004,0.00698169153323989,0.00679630008291828,0.00143005448336181,0.00149387354983993,0.000711636259626734,0.000720149661484021,0.000806901840368587,0.00455468816750416,0.00148933680265571,0.00101178485021485,0.00104108069634045,0.000992275434096356,0.000711227779634151,0.000954014687864112,0.000801458739761887,0.000609876474170909,0.0010849998146385,0.00373998119600802,0.00550577320179603,0.00434887596560773,0.00192798800538389,0.00436439010041053,0.00295081846794415,0.00471810477148831,0.00387186861614523,0.00434160166346698,0.00119253565219704,0.00415417130209951,0.00231084825294053,0.00193156324503628,0.00692218035091964,0.00351090240377466,0.00149457272676751,0.00159845574138864,0.00163009866803717,0.0040245635025102,0.00411835227497254,0.0026625416091228,0.0013849421255934,0.000671361914109495,0.00105437784398972,0.000713282948314487,0.000688408369156463,0.000831861120347303,0.0011172099587555,0.00373079590023913,0.000723155416663727,0.00368643462033305,0.000710141132684137,0.00125529807069624,0.000823090421282522,0.00069907933351805,0.00655515290899936,0.00154494466522176,0.00177040476012426,0.00151307509874717,0.000981463607511355,0.00109550530084807,0.00405314448553687,0.00372119781600103,0.00358059224223904,0.00372497893614549,0.00114923272870377,0.0010655696555068,0.00473591677355411,0.00100830522145927,0.00361291033123531,0.00304409002994101,0.000823025072520256,0.00156012279613101,0.00378332803225305,0.00097663831680303,0.00502945868897885,0.00113240459417888,0.00126931392496574,0.00105630320662985,0.000842651185703014,0.00094243235029937,0.000974091535494272,0.00174562864280195,0.00449807466509134,0.00452571432835778,0.00303841817667979,0.00533860860291364,0.000990511620202024,0.00103978867193096,0.00122552944490022,0.00506847285056449,0.00342068142344348,0.000896615239525889,0.000781005251130924,0.000981849752620721,0.000944863245651565,0.00100676992640571,0.00125151075666163,0.000977001954924655,0.0011821787494972,0.00089686763188338,0.000963448649809659,0.000823572798087124,0.00398248000064486,0.0042748021086013,0.00680162649444247,0.5,0.00440130726042306,0.000781738133536562,0.00421038615476014,0.00682379796547635,0.00165194526309445,0.00376392508993849,0.000963650421950052,0.000671528499456071,0.00100461424973411,0.00101986724823685,0.000689279354753338,0.000629173125323659,0.000942375977566372,0.00400627784149684,0.00342435038399209,0.00689773612109183,0.000691245611563597,0.0010316380302083,0.00517881368334623,0.00572025498370719,0.00837341545849299,0.00468566692863541,0.00113069868884679,0.0052061389985749,0.00513993169707251,0.00068955629814744,0.00139739180617281,0.000887130488357767,0.000971867455846931,0.00160728499804209,0.000920983227887305,0.000843299762790456,0.00102852589889256,0.00204063820869236,0.00520492810088218,0.00428450091081233,0.00102837296061672,0.00111222349816207,0.000843218677507926,0.0010527057261722,0.00101008172284975,0.00430956924197394,0.00504399841852588,0.00101691253356876,0.0035090698364489,0.00170886928389986,0.000956878472169545,0.00471757890337963,0.000950767524630102,0.00124674572664005,0.0052708157076497,0.00154643303713807,0.00464202479552844,0.000743475812583602,0.000692398713218119,0.00105235476923295
"KL0010",0.00106324436112875,0.00102326569188505,0.00392572618034633,0.00238675164337701,0.0036763919469254,0.00403500842316081,0.00361051772370242,0.00286739196555456,0.0032272657396869,0.00081617109660729,0.00508927205268685,0.000823841451443522,0.000823914516866147,0.00095696954732921,0.00084768939503209,0.00067126942604117,0.000883748738861745,0.00319342290222655,0.00216716743933466,0.00184196906572522,0.000979654087626386,0.00176567993262648,0.00104122100735126,0.00127951530882487,0.00112172184847058,0.00511499315898101,0.00453788765971129,0.00781159045748881,0.00126232934266675,0.00104713596933862,0.000836456001892125,0.00287423247472431,0.000921140616046262,0.000895010057520242,0.000851785333581461,0.000838837070541985,0.00518055945374786,0.00464419583667376,0.00146015294158748,0.00468776050525575,0.00111981384672191,0.00101527631270439,0.00132095198950026,0.000914568125564626,0.00321946178654428,0.00208939701491847,0.00235996732323802,0.00119395773239408,0.00122116245078002,0.0011759572992817,0.00128254534097674,0.0010105536382188,0.00104167889933606,0.00545747617359965,0.00224761886166762,0.00129909005602824,0.00105923839650569,0.00495220253442267,0.00520626333246108,0.00102563005613273,0.00104276140654983,0.0014380200288262,0.00133008581151548,0.00136233142864181,0.000807898868337323,0.00135027697011167,0.00114967472205331,0.00382685242051479,0.000967125521537514,0.00224473478135415,0.00125949398790391,0.00113903805047302,0.0030504412789112,0.00114178275917659,0.000789456304384,0.00300035562849405,0.000814249505303709,0.00153287584387581,0.00118534857519478,0.0047642891411053,0.000853434758549683,0.000864552667373606,0.000816238292310449,0.00103279602159147,0.00522788517448452,0.00103585066051155,0.00129882144147775,0.00472749998813145,0.00110332434262411,0.00480201344966621,0.00598132992118242,0.00509549586420978,0.00521132752452305,0.000652720389771386,0.000907497786859209,0.00101314480146414,0.00365739604699975,0.00100907637602009,0.00324505472411267,0.00382425979260019,0.00123268767516056,0.00103555589141335,0.000817889110785354,0.00375631510415535,0.000691625229841534,0.0013900184760691,0.00373550187925981,0.00125759278941538,0.00381278576933025,0.00484469803990258,0.00601136624353871,0.0022447425992614,0.00364918271331923,0.000837121896439724,0.000960263426731672,0.000700019107387902,0.000740104126760829,0.00068608998739681,0.0006845709247943,0.000904015309026207,0.000940514488849834,0.00535687797869009,0.00329556543672859,0.000805748872185963,0.000923364570301142,0.00364211041253027,0.00482012334484925,0.00487658257555772,0.00344504056994632,0.00559249288821918,0.00115114039132597,0.00229379581017588,0.000944335793442764,0.00126764089860086,0.000800446105831116,0.00190432437978983,0.00458542754603685,0.00423616388957488,0.00136833483296256,0.00129391048851405,0.00126537921176848,0.000993639866693908,0.000943121298704597,0.000863339408349151,0.00271014907658279,0.000701874472804194,0.00179796786944666,0.00132998846983741,0.00189691441260007,0.00335898710329386,0.00113087609354219,0.00357471138225115,0.000881286792327399,0.00106156284861727,0.00122037219169966,0.00085693316809641,0.00120055502054387,0.00507943105794876,0.00273186582700589,0.00459803233883743,0.00440130726042306,0.5,0.00390972542025338,0.00149043060153596,0.00125244307630864,0.00299065067218431,0.00071506979348734,0.000842317712893259,0.00126321561388686,0.000837853756027997,0.00117127231114795,0.0013989410531472,0.00126981727478642,0.00355431216665366,0.00293683610410346,0.000875083482735961,0.00447896735146186,0.00404392686300289,0.000944065755000532,0.0044288203448152,0.00452086616154776,0.00461335874309743,0.0046766986564102,0.000818525603400028,0.00162937838056309,0.00499401473207347,0.00355108579904526,0.00452884726846292,0.00345761077251563,0.000955833648219138,0.0037785643924757,0.00281820293885629,0.00103934798456593,0.00208561616408148,0.00118114497075242,0.00444388190395912,0.00511715906367955,0.00116755485678536,0.00115831960569896,0.00175812132926183,0.000970541827466316,0.00385404884714144,0.00390160697466759,0.00589977094573632,0.0031033535581591,0.00101519973863826,0.00291422047451215,0.0029273081107928,0.00139175942397746,0.00285432741660315,0.000901665399574446,0.00406840813847051,0.00599078931354383,0.00782252451355679,0.00246752590330429,0.00370513738686702,0.000811752356543476
"CH0002",0.000934990914335893,0.000894402936098415,0.00379176160333054,0.00391028030979869,0.00747083370032838,0.00459717495610944,0.00132128772785798,0.00338117613852073,0.0010269671922519,0.000720076972927464,0.00327763488677327,0.000735857955760673,0.000738318850812562,0.000854165872656499,0.000798217370592696,0.000537006035710009,0.000738977709760272,0.000920308977929279,0.00295432816428461,0.00118664557978776,0.000970178923913363,0.0011759553370547,0.000918799631482424,0.0070590171953112,0.00471325604811127,0.000925486552267499,0.00119410638038174,0.00445993075892939,0.000776046540454539,0.00093810049862422,0.000690368585280611,0.00090325267085298,0.000908256038990708,0.0008470949142341,0.00075073151715351,0.000787480384005508,0.00108180434540604,0.00122095136136276,0.00163294639881243,0.00101473237901422,0.00521912577261516,0.00102473312431479,0.00161177860949511,0.00100004251344516,0.00104390666966918,0.00105751110259158,0.00138290055309692,0.00777580069071946,0.00289581930061547,0.00123323060477657,0.00527330890865774,0.00099402790902133,0.00106219661207212,0.00103148923220297,0.00117025440659763,0.00139791871840062,0.000928573206389174,0.000944932816102884,0.000964521406421876,0.000871528588787852,0.000941053280286087,0.00499859908588637,0.00339007508516093,0.00541019436857118,0.000740171881532716,0.00182338821151448,0.00504499353183781,0.00403932104958658,0.000956695288286066,0.00449853936748176,0.00513122122463406,0.00802249622477271,0.00335986179396429,0.00138853777580757,0.00090030393052389,0.00106183991160501,0.000718223330384513,0.00127888796432238,0.00124854785052992,0.000858867936040427,0.000752169833702602,0.000720724388455428,0.000719562771040502,0.000972816475037675,0.00116013880925769,0.00111964651928872,0.00161101471397628,0.000961630960734999,0.00632429082857823,0.00129811802967636,0.00608683933679961,0.00107705704559936,0.00121487546339492,0.000521236525840278,0.000940304165945187,0.000964406677457749,0.00418495371796151,0.000957926857754365,0.00700144950821607,0.00803225062213892,0.00690410218863019,0.000989576821608932,0.00065934510540228,0.00698548399365672,0.000625313745034945,0.00490843254022254,0.00526268764381911,0.00745831461831567,0.00738603376080697,0.000943949338679821,0.00342601062923368,0.00193074744162379,0.00399203835644573,0.00078510047377073,0.000997569640913885,0.000630182911405525,0.000669846602957779,0.000619505481688891,0.000618060620089481,0.000798982345215065,0.000978890908049489,0.000996158103148169,0.00416734965722513,0.000728218734182476,0.000947672513404824,0.00807325405046319,0.00247869747576299,0.00146214830120541,0.0046440161861859,0.000984576692917225,0.0070641480272683,0.0030927894618471,0.000971563452834772,0.00680933779778918,0.000791235182542645,0.00111566328800655,0.000933329884194111,0.00410373501812369,0.00109190402795983,0.00143201679449734,0.00102288493918312,0.00121080496919334,0.000816714745932561,0.000792808319288899,0.000943237660693284,0.000650659566976105,0.00168232333581005,0.0045128260092685,0.000904900865294509,0.00201781783410285,0.00133392533306561,0.00434702708513414,0.000805896923063149,0.00529333674528925,0.00607237655260761,0.000824784538610477,0.000952751544412254,0.000999727642407804,0.000783230712977173,0.000898645002265453,0.000781738133536562,0.00390972542025338,0.5,0.0022211047759286,0.00108377504731028,0.000952477250351026,0.000588616933937913,0.000834886429891599,0.00338868098429606,0.000791242985476594,0.00653983243393869,0.00305107536722544,0.00442155722846842,0.00440943231710776,0.000803745315233805,0.000776659074789217,0.00100700206843845,0.00760556328367826,0.000976373468277494,0.0013808474247548,0.000938909620158464,0.000912647972577133,0.000924908054175285,0.000776543540151339,0.00104216392253784,0.000901516327641593,0.00734126630071096,0.00146750946125868,0.00190935929306022,0.00116628001279087,0.00398535389526994,0.00196753570038224,0.00106941613701637,0.00388579792901449,0.00633014897558424,0.00136114309163129,0.00102597313636603,0.00519751868164304,0.00308218335615454,0.000942882987244629,0.000898637805518916,0.00764698312359352,0.00251458306978356,0.00106190808909577,0.0033458504018534,0.00628147472901699,0.000912728294256951,0.000918945064308279,0.00104740698871181,0.000922866488730006,0.00104484297926166,0.00110337176953295,0.00136220153116618,0.00343093159855531,0.00576967821601217,0.00766342808289506,0.000786328256142325
"TT0059",0.00122592837006842,0.00105264949293559,0.00597302798701651,0.00243975014083984,0.00329832748076497,0.00123567734585855,0.0034863594432828,0.0010418597722774,0.00321700520285543,0.000944324356002224,0.0038129019265899,0.000906490151781715,0.00087832451686056,0.00111519041887537,0.000933816976340272,0.00063948065036037,0.000925948081208818,0.00103756221663381,0.00501488473685546,0.000891122781160264,0.00363353722988676,0.000905405812099077,0.00105566786089136,0.00254765267730006,0.00331146203813385,0.0012624393054603,0.00111765296693612,0.00348259354041326,0.00104800477192696,0.00103261430597872,0.000915519767294419,0.00109683364154784,0.00103381391522966,0.00101973059885389,0.000933987017305562,0.000982777102613556,0.00115982115192414,0.00393184493737358,0.00548341948482565,0.00119445583423154,0.00425578425574237,0.00406848293667168,0.00854983302168949,0.000902714008859317,0.00353489765246727,0.00119245765283536,0.00592024900297965,0.00114147851416873,0.00118129955524571,0.00119831454026766,0.00115719732909059,0.00369300841255256,0.000987308572419415,0.0015881955418712,0.00113938764818762,0.00572270459752698,0.00121568332507425,0.00314733833191711,0.00132872687229385,0.00104272099143452,0.0011733041906208,0.00114995023596611,0.00118165860006004,0.00102937493335092,0.000939804207322402,0.00550149910468,0.000950266073952761,0.00228440157295268,0.00362693245731672,0.00128776877659435,0.00248070416285145,0.00441832068267417,0.00314087523223824,0.00112358920060587,0.000723090475218554,0.00518282750256659,0.000947237258794361,0.00110172522729823,0.00537620616971869,0.000979054913706459,0.000935831013016775,0.00094721789154482,0.000949740942454378,0.00100378782240753,0.00136297423529021,0.00110718314486729,0.00611788207735336,0.0046991171026481,0.00145537672668498,0.00112686924266413,0.00232388317727631,0.00117567633044152,0.00404121090126183,0.000639604652412854,0.00113160034886425,0.00107060440308634,0.00340285411895778,0.0036441068412538,0.00107072144209699,0.00123138022612498,0.00127043055362845,0.00380214992106713,0.000897178261630478,0.00212790039141732,0.000773616368841907,0.00111670134126929,0.00766531299312231,0.00115165663214609,0.0012448058535588,0.00306673547207657,0.00118438091574279,0.00113610079342902,0.00813672031709136,0.00319188586896256,0.000918465804235538,0.00081442381611702,0.000854417823590142,0.00076136621852158,0.000773002032670357,0.000858187953521691,0.000937355323780931,0.00116539611843054,0.00186938731744096,0.000946181806835141,0.000887157922986216,0.00158347392603761,0.00133750951828023,0.00119038672083296,0.00192384749891544,0.00165396636982364,0.00118885154219635,0.00603382514500834,0.00201702028545669,0.00109569462681778,0.000957642773577995,0.00324449364650191,0.00108399288542886,0.00833603135653679,0.00574491550231544,0.00583559666248144,0.00540838605956911,0.000920491491338554,0.000988211013701436,0.000899295403952797,0.00501091122682064,0.000763483327724372,0.000914477057553259,0.0010884166201888,0.000971113998832553,0.000976392116756539,0.00189240737473491,0.00532843252705196,0.000926509752023363,0.00162531796206948,0.00136014731893028,0.00363651099987019,0.00164728486142921,0.00350694567417629,0.000967309528195737,0.00299127914855849,0.00421038615476014,0.00149043060153596,0.0022211047759286,0.5,0.00579796996453652,0.00124629318110986,0.000816980559744924,0.00325215297880254,0.0037014894017904,0.00323806586342067,0.0010436877659061,0.00372948687034606,0.0034090614461928,0.00105255196609613,0.000949722139622882,0.000992505980280529,0.00505999793603401,0.0011528400568186,0.000902903301335219,0.00446087418363618,0.00447673455857045,0.00464574319124786,0.00140218952834225,0.0010334925321645,0.00580854851192987,0.00147131796612891,0.00123597995944262,0.00108619436504186,0.000988746091639767,0.00177242945179214,0.00709649224001324,0.00355959440936897,0.00333605647117277,0.000882457949692519,0.00115056822160038,0.00708285744317131,0.00122887983292074,0.00304042299183204,0.00772687047001891,0.0016145822311353,0.0032234074932057,0.00657057591615878,0.00595190644887905,0.00270249608717708,0.00104416471717395,0.00128547572504028,0.00110013844990909,0.000960187865096418,0.00568639774767529,0.000982457526306716,0.000788443358586128,0.00529921686273299,0.00193929623329469,0.00348445326039067,0.00213944422901097,0.00213469033617135,0.00204467792324987
"DU0062",0.00276307309630371,0.00117611545456221,0.00578342538663834,0.00113729316087229,0.00304223738331014,0.00108750876416632,0.000975036974969359,0.000810191451478328,0.000851100760690373,0.00252552062672932,0.0009480457002446,0.00389084700249605,0.00391421979921962,0.00432234295544126,0.00416299617556705,0.00479692116056092,0.00132957628717634,0.000982498408429601,0.00488583659812025,0.000845362922173955,0.00111176014477361,0.000850422672464376,0.00115574143058189,0.00150728110332141,0.00595993962931284,0.00123775942871276,0.00080167811537629,0.00116670622043879,0.00205062905086886,0.00112351135286419,0.0014042607926426,0.00107147263522156,0.0041628574917883,0.00431319503183608,0.00384624228561689,0.00416736250455854,0.00095790031120288,0.000909378273135839,0.00542206964451974,0.000871130698264665,0.00270113462153144,0.00104806192323749,0.00588539845048409,0.000842163999408392,0.000983757234895845,0.00100322969398319,0.00562918421337845,0.00108784241939568,0.000892410574814116,0.00111489955838379,0.000996328895048112,0.000957893777328248,0.00115886824262443,0.00154021116429377,0.00107202573441284,0.00834402809189788,0.0041794592659352,0.0057196770269054,0.00265001160470775,0.00116352576114205,0.00402498847610178,0.00079708386709318,0.000806428885670713,0.000863194562090485,0.0038026210521277,0.00542718376039812,0.000903152029674339,0.00105810980200936,0.000969065559381148,0.000799142540532238,0.00136530336961186,0.00152131174929062,0.000722614591607524,0.00107040219391312,0.00302210914582723,0.00520432663169921,0.00252154880824092,0.00117631673552539,0.00805106231527291,0.00219906266000005,0.00385268256434901,0.00134451379776442,0.00251720822268323,0.00239466252835998,0.00107903785924037,0.00119436473264073,0.00740159043084855,0.00484379157117281,0.00404137908098279,0.000866234833114457,0.000996437251796895,0.0009433650043221,0.00101310253362218,0.00458471958904077,0.00441577677228671,0.00117024153875839,0.000827986851876534,0.000997932267993842,0.000841039640949026,0.000892505118778062,0.00113209144309194,0.00107106941543262,0.00127714568701062,0.000792348955011662,0.00333534092785273,0.000738835400785004,0.00512591281866904,0.00102639964292658,0.000817964625531577,0.00423591149049694,0.00095182290728368,0.00110782965499069,0.00558665243972022,0.000936518274146409,0.00106019328245117,0.00333988923185796,0.0037062738784192,0.00352056353734122,0.00330873398585592,0.000961830088580808,0.00103610946015836,0.00237565881118405,0.000971796692572128,0.0036840865564906,0.000954962362331787,0.00135885782252536,0.000979311048058305,0.000986903028703291,0.0010099046316337,0.00136330862895139,0.00250841067606594,0.00506508189475097,0.00105010386235395,0.000977277751945473,0.000933312028063706,0.00103410418719836,0.000979105516985757,0.00607307979444056,0.00579549832018349,0.0073263633923011,0.00550071088835784,0.000928297922410988,0.000925970908417117,0.00100362996113428,0.00511144313684569,0.00356076677721521,0.000827572854913525,0.000832974674937736,0.000975850760817231,0.000942139014627184,0.000780808469507107,0.00514960517973232,0.000993585886526387,0.00165651538801193,0.00128348579960932,0.000936801767190965,0.000753666466362468,0.000935688132190055,0.00371603853595446,0.00565803786643025,0.00682379796547635,0.00125244307630864,0.00108377504731028,0.00579796996453652,0.5,0.00230607387833166,0.00125148301845589,0.000903930689765233,0.000753285764126961,0.000942067651397124,0.000977825570819996,0.000782569279997208,0.000763055455071241,0.000973861761737252,0.00219609739400006,0.0024517936869171,0.0065434501972126,0.00086437119419025,0.000926513374352817,0.00438641815883419,0.00454412088612678,0.00742035557785752,0.00141560957886599,0.00114536477331932,0.00713164774275237,0.00149886282237433,0.000809812944245577,0.000852768027833002,0.000855435383755372,0.000965318800298043,0.00589386671497823,0.00096148573034196,0.000746252799137306,0.000903282769000007,0.00342645838161558,0.00480714006619435,0.00109447074017763,0.00411514947624259,0.00461390222150235,0.000831514748833006,0.000936110445312393,0.00433532785829607,0.0057991726575738,0.00247125278612545,0.000976890891516752,0.00409272027167054,0.00104285330798011,0.000945677761088412,0.00575815767932537,0.00093935902479927,0.000974133894153053,0.00526362093430147,0.000992700392085969,0.00126926135127446,0.000824943000073185,0.000809619270754656,0.000965651264139442
"SG0013",0.00395927852066014,0.00126146842433288,0.00120641518350052,0.0011894004965723,0.00101971772972714,0.00107395476526029,0.00686365046576131,0.000902981888598794,0.00884823741336452,0.00116454494382732,0.00568596604208685,0.00116855252839007,0.00117215441180614,0.00246675824622669,0.0011650310550494,0.000965259472264225,0.00114870879271582,0.00146241666800794,0.00113805355042504,0.000970089001566091,0.0039104263384118,0.000981484265038141,0.00131296089183776,0.00103745747780552,0.00376474248462737,0.0034069032742288,0.00641559170973324,0.00337318116641565,0.00361424701903523,0.00129861930468683,0.00118256983868629,0.009710447620478,0.00406306498999625,0.0023468733872382,0.00116735093938968,0.00113788941621027,0.00851013425154906,0.00619783372438898,0.00113534892605906,0.00875332578974251,0.00111850045615405,0.00129616553423328,0.00122066200173565,0.00305334435505535,0.00125737763500063,0.00121061715522443,0.00119848809396224,0.000940799168332309,0.000951691767684285,0.00126249196220748,0.00372654106951227,0.00126394451908194,0.00117675032013292,0.00564911981402995,0.00121751157417862,0.0038808299860767,0.00428070482798897,0.00449793469910193,0.00603656971130988,0.00130324481622326,0.00457876669504533,0.00101726183603613,0.000947345641456871,0.000937435707023616,0.00116260850851607,0.00104124811519518,0.00101694428753079,0.00113207797773543,0.00359581260740859,0.00101211817208138,0.00106335572687346,0.00110665532039147,0.000992886658351418,0.00113451230707417,0.000996663530142522,0.00141557636974231,0.00116086470496344,0.00155638405163726,0.00118601329144026,0.0059144646578805,0.00116817594500358,0.00115460690264356,0.00116319956448007,0.00125470357813733,0.00370745502400464,0.00119668564157762,0.0012529611025046,0.00454606662272902,0.00330675809834019,0.00636430637506305,0.00639174558776746,0.00558260524635258,0.00368409903347985,0.000929409695250168,0.00127718421874108,0.00118227927268583,0.000848610250772288,0.00405188168728611,0.00100247078260823,0.000828849292539222,0.00098045381754537,0.00391440166710854,0.00111072705373949,0.000886438243268054,0.000989901589302427,0.00107270040909509,0.00103669774981865,0.000998067325936828,0.000888267866952264,0.00550594890107037,0.00624268512152932,0.0010987182564395,0.00107611503578457,0.0033088546900659,0.00109599371295266,0.00102670273048143,0.00105391783734708,0.00100955627429363,0.00099097489870096,0.00112697395363883,0.00103504478851138,0.00348772724069519,0.00100207350816568,0.00117046357189075,0.00095679293688836,0.000977084300124526,0.00656711077557773,0.00348188872243619,0.000926832047426024,0.00335133940022374,0.00112114578549891,0.00116224896605078,0.00108080867370847,0.00103231360778332,0.00345361591043645,0.00101069664221371,0.0036752696863311,0.00111473479072424,0.00123526196951544,0.00375422408394444,0.00110094967872778,0.00103414797767597,0.00223685513687787,0.00107639903112497,0.00146811459834336,0.00100952765334971,0.00100429679168964,0.000968849642159979,0.00204227881822051,0.000965844955557845,0.000986911414857768,0.000958620017866329,0.0034965328327938,0.00105189686502305,0.00105039558159749,0.00117487296692257,0.001293444508482,0.00617258799951819,0.0106266687689974,0.00414907552813636,0.00165194526309445,0.00299065067218431,0.000952477250351026,0.00124629318110986,0.00230607387833166,0.5,0.00102058223979228,0.00331225882009,0.00101658550246761,0.00343928372827411,0.00104519980804679,0.00103877830159868,0.00091509590564129,0.000946216599126863,0.00873312425561244,0.00332559026212901,0.00413183015932318,0.000864932880032842,0.00200549547290264,0.00156735351313981,0.00162745712904331,0.00178681517783413,0.00396257404203022,0.00392551091832872,0.00414906157228827,0.00291964209369107,0.000865711004981556,0.00475906688421209,0.000872782908852059,0.000955321913167176,0.00106334547223732,0.0010046354945626,0.00105129269566449,0.00102930684385026,0.00376966396404918,0.0014283073388307,0.00370951458677461,0.00226127637966053,0.00114242875344891,0.0013481336291422,0.00223081243210768,0.000960409790204265,0.00115624918157694,0.00351846987031186,0.00208912456931286,0.00213377444447199,0.0085546686006471,0.00105050556342836,0.0012465592178671,0.00106955116088738,0.00101223602463115,0.00155958411855817,0.00593371128247371,0.0032963025135869,0.000943822689931907,0.000923117002375859,0.00235132424843202
"DU0064",0.00358344059513851,0.00461886323520207,0.000812991971142927,0.00342418762284074,0.000582106853329795,0.00325016435623829,0.000762096028688171,0.000884837398130249,0.000851985245316668,0.00659900561200177,0.000795227059440714,0.00634283492640642,0.00620688087162818,0.00363144226347928,0.00604682644558631,0.00342680970009537,0.00607301172079947,0.000721924336146793,0.00082548295100468,0.000991998241565196,0.00351822787918831,0.00102360413101068,0.00543687152220202,0.000622996608318724,0.000891233444269755,0.00304469517532055,0.000700850243282927,0.000739182611404204,0.000785345935116505,0.00350769578144882,0.00641469975763491,0.00326285362566044,0.00364676179505229,0.0046945437647735,0.00634680435861867,0.0060404434868736,0.000984924938789493,0.000773674021232658,0.000759087430475648,0.000932821068122877,0.000736755534754561,0.00342145644777764,0.000823394653618494,0.00109469984715417,0.00326693578692806,0.00339899711615299,0.000855828500716136,0.000741254579768379,0.00183082783741049,0.00375531356529806,0.000661263234956632,0.00327636064363021,0.003778737894539,0.000889690764986153,0.00345585028218432,0.000980113645939408,0.00352920317450498,0.000996017893233442,0.0010206058595407,0.00553355250418514,0.00343108326583543,0.000551627199536181,0.000619883605098182,0.000643293376649098,0.0064982657102475,0.000734247334286954,0.00167827691990097,0.00319280642775021,0.00336147280663166,0.000539694332769853,0.000660952902232533,0.00067761758279359,0.000660305353028874,0.00315183144028794,0.00351789958273849,0.00201887514286981,0.00659050904172204,0.00212125022727295,0.00313764317017051,0.00235609908328579,0.00636051692300541,0.00630504190284853,0.00661614434539037,0.00367186053145487,0.000682719734811264,0.00351938191774253,0.00112192605310974,0.000988504640914993,0.000895732737752192,0.000790367826330286,0.000788252269898214,0.000831979669736695,0.000736209377541545,0.00407769990762624,0.00480846466263793,0.00471863849961775,0.000551490735239785,0.00339469990382708,0.000640164590849333,0.000533917651373156,0.000598843158107314,0.00345206566742478,0.00699166707162449,0.000560769774126128,0.00650789920946213,0.000537302919689939,0.000720010291231653,0.000594428912932135,0.000562439751162884,0.000930570502451331,0.000809514079721307,0.000925505437072375,0.000717850751057358,0.00386341683355602,0.00384957871889249,0.00651013124147927,0.00604422122063056,0.00635873845342794,0.0065506681993522,0.00400314719720133,0.00390171779827158,0.00114198247529089,0.00390547176215539,0.00407765383381184,0.00322550102598278,0.00061118081424152,0.000893410842231868,0.000724502768607195,0.00376315759518808,0.00076450777368024,0.000965345372264963,0.00065801098705647,0.00402881429966588,0.000618752610456946,0.0039092443284726,0.00399897879585585,0.00289702519346091,0.000762120778557848,0.00311276312073867,0.000991885320913133,0.00329730867234422,0.00358494331150752,0.00403342626011704,0.00484807987217561,0.00307435906930815,0.00618946417317186,0.000631702863865312,0.000603357952198558,0.00392665214300864,0.00373519551936299,0.000943875406553936,0.000691862517243912,0.00393483662074068,0.00195448234431012,0.000636605516511427,0.00389174977083974,0.00061452594678497,0.000853189268948584,0.00377630144834362,0.00104160688077477,0.00376392508993849,0.00071506979348734,0.000588616933937913,0.000816980559744924,0.00125148301845589,0.00102058223979228,0.5,0.00391908813565362,0.000667459767762286,0.00398657142435847,0.00177229817621835,0.000567723286084746,0.000614989875763982,0.003818219432966,0.0034944464027375,0.00404483277175826,0.00101406836202839,0.000596312271018685,0.00387507863022573,0.000778773290498999,0.00203663027715189,0.00209323537705796,0.000834259994394621,0.00391090144946834,0.000939433161820378,0.00202344078484394,0.000570238628271223,0.00073652865072705,0.000632061931316033,0.00368502116696881,0.000717939106289491,0.00370594280135229,0.000795292797576102,0.00101897185901322,0.00075658022407818,0.00073727728036863,0.00181161641854885,0.000825973393763602,0.000770557500095469,0.000582630773682748,0.00395036682586613,0.00064991463191063,0.000715925307278642,0.000878454495575845,0.00394352239699389,0.00196863548864927,0.00315008554270272,0.0038847242368287,0.00313792189542008,0.00385668579839976,0.00210313512658886,0.000919892350221971,0.000870671151501743,0.000730431877502101,0.000528183975539039,0.000564342444036614,0.00406343818991129
"TT0061",0.00366661650978915,0.00337978917701982,0.000895219267845843,0.00367592093858781,0.000782172369818971,0.0034864452968298,0.000922662296402559,0.000879339707288364,0.00296333162396138,0.00345564256712088,0.00306930445437077,0.00363613061837411,0.00363708468236033,0.00350978269892756,0.00352813498611978,0.00090381630159397,0.00349597606048799,0.000915697251551039,0.001046445776907,0.00107628330177184,0.00684644621977903,0.00112459149793048,0.00326866463987829,0.000835675594772905,0.000951914507296587,0.00085713460741529,0.000841704266804165,0.00096398095182505,0.000934151916895612,0.0033180617797879,0.00346330293476195,0.000946781331281569,0.00374414324789004,0.00349488819130182,0.00351447305815495,0.00348870550629367,0.00112421062386306,0.00295415624089729,0.000782731202894539,0.00212765045208567,0.00323755926169722,0.00637316088895317,0.00212723300439737,0.00311725083712452,0.00472866961833111,0.00477997931921646,0.00111864746707901,0.000770934111748596,0.000877337661605408,0.0040294837127426,0.00298862470431978,0.00602592958179588,0.00375404635482405,0.00202389121123916,0.00375188685346685,0.000909985905904714,0.00363744089534017,0.000908981511337797,0.000984257916289206,0.00321790704874652,0.0036360628418779,0.000851115173367368,0.000905764933532509,0.000730346438008232,0.00349947102341236,0.000753215219524723,0.000731682268671307,0.00345714846877367,0.00624895517022779,0.000894225596494622,0.000755020627987494,0.00315842353983902,0.00309652552583399,0.00334606858927688,0.00101729273506575,0.000762264976899734,0.00345093602864605,0.000682439891563526,0.000868144521802446,0.00106764398910477,0.00351990978858329,0.00347849231766185,0.0034553129818582,0.00378675445864531,0.000876216783476952,0.00342953405231979,0.000945156080378623,0.00308138487248686,0.000885038356872041,0.000870761709242125,0.000992633188480206,0.000807693671208658,0.00309562975237555,0.000901436902375912,0.00368776305883445,0.00349249147512197,0.000980996596292294,0.00669352235263441,0.000989000377725546,0.000828439362449806,0.000780466203810893,0.00640391871975704,0.00443192950414425,0.000928534729171016,0.00405396401229264,0.000861911523899127,0.00090536869414596,0.000784927882365319,0.000886339239695218,0.00305357898098301,0.000901705308381245,0.000708767534268202,0.00179705697763233,0.00642008609965772,0.00393602365265312,0.00394134799927484,0.00393636419223769,0.00405716546402791,0.00403746875271928,0.00393785758321007,0.00400177991708863,0.000957234564095456,0.00409649449874904,0.00396640924353926,0.000952219861151567,0.000822251728297023,0.00333206854227836,0.000829376562914016,0.00393975869379071,0.00174124906603874,0.000900798907372887,0.000779153648599993,0.00423391137264784,0.000784413350232319,0.00611132638289181,0.00427669045530052,0.000821997676498494,0.000856235697202137,0.000804067795865291,0.000930829713938983,0.000779214565000241,0.00371169000019243,0.00521432968123555,0.00386793854282622,0.000778292101331698,0.00405310383686043,0.000686171639393617,0.000821078963239803,0.0041735786592699,0.00393765123758365,0.00102140763704008,0.000784524870378466,0.00510555653256132,0.000804710545369941,0.000770300723919886,0.00680121936178966,0.000904756927089568,0.00325225746562503,0.00111719955620407,0.000883346435878558,0.000963650421950052,0.000842317712893259,0.000834886429891599,0.00325215297880254,0.000903930689765233,0.00331225882009,0.00391908813565362,0.5,0.00340994983003997,0.00662171043583119,0.000803154788570892,0.00191867340302835,0.00328877811583986,0.00398626982036534,0.00107432931152659,0.00404960662589962,0.000908861506477213,0.000884022277260221,0.00405106412976488,0.000772894880467894,0.000753984638378879,0.000860195967292217,0.000841624441595719,0.00639168967243709,0.000946353330777753,0.00078844905288697,0.000884148236135392,0.000816036647470482,0.000679883020049426,0.0038439834291296,0.000805478203144279,0.0058839840735075,0.0032686983334642,0.00183485667193274,0.00190898393012932,0.000792634806650958,0.000829766676336999,0.00103755697469929,0.00377451115482976,0.000835153281464009,0.00627089491239178,0.00088778685768204,0.000721205609286865,0.000964302744226286,0.00511447756750622,0.000899686793858368,0.000912996759255274,0.00411815030081731,0.000809979912034187,0.00411405788424417,0.000907082920172574,0.000976643402980133,0.00105598827322331,0.000926481045709771,0.000880167474400837,0.000912469734279438,0.00664054116087506
"CH0006",0.00096205146408489,0.000970233759630548,0.00125971910001904,0.00146494734058591,0.00161278868370623,0.00137297437849679,0.00323886492488695,0.00130608314912453,0.00136736305639703,0.000770104601498855,0.00229011194766909,0.000787862349545524,0.000784895802956497,0.00082493540367596,0.000786451022181694,0.000445282319409569,0.000842314840120454,0.00121464919885924,0.00137231005788642,0.00336911384360229,0.00410767605109654,0.00339704216431274,0.000968846034697787,0.00275868690777876,0.00128013977257907,0.0008840130326186,0.00157298906373025,0.00128654596838378,0.00101031558103912,0.000993300963052026,0.000761942399169329,0.000891093281651812,0.000894028913023977,0.000807266671076143,0.000768368421138354,0.000775044128314223,0.00118533872080364,0.00359324882384277,0.00125996124619795,0.00111504374241738,0.00446935455082141,0.0039107262096868,0.00429920664584644,0.00217739102633605,0.00143643385360164,0.00139871893068721,0.00131917135413874,0.00341925878198748,0.00995942222475093,0.0013783460753654,0.00722224287671128,0.00371069377041219,0.00113121020492466,0.000948607505661782,0.00120182043738302,0.000916626768212301,0.000933542681679035,0.000805749227002713,0.000865670661060356,0.000938621291657183,0.000954243576233329,0.00887456257627119,0.0105370756673948,0.0071741118452676,0.000762976199941651,0.00132101430107393,0.00422415675675864,0.00147814692243665,0.00384916354367363,0.0105466949902822,0.00159408769054346,0.00476020129211346,0.0116455806673196,0.00137375932093091,0.00106795360510803,0.000917016007053469,0.000768226884894851,0.000913416088332738,0.000788917568070805,0.000794553498036422,0.000769852075925029,0.000834613779310685,0.00076982631584966,0.000996192206862285,0.00112815709588279,0.00113683404888252,0.00100437530254266,0.00192536198666075,0.00221670986236157,0.00120914219909721,0.00125212367435618,0.00120621486118276,0.00385447495721988,0.00044207459382259,0.00087665955332403,0.00101233233373549,0.0105015226132922,0.0036736947186204,0.00510831883814033,0.00775512034416281,0.00291526826593222,0.00357279334536685,0.000729688266030929,0.00888744571917304,0.000725992881809424,0.00856711360196115,0.00144783216514165,0.00326287677717781,0.0087243806183367,0.000899495332822834,0.00110576500576536,0.00164346673359559,0.00233260015450699,0.00319194777308121,0.000976472245480403,0.00066462365166757,0.000674757701709768,0.000674612599052214,0.00068315321784618,0.000879367653590728,0.000973133383462517,0.000917706212968664,0.00115461521569627,0.000723749142819391,0.00102925512834457,0.00215605038736495,0.00120530711950339,0.0012897403639637,0.00120378331247306,0.00213528922407584,0.00266122250758492,0.00169206352913153,0.00333792496682383,0.00317774141967531,0.00201323157495142,0.0021246777173336,0.000890699604793055,0.00135985399889463,0.000871074536177112,0.000948547260697315,0.000850014659579085,0.00118626878173561,0.00119672142705652,0.000852958650163999,0.000834927713095809,0.000682347885912288,0.00178142064174116,0.00734231960053414,0.00105795697329638,0.00115220281422844,0.00151255771173528,0.00150889923955633,0.000955900274777063,0.00184780971857843,0.00243920978902435,0.00363420792462053,0.00141041840040379,0.003389521707474,0.000739570460065369,0.000753736150309713,0.000671528499456071,0.00126321561388686,0.00338868098429606,0.0037014894017904,0.000753285764126961,0.00101658550246761,0.000667459767762286,0.00340994983003997,0.5,0.00326107724245868,0.00490327388553556,0.0120025847972796,0.0118712875787091,0.00114501036285869,0.000781707020236917,0.000799366233291346,0.000826039547383484,0.00711682381805552,0.00106310866384399,0.0012055591452973,0.000834344981812312,0.000734933603832354,0.00102584372007475,0.00187803935625685,0.000834201278939696,0.000838435618457312,0.00918855977549112,0.00128655010203989,0.00188114949150607,0.00121555343018167,0.0013466798682695,0.00322560715835582,0.00336164891993155,0.00148916336855971,0.00534552088780228,0.00125183064324027,0.000964058498364147,0.00136285772521468,0.00411431016938511,0.00141527697440052,0.00301967372038373,0.00166000046917261,0.00127837836984158,0.00321161195021879,0.00107438327857718,0.00224079500797409,0.000895963865220223,0.00112864755006658,0.000869857444677659,0.00116384533304915,0.0012251833701842,0.00105254809030406,0.00112875592345722,0.00115408332998704,0.0102470000792632,0.00851634712416585,0.00338322549002354
"CH0005",0.00480715326047181,0.00343126929211363,0.00088466802001471,0.00371167507912875,0.000756967099138172,0.00350253329443505,0.000906610341943585,0.000752782714313533,0.00356080207977177,0.00351315252116992,0.00303907435757256,0.00369634437955374,0.00369753456521242,0.00360878072694302,0.00358957319436768,0.00095073720520335,0.00355111226377849,0.00127713611893415,0.00103669893852015,0.000961164114419491,0.00695068813456388,0.00100180260178124,0.00331746381990333,0.000834466648891419,0.00100786679587642,0.000866352094314135,0.000863623772334451,0.000938637873299299,0.00298734203238143,0.00336748891506181,0.00352090960659595,0.000960378047538431,0.00380554246095174,0.00355893393986427,0.00357703654557923,0.00355079225817894,0.00111719093907101,0.0029857768256728,0.000787411592880728,0.00120527684277715,0.00323988210934186,0.00648853321876012,0.00317862310090057,0.00281667023224112,0.00471156341674341,0.00381569546022126,0.00108566219359938,0.000742998239372476,0.000782263277025371,0.00409776856875028,0.00365308476281296,0.00603261708469535,0.00381124092721755,0.00109976157986497,0.00380093589751774,0.000977312647755571,0.00375284084623018,0.000998317116381929,0.00104687228566514,0.00326561824781208,0.00473700559589475,0.000752886732057699,0.000807790908230631,0.000695151008799608,0.00355876381617368,0.000758050129690805,0.00071080373361805,0.00346728428878022,0.0062560746068454,0.000810245302274444,0.000750203701499432,0.00301826894904151,0.00107943317531208,0.00337923154262391,0.00094760304133977,0.000797973180082122,0.00350749225793155,0.00085011752917702,0.000900512890775873,0.00108306201096246,0.00358162517082437,0.0035350604337242,0.00351192099907123,0.00384522190101998,0.000903794748491231,0.00348058996540134,0.000961144543604074,0.00355275680549705,0.000938249565539483,0.000873648993371131,0.000993809681460816,0.000815615630619902,0.00203791325086277,0.000947016977724702,0.00376215119328308,0.00354605477116004,0.00083877960716795,0.00697737705667904,0.000919644333398332,0.000736064134155984,0.000765463408660272,0.00678560534844726,0.00450000945737541,0.000823300831891144,0.00412414088845768,0.000800054169942295,0.000871355158563355,0.000759919687056644,0.000776004089777946,0.00329538375813852,0.000878306444270392,0.000723535196588034,0.000870383035002531,0.00627995078547282,0.00400688543847489,0.00401152412257119,0.00400943036775995,0.00412849343784678,0.00410817009609768,0.00400302881134621,0.00406619717683016,0.00097053137376537,0.00413558545550976,0.00407026902683981,0.000838581929699917,0.000796467803786729,0.00116248804397511,0.000827441319379719,0.00397425166551798,0.00193862020533997,0.000891538510788849,0.000800561451783311,0.00428970295073233,0.000758676938313716,0.00625455073302839,0.00432374369342144,0.000833910286093893,0.000834689102905381,0.000823441401581553,0.000995149803335269,0.000799409666636196,0.00375868671128959,0.00445803030860235,0.00393137799716346,0.000801106446130368,0.00412539787528231,0.000707685754910013,0.00075691308081647,0.0042334356787327,0.00396626655620033,0.000862872367218007,0.000773718215858376,0.00518618526139064,0.000811144115664595,0.000769055202748726,0.00674639305284866,0.00164218258761814,0.00326504797647341,0.0011386120027566,0.000967272238476199,0.00100461424973411,0.000837853756027997,0.000791242985476594,0.00323806586342067,0.000942067651397124,0.00343928372827411,0.00398657142435847,0.00662171043583119,0.00326107724245868,0.5,0.000772669581184911,0.000948044320530374,0.00105808413280529,0.0040243706235799,0.00109229298239947,0.00416607690461998,0.000999431428825681,0.000807111897542616,0.0049719353256212,0.000788675395641252,0.000785957087963187,0.000917064225985713,0.00287444821944853,0.00642832143731002,0.000981065433919788,0.000818535300650049,0.000771728398569679,0.000813562190445254,0.00066910885514957,0.00388979854966033,0.000801584788992819,0.00499456530173363,0.00110202813706439,0.000925024689486058,0.00189728659978098,0.000796849043095337,0.000839626408189639,0.00104288871740546,0.00348706681624038,0.00164141910423423,0.00622524215381838,0.000855744571280761,0.000732714018258979,0.000989328711197835,0.00425866158364759,0.000925034488418725,0.000925567696245839,0.00415551515454955,0.000830473207630292,0.00414765524167382,0.000830021520002993,0.00100872450159791,0.00165303497893292,0.000920101735273195,0.000771764293748157,0.000803776206634012,0.00725324899589046
"CH0004",0.000895662442274177,0.00462144773452275,0.00121040580605337,0.00109122036583845,0.00187349415591957,0.00111539164563782,0.00113411293196434,0.00116640831235439,0.00108829563956176,0.00192401987643681,0.00106972032365,0.000871021998357223,0.000849459839328002,0.000823914429495227,0.000852552755976141,0.000673081304394759,0.00103997433363361,0.000835660139916645,0.00142014428938985,0.00119222659755455,0.000905639731063984,0.0012154136229199,0.00483370181472387,0.00574347224507597,0.00164176863454718,0.00423983772544478,0.00130068909811098,0.00108305726411242,0.000757417574910855,0.0044674924248671,0.00191198994750087,0.00441272941555039,0.000833105506863809,0.000844232205642958,0.000836045475598893,0.000831963042160407,0.0011511501807926,0.00109664352325492,0.00140336829412585,0.00101459731856211,0.00405522420770872,0.000883797888778018,0.00126736274451778,0.00100987072241461,0.000938218944134486,0.00097241205975848,0.00111030715637394,0.00992325151526137,0.0065033905407261,0.0010656921360747,0.00611554662734976,0.00091497299388092,0.00368598555677032,0.00105143412870196,0.00092356121930441,0.00112760277543928,0.00087597205163531,0.00107682419843708,0.000983598160205052,0.00475795086834244,0.000877320609582526,0.00576731734835409,0.00481723239815595,0.00725288353580153,0.000901837812090094,0.00152830607389655,0.00918557727874816,0.00107503220151506,0.000885652331434203,0.00522514655996019,0.00439869301090322,0.00475523695759379,0.00484383539075444,0.00127186775120936,0.00105945831323008,0.0041779596920212,0.0019247811250017,0.00491991922203636,0.00106138200697942,0.0010073588868237,0.00083785961883644,0.00210446393939072,0.00193894776125818,0.000940566776324975,0.00112613165307641,0.00440556588286295,0.00126709463124534,0.00105670908799477,0.0053043950757237,0.00126559019122736,0.00125632643530592,0.00358524482058119,0.0010316715825485,0.000699551096921061,0.000882234192060604,0.004302614286086,0.00460893009271515,0.000878250576007358,0.00736857715753852,0.00737696116027045,0.00587124832697433,0.000877538136815989,0.00190448177913992,0.00549605002577022,0.000779026038923587,0.00570598785739076,0.00139688408673937,0.00645272911326107,0.00528571622214558,0.00103200926965636,0.00113731772652162,0.00413714101066128,0.00120929364512462,0.00075119810053163,0.0009634232061463,0.000778187982544066,0.000725094475082368,0.000732737955452541,0.000760060920075213,0.00207208446147295,0.000919633608823736,0.00105336377833596,0.000948758054064421,0.000756337641141041,0.00208620818927629,0.00427282965765483,0.00112808735868108,0.00138690664043372,0.000970214232725902,0.00113289052758696,0.00595880179576695,0.00163040786140082,0.000938974715717654,0.0061489202498208,0.000807654098556044,0.000896841908765063,0.00460872469394825,0.00123679917478117,0.00436447080822325,0.00114850972441221,0.00418779822563327,0.00114847011525594,0.000858761219018393,0.00417624776857108,0.00463242264262146,0.000742311034412788,0.00161769694567795,0.00511300960739005,0.000833765923591701,0.000909167018204308,0.00112460109226637,0.00368995718641849,0.000785710372815488,0.00749430469599016,0.00512243039087473,0.000791677147476266,0.00089418551123562,0.00098095533504157,0.00100312744387465,0.0011213374611339,0.00101986724823685,0.00117127231114795,0.00653983243393869,0.0010436877659061,0.000977825570819996,0.00104519980804679,0.00177229817621835,0.000803154788570892,0.00490327388553556,0.000772669581184911,0.5,0.00344865310441249,0.00515294092800227,0.000983422256695474,0.00103151096573718,0.000800823884905021,0.00104557602327363,0.00622459390232363,0.000964618879065696,0.00140058188866153,0.00414350942592313,0.00104982590768805,0.00133357775588179,0.000759110608912928,0.00100709293115834,0.00436926087717508,0.00506351796831263,0.00147487727908202,0.00181894037344027,0.00106257326335744,0.00139211968455685,0.000857687543218102,0.000920582110941955,0.00123060665828465,0.00717463896420879,0.00124710542688149,0.00458180497246981,0.00400387763311791,0.00140398656705418,0.000902504311513413,0.000779530439017813,0.00172669997240992,0.00126194837365603,0.00111471715305704,0.000880017836625229,0.00532214214685252,0.00463592042999248,0.000885207045995713,0.00435374006665781,0.000883148209042138,0.00415429463112286,0.00111735554961361,0.00113723566001758,0.00109249098674739,0.00551393023199877,0.00574394998954684,0.000791042862990627
"CH0003",0.000837585664417449,0.000915194605189937,0.00129849560361074,0.00242232664548784,0.00163836917986438,0.00131894673851486,0.00343559287944086,0.00125994747739612,0.0043892739047056,0.000668383783161404,0.00337653086483946,0.000678048474428227,0.000674873475579502,0.000708611206851438,0.00066692864432276,0.0004578085752444,0.000774274659034865,0.00149289486959714,0.00127897763132577,0.0010487854646101,0.00113280637604276,0.00103424864148489,0.000917348652654382,0.00332603453555282,0.00125902876456541,0.000985788933915977,0.00475667062638064,0.00324547202856248,0.00139716761163951,0.000978136962876117,0.00066623507697902,0.00104237348861408,0.000734550408906815,0.000684083086984535,0.00064985675107124,0.000657157390506329,0.00122809377162169,0.00352589174146085,0.00136801550206028,0.00109187375561415,0.00254484601521218,0.00228702445069979,0.00234228274670287,0.000873605416875545,0.00119809529115366,0.00117017455373517,0.00124629254636517,0.00306611074242024,0.0147157621057555,0.001248106794793,0.00839299240222972,0.00222562043566833,0.00104382728613031,0.000925558482698361,0.00103447501441699,0.000939320692598181,0.000804130432991309,0.000840458531972344,0.00093272931697397,0.00088732671169395,0.00079747024332807,0.00807289513972352,0.0111698482744389,0.00429630934073959,0.000646722849021716,0.00142910510528518,0.00299184491440776,0.00351578712376259,0.00114430805629254,0.0127779240888281,0.00250596741528698,0.00421428920095547,0.0088338024207908,0.00133492402378873,0.000637317587285476,0.000981347929085453,0.000666801956004152,0.0011601370332432,0.000830559712041304,0.000921650342636981,0.000651124782109612,0.000765655631773524,0.0006684121861884,0.000883787130100436,0.0014388146282395,0.00105231574251555,0.00101522360164935,0.000911555034717844,0.0019664915033802,0.00143281389527737,0.00139436327429713,0.00359830281442881,0.0035683005234026,0.000452033399971169,0.000755341945410376,0.000978014906845643,0.012797479233996,0.00115459640385492,0.00353110687900094,0.00695131872035933,0.00267923324399338,0.00327202500343034,0.000615999669379605,0.00804839283595205,0.000637892611065288,0.0104950363042006,0.0035907949259876,0.00295024222773968,0.00790112120224541,0.000884249773050569,0.00129783736948766,0.00162039458459917,0.0035812896987419,0.00181898087586115,0.000954080534255212,0.000551795690437085,0.000560814487785408,0.000557533336073898,0.000574453471105365,0.00078585205591032,0.000921292604762718,0.00105075061683442,0.001089047454727,0.000608727912946602,0.000903640427823688,0.00211298784984086,0.00128930168289403,0.00142535596763962,0.00113115728971086,0.00430406317460977,0.00239232758012927,0.00546727299421346,0.00194491450508523,0.00289915674695507,0.000802948440298676,0.00322311129066124,0.00103092359819839,0.00142466127390658,0.000943581583008713,0.000968815153169329,0.000908831989883379,0.00115109818779864,0.00382649104072052,0.000786105598931018,0.000887250605942666,0.000564638442672514,0.00946515494550366,0.00666600420815821,0.00086100608299513,0.00107219917772176,0.0022036957971539,0.0015843890149084,0.000751822759780302,0.00171628240071334,0.00228401925409631,0.00293227201017229,0.00293808433254364,0.00126515453456836,0.000864608612031026,0.000771582043813024,0.000689279354753338,0.0013989410531472,0.00305107536722544,0.00372948687034606,0.000782569279997208,0.00103877830159868,0.000567723286084746,0.00191867340302835,0.0120025847972796,0.000948044320530374,0.00344865310441249,0.5,0.00860138274849811,0.001088134310628,0.000954806397039307,0.000678697969020075,0.000839417261849791,0.00631841098095555,0.00100105584386395,0.00130952086212779,0.000927025676186286,0.000763405699399436,0.00347549907534164,0.000742532688801986,0.000861711830725573,0.0009477040989638,0.00837461103749787,0.0014426204661267,0.00809178459476674,0.00194654996896539,0.00143228643220398,0.00319383449084748,0.00233594189644885,0.00101949749210819,0.00456578482120835,0.0033226553477633,0.00108524534706354,0.00127725629355001,0.00360942107726141,0.00478382865296486,0.000991991612925622,0.00354654875658674,0.00137660743223609,0.00116261990276007,0.000949470148191191,0.00197570900703059,0.00105053322785699,0.000943368055763986,0.000929398948816001,0.000961063748175446,0.000803111957982074,0.00102149015174058,0.00124559214972192,0.00125842766269591,0.0093482946529373,0.00949281647698933,0.000919436225231199
"CH0030",0.000868416730746686,0.000907030390216851,0.00126524099214724,0.0013674330027608,0.00166157398269402,0.00131649611941164,0.00116155874692055,0.00141855869995406,0.00127470037291734,0.000712341330364306,0.00122622724689689,0.000728948898088614,0.000725701013800728,0.000770748185569045,0.000729055209181451,0.000467713476482048,0.000773440175268272,0.00329772923712171,0.00340141574700218,0.00415448156150902,0.00344406202766405,0.00441517960020292,0.000910816272760115,0.00287984964056705,0.00128956984540995,0.000786261420553499,0.00143923773839651,0.00114270605298022,0.00132021265871941,0.000960264638925771,0.000702892096792456,0.000833786112245523,0.000831414283922967,0.000748403664992991,0.000711250195716409,0.000720774220350289,0.00299378840256698,0.00329873112104032,0.00126771387901666,0.00116437958099136,0.00445624629750011,0.00388531872343263,0.00356513979215679,0.00341269908436264,0.00396077522979939,0.00381464025296386,0.00374219210635433,0.00454255776715036,0.00846359503409413,0.00129515554089213,0.00732856743038814,0.00410358084820475,0.00108514116517533,0.000902976578114005,0.00122078205420482,0.000924645406846565,0.000854838755897421,0.000734987015190504,0.00076155804694842,0.000879203033809589,0.000883210201860949,0.00899023407420246,0.00908766030301075,0.00719468435390155,0.000707539432156316,0.00133597959391591,0.00463199377486281,0.00137790282110315,0.00409735834271913,0.00980065632168104,0.00171983838545228,0.00496989776357704,0.0124538280088358,0.00132459808167166,0.00122583436628872,0.000895166163872845,0.000710581669534158,0.00105015422305757,0.000811811778521274,0.000708932140829636,0.000712645269155045,0.000766236690070045,0.000712080186844052,0.00107294466073307,0.00101689836682393,0.00109123861108342,0.0010153483121449,0.000846798056244974,0.00236037042297318,0.00111067755525862,0.00117813247426201,0.00110656329745198,0.00339026195784093,0.000464918167911599,0.000813832381191126,0.000950540249080137,0.0114511788870747,0.00227081013012115,0.00827765302739111,0.00795791625715211,0.0037134396612767,0.00120413815382854,0.000665771741445819,0.00904356321182844,0.000664937864758061,0.00863925223986652,0.00144407661488686,0.0042548424140947,0.00881332886353222,0.000780998323465953,0.00100161401167217,0.00397945496083689,0.0013234101607659,0.0031925524397631,0.000924716826994004,0.000615280198807714,0.000624169480922602,0.000621866025403251,0.000629658002325945,0.00082154101211495,0.000926966400315052,0.000809900601669624,0.00107501043424105,0.000676093182500782,0.00114078986074607,0.00223593605106682,0.00108989439372861,0.00121890485788801,0.00115583214743677,0.00116092101643879,0.00280563341861184,0.00169296309934532,0.00108123898495292,0.00411324131903151,0.00317679195812585,0.00113209587681098,0.000837170320287234,0.00332116715016247,0.000872831212774719,0.000945961987132272,0.00090722632385728,0.00113966204602018,0.0010832882795069,0.000809498989164366,0.000804976958546921,0.000628613704820814,0.00168174666897529,0.00747728342052857,0.0011725695127643,0.00120934484858843,0.00160247702834921,0.00155140845776456,0.00100127932844807,0.00196146712949125,0.00257158486926375,0.00321621982463286,0.00161315507723867,0.00324333588857626,0.000684467333042656,0.000728330648586966,0.000629173125323659,0.00126981727478642,0.00442155722846842,0.0034090614461928,0.000763055455071241,0.00091509590564129,0.000614989875763982,0.00328877811583986,0.0118712875787091,0.00105808413280529,0.00515294092800227,0.00860138274849811,0.5,0.00108797460297248,0.000720829125637388,0.000731422148088652,0.000770532780803591,0.00743683369066161,0.000984344885154011,0.00116975087234488,0.000796739142310305,0.000679656232789725,0.00092705646660938,0.000865657272433122,0.00080494515090663,0.000759577531450286,0.00920795858613317,0.00124474445429172,0.00181913769906217,0.0011493224703046,0.00135734305041522,0.00303675226375429,0.00421872717263895,0.00164787988150584,0.00555985535369852,0.00118088046684153,0.000886868190699143,0.00155566401794766,0.00386072903439431,0.00164220216501721,0.00105390874709723,0.00167536826588746,0.00131407511395623,0.000929884169214093,0.000984065437432562,0.00238504265673055,0.000839408287021801,0.00314103515142004,0.000871366742231786,0.00339121144609022,0.00138790789937425,0.00123776976513613,0.000991908905420488,0.00104296354501227,0.0100902509782823,0.0086235400820642,0.00106635221353846
"CH0001",0.00346340115148575,0.00329551772357597,0.00209462754803996,0.00633432106901135,0.00380944237169593,0.00682817141048434,0.00305425296926715,0.00317399645827947,0.000896627155846639,0.00335406690010237,0.0020583617557246,0.00352486425577027,0.00352489491054893,0.00338264912242413,0.00342283515354975,0.000890698437748773,0.00339470356268947,0.000826781855722514,0.00111346663347252,0.00101506378733519,0.00359316597263919,0.00103514675231565,0.00319852165687573,0.00203782723132984,0.00106108785949088,0.000857971080664791,0.000823175049532787,0.00390775314554943,0.000767257860332025,0.00324686348441398,0.00336070473728174,0.000886035324769127,0.00355363304921458,0.0033865738254926,0.00340659130025595,0.00338541541219105,0.00101700783965317,0.00100215518518846,0.000953274978799717,0.00101500927652154,0.00118339677763823,0.00356475523439796,0.00105717872768337,0.00107045640718988,0.00341353206196974,0.00353282326784307,0.00103994264190973,0.00193788636687617,0.00100140753296599,0.00400018715039315,0.00106119541026643,0.00338989875405388,0.00368241344423959,0.000969757122048003,0.0036893027183418,0.000974961536831106,0.0034402863366082,0.000853150486653226,0.000901914056388229,0.00314176235812773,0.00340799978633443,0.00108025462120224,0.00107137164960594,0.000912696907142794,0.00339574364766093,0.00100295714834898,0.000888605022694825,0.00624652691105264,0.00344793367198443,0.00189089272613675,0.00284717023807788,0.00110542169767842,0.00112189295211474,0.00331210926969077,0.00104190183461618,0.000850666990052959,0.00334964715671945,0.000861041100376238,0.000991745886972796,0.00103643334923928,0.00341180719427153,0.00337790396600022,0.00335386621670064,0.00365221318502311,0.000830776291901845,0.00338641084767613,0.00106816637215724,0.000897759140188313,0.00101728007305745,0.000924273389731644,0.00105179664161538,0.000801221667488911,0.000994917918512933,0.000882744710439134,0.00358262693068753,0.00343219995047924,0.00200394317880081,0.00349566531472538,0.00107264334361368,0.00360821099230623,0.00102655398133388,0.00357342093990373,0.0043297244215624,0.00129225128639581,0.00394709852978946,0.00102551226830324,0.00435056479421125,0.00102992562988152,0.00363031410096581,0.000868471014021993,0.00209146111182348,0.00086962519223071,0.00337749717145514,0.00392068187605191,0.00387757612307829,0.00383998691181589,0.0038344814038736,0.00394830960519096,0.00393072221250089,0.00385038546554626,0.00396383487691057,0.000962304363537813,0.00709352260559196,0.0038455303092584,0.0010164639379002,0.00353102166252095,0.00223138250754481,0.000889533418016445,0.00687113006844046,0.000837207510849257,0.00113069615582999,0.0019501035175281,0.00412045122624989,0.000997751848341399,0.00394055732219455,0.00627344359085518,0.000838481945787455,0.00319228041899186,0.000896063757981459,0.000989561562870922,0.000865220994436432,0.00369020134650593,0.00407788499740389,0.00379156647630929,0.000821610781021251,0.00394515989656719,0.00084232128994832,0.00101126629158242,0.00401411743192736,0.00480225032271692,0.00114984162906823,0.00353104827707606,0.00399267786439528,0.000985063027025276,0.00098098476066593,0.00395532361651009,0.000827587978935426,0.000963856460648832,0.00102785112282611,0.000831301466023319,0.000942375977566372,0.00355431216665366,0.00440943231710776,0.00105255196609613,0.000973861761737252,0.000946216599126863,0.003818219432966,0.00398626982036534,0.00114501036285869,0.0040243706235799,0.000983422256695474,0.001088134310628,0.00108797460297248,0.5,0.0010043522450202,0.0038810027636618,0.00088044111472602,0.00323708597521834,0.00391989710926793,0.000854484222115504,0.00079286287361922,0.000845581829438695,0.000775708442355234,0.00393080466822842,0.000943550360863263,0.000797660773068542,0.00392853272373605,0.000886275133062551,0.000968274006873211,0.00384097931864239,0.00368344973108759,0.00573191619403241,0.000976207298199891,0.00337200287297073,0.00103563462440115,0.000924622576421527,0.000841944419567364,0.00117764262838146,0.00111626959354714,0.00128522868762062,0.00406111964133594,0.00358134266728392,0.000998633479721716,0.000920572281087421,0.0061489145054749,0.00104254311317799,0.000859532401769478,0.00397037872400854,0.000876709896444998,0.00394291674590685,0.000970773825060464,0.000975239201104169,0.0032579157605192,0.00199965964663157,0.00212298773478062,0.00356897531557939,0.00408459121679493
"DU0066",0.00127395448436122,0.00146269645568655,0.000955792024251886,0.00119690681433733,0.000892699915921958,0.00109389634220275,0.00689480002059973,0.00101582118709914,0.0086513306612783,0.003925344348588,0.0056481044540001,0.00405638482155389,0.00410187948501948,0.0013561976357571,0.0041389233119744,0.00519713406873152,0.00384142510047935,0.00091066495434337,0.000862405269474213,0.000991107504328625,0.00117897822224603,0.00101395096057827,0.00148836551017048,0.000825706913817919,0.000957204553352172,0.00355629239833182,0.00640799406752886,0.00332977573027656,0.000913846592967931,0.00143294471472343,0.00395405727976209,0.00859169022589579,0.00138742388057209,0.00257516342500563,0.00390488861850604,0.00264726552918993,0.00832731746439102,0.00617594029307634,0.00103268767627584,0.00646316734108583,0.000828671807480343,0.00116824565315557,0.000909704893769414,0.00102898127109184,0.0011740780837637,0.00113316146862136,0.000941682761001694,0.000869405495121859,0.00103041928590671,0.00127034287055501,0.000870784550416998,0.00115847540036562,0.00136779739279741,0.00302918907784362,0.00112377021653429,0.00102207056864404,0.00128503526809806,0.00169574922776453,0.004876832837439,0.00149080284872351,0.00126071593982957,0.000961982412860433,0.00176311943041483,0.00100391527656953,0.003922666962783,0.000949174834628529,0.00104050180224824,0.00116013384484164,0.00114174787367055,0.000877299640179472,0.000981596405544133,0.000853960603438868,0.000811916924730562,0.00123875870830479,0.00319325412525052,0.00134885678485338,0.00391554834626405,0.00255608336053524,0.00349019926979583,0.00924793411446295,0.00391265975931742,0.00274255273734662,0.00392420119952625,0.00137183640290346,0.00559849170490855,0.00129722557330937,0.00127804588752359,0.00148782160178521,0.000966522112597168,0.00728473117671839,0.00635791681728179,0.00558331671963616,0.00477119613612326,0.00500963149511282,0.00141886169887714,0.00136831751898318,0.00075022697116026,0.00123199455107413,0.000786803236326532,0.000695525240220387,0.000929136193014953,0.00124374205236346,0.00398681303519405,0.000759202015578142,0.00350432279246002,0.000960044323217516,0.000871534878376729,0.000945269028805474,0.000796215832833395,0.00165907103524027,0.00633712348613015,0.00189458379006299,0.000890978641236671,0.00100045466806678,0.0031812000643261,0.00345469164570841,0.00341008664116626,0.0036235101942402,0.00348826024039348,0.00362744194550925,0.00213203632240149,0.00642906497474128,0.0010725136920442,0.00119086978239076,0.00211276569451047,0.000916914641585063,0.00525519745975439,0.00524018693006777,0.000980262415581305,0.00316310194036929,0.00349996918099324,0.00096323077327331,0.00215014310713649,0.00163728513725607,0.00103307957116009,0.00104846167180416,0.00509227783378616,0.000875233201071582,0.0012229226590753,0.000988622084537095,0.00116619300182997,0.00179064887593783,0.0012118356174287,0.00124338095619775,0.00142143277294627,0.00366695753884976,0.00333702450438865,0.00161971151484972,0.00106667436055448,0.000983620177720924,0.00105377322769735,0.000803496263165931,0.00106080294321804,0.0010868168587502,0.00164764511347543,0.00104802590327528,0.000927175042601569,0.00496936071243434,0.0111656576735411,0.00248602928766212,0.00400627784149684,0.00293683610410346,0.000803745315233805,0.000949722139622882,0.00219609739400006,0.00873312425561244,0.0034944464027375,0.00107432931152659,0.000781707020236917,0.00109229298239947,0.00103151096573718,0.000954806397039307,0.000720829125637388,0.0010043522450202,0.5,0.00115745045841621,0.00138373317504316,0.000721382148804838,0.00213677514218337,0.00214061523352962,0.00163655080785719,0.00163473863894033,0.00385808715562385,0.00100658111376153,0.00122744935146744,0.00299670701004575,0.000781421769472975,0.00555740846558103,0.00164816321365022,0.00106995147868067,0.000877787795316092,0.00102272825224503,0.000926433231905192,0.00103050672850195,0.0008708199276674,0.00130257177207562,0.00496398988875402,0.0009752597185435,0.000827143379188729,0.000905592594827852,0.00116120101912495,0.00081098366672294,0.000974672949951356,0.00458614412625918,0.00107966121752167,0.0010866215204345,0.00844679679255658,0.00102410423594828,0.00122999641010884,0.00103666954031396,0.00122795965120894,0.0012262925756812,0.00589433568858545,0.00319131748916906,0.000815662332410505,0.000806485381010915,0.00109824260301906
"DU0036",0.00744284228082901,0.00334985830950742,0.00100585143193389,0.0035038324317563,0.000783139267514157,0.00332550759931755,0.000708924592869872,0.00068455834168833,0.000791074562468968,0.00453009296527937,0.000782954574074803,0.00379991151320102,0.00379581902356188,0.00658508671347142,0.00480369020369037,0.00128470072290402,0.00356903851017114,0.00126997666236074,0.00099776658232947,0.000785847048112211,0.00474128880884374,0.000818201491799458,0.00323152106374443,0.000880972035664423,0.00389024802954345,0.000951936353955442,0.000685292000582006,0.000869586146821695,0.00379817836250392,0.00324774702585048,0.00358494086039271,0.000909077118317943,0.0038835142366296,0.00485374600766728,0.00595860266458376,0.00480538328403801,0.000921460944012923,0.000733376075031783,0.0009218812250148,0.000912109847618747,0.000967688963734057,0.00349995301995808,0.000982524370542506,0.000917338306782689,0.00333297268969293,0.00346692448162862,0.000986936264063928,0.00078002613056943,0.000734657099389316,0.00383867315142278,0.00312741473392744,0.00333883051599561,0.00366508821567301,0.00112770577531071,0.00352889185367554,0.0046056067750196,0.00733856868506383,0.00434037699033387,0.00503752600914751,0.00321276705123168,0.00641014211066971,0.000680436325861415,0.000730047896296726,0.000685738079958475,0.00472621517754252,0.000871488161375048,0.000743059028115228,0.00326554358998436,0.00345334544052792,0.000681611244996699,0.000754037523284629,0.000892905531927331,0.000764672390723104,0.00323024903453178,0.00189743336328573,0.0009983983104523,0.00451830622897618,0.000859429976603131,0.00335223813895473,0.00113440884959239,0.00596480909823057,0.00354930285208568,0.00451397368102773,0.00368259114379506,0.000778939275972068,0.00339254065339133,0.00118789941093608,0.00397582326185656,0.00420727607175191,0.000743936364090422,0.000781283774251023,0.000716774907562204,0.000830278314674317,0.00125605914043221,0.00398923850756215,0.0034494407924117,0.000654648523222771,0.0035836299050124,0.000802597689344461,0.000692113814985816,0.000778136882191538,0.00366168396879331,0.00449427132377471,0.000694253725450699,0.00422852483266969,0.000683534309221506,0.000848067207258719,0.000773688126497772,0.000684421396552727,0.00381515456562053,0.000761730993207903,0.000749694495945688,0.000862353132120711,0.0039736141852581,0.00393012656805251,0.00505400493072876,0.00610516570967345,0.00423448305856731,0.00421820701258265,0.00388762446982496,0.00394745133619965,0.00111776023528288,0.00396524174258165,0.00674744883620307,0.00083966027453938,0.000805738950845591,0.000933344426094444,0.000783589821620079,0.00382846664460217,0.000968882053658854,0.00100911055530398,0.00083370490234569,0.00407937716801718,0.000772359908449591,0.00404419853651849,0.00406459955499382,0.000812635301585383,0.000969645637750009,0.00105577824871549,0.00396775419585074,0.00103094621158046,0.00364644932034274,0.00416152512491413,0.00383899789487187,0.00104762979455731,0.00423020057293414,0.00154902747806753,0.00071486847978092,0.00400995541499093,0.00380334317526103,0.000692999541505529,0.000833914577552652,0.00409111436194298,0.000921049273568893,0.000819939949754106,0.00399862950629889,0.000944007704992648,0.000940000988580553,0.00126749237183687,0.00436012975474852,0.00342435038399209,0.000875083482735961,0.000776659074789217,0.000992505980280529,0.0024517936869171,0.00332559026212901,0.00404483277175826,0.00404960662589962,0.000799366233291346,0.00416607690461998,0.000800823884905021,0.000678697969020075,0.000731422148088652,0.0038810027636618,0.00115745045841621,0.5,0.00460049908378286,0.000753709257874646,0.00395668068231613,0.000937814403573317,0.00100054823501839,0.00372053117691724,0.00203439483785146,0.0061665860771955,0.00131536507916325,0.000963635519393631,0.000684605053429001,0.000722189978425304,0.000773787563335134,0.00375153011466907,0.00087790571727844,0.00377020124056815,0.000792531828719424,0.000824424708965168,0.00360797118071538,0.000895163786746993,0.000827936108982417,0.00105761032702063,0.000969992293148108,0.00102515319325268,0.00404412209665183,0.000849962014589956,0.000905924181119005,0.00101757151780268,0.00403764338775794,0.00330709188474888,0.000868173110110954,0.00394743885274721,0.00107421400717441,0.00392859926974349,0.000831315883560338,0.00112155189532249,0.000874444032928722,0.000890985800174512,0.000659238399874214,0.000700654058768914,0.00515227312409275
"DU0037",0.00532883348372822,0.00117402515067922,0.00539242289827721,0.00110483591118303,0.00136489428203874,0.00100511592030442,0.0014119529972098,0.000812242694913833,0.00136073767803455,0.00119033490134191,0.00138958161798034,0.00117080162321892,0.00114982059823021,0.00454651293550691,0.00241535706959677,0.00108626544686649,0.00111738352789109,0.0014233962045973,0.00160914086660505,0.000793979181140179,0.00231023531889957,0.000785610104536931,0.00116765647341144,0.00115592001662173,0.00465883141986053,0.00308983895710531,0.00133866428132249,0.00310563715263974,0.00409228581332376,0.00113275907881927,0.00111979664254635,0.00143469443129217,0.0037936278413676,0.00381477690987449,0.0024512493737824,0.00248163182006351,0.00133421545813725,0.00130017934144388,0.00468600392551434,0.00135050228867484,0.00119726456051013,0.000951136276500539,0.00486333013699849,0.000814501756361547,0.000918110748849094,0.000916174542494563,0.00470629442966678,0.00103726869196758,0.000934344627554889,0.00108169335332631,0.00340323624179834,0.000863917712751265,0.00105120408021724,0.00544480522232264,0.00102087134336454,0.0072220870133748,0.00533369938852067,0.00951442129989541,0.00556632796589965,0.00118340759078137,0.00448281011343777,0.000872974019134685,0.000869379839943419,0.00095228834674656,0.00227902419267347,0.00324150073960715,0.00101221529086985,0.000996695648131432,0.000918740503632165,0.00089835546322879,0.00117935395257832,0.00113549300232388,0.000746407779491949,0.00104975302866923,0.00181635113780006,0.00623448882667931,0.00119191202509831,0.00161835582029377,0.00463935902342458,0.00146367458292876,0.00245325375766483,0.00112238482172244,0.00119258581036714,0.0010445261624529,0.00291115647993056,0.00118008355238968,0.00373348000434889,0.00909276780919551,0.0046557081568496,0.00136863555377915,0.00150788475109731,0.00152533042330343,0.00159266897705753,0.0010516466812898,0.00390766681915054,0.00114245416199901,0.000835061034089498,0.0010639990622379,0.000880280039700379,0.000908047680331341,0.00102823981490879,0.00115131165247188,0.00107296984434826,0.000875776694748224,0.00102076970041163,0.000876415901216974,0.00171387255262271,0.000998840866150495,0.000866482362104613,0.00867676145502466,0.00145509156328286,0.00126832457601034,0.00464879499223532,0.000924678031792858,0.00103227834795019,0.00202725357312808,0.00329076181047195,0.00103543542831469,0.00103390020736109,0.000950668339027517,0.000969059831440134,0.00316829491855591,0.000910586028718535,0.00403491739461342,0.00087255761623313,0.00106384705777016,0.00154214366841276,0.00151875117218253,0.000924672428176434,0.00514682176244605,0.00113194774320666,0.00176307647448199,0.000978463113338774,0.000988988311499176,0.000931754421876734,0.000907277745052471,0.00149398307664302,0.00545941400299055,0.00515809547670212,0.00666030419210378,0.0049092324079917,0.000906025579581373,0.00097845131330167,0.00100226251434546,0.00569697495804129,0.00104948700407796,0.000987773825109243,0.000905609070121597,0.000915646662220474,0.000887522726756906,0.000803977141209736,0.00173324549749466,0.000994927231512154,0.00131111656795283,0.0010905675355826,0.000911674569763339,0.00114922470529351,0.00155774394871972,0.00146829951213444,0.00927299879297719,0.00689773612109183,0.00447896735146186,0.00100700206843845,0.00505999793603401,0.0065434501972126,0.00413183015932318,0.00101406836202839,0.000908861506477213,0.000826039547383484,0.000999431428825681,0.00104557602327363,0.000839417261849791,0.000770532780803591,0.00088044111472602,0.00138373317504316,0.00460049908378286,0.5,0.000893577215282792,0.000945854787577094,0.00570247733182871,0.00594402694492074,0.00887287972604493,0.00485347385657565,0.00342482177911677,0.00853447166810562,0.00507092117254015,0.000843198568432901,0.00130180553044631,0.000933535960198468,0.000897690284155119,0.00493870091745166,0.00085614738561462,0.000853120480581998,0.000885721253140592,0.00409625353663494,0.00605618525374347,0.00174357788421459,0.0014290778040662,0.00154485121396026,0.00126197047895558,0.000950619719362243,0.00139705312540897,0.00519020576140924,0.00506326355944296,0.000960630363974536,0.00368802090121479,0.00142750426137415,0.00088462387544204,0.00537145485263121,0.000872467939345942,0.000940996818810118,0.00620461664209654,0.00152118274555921,0.00468228205927045,0.000932926322333701,0.000861175403879292,0.00103406426024137
"DU0034",0.00090421859619066,0.000899383050201986,0.00339530897384377,0.00240942076989021,0.00395482528007406,0.00384854286418603,0.00111732969182601,0.00117364867576635,0.00105540757056037,0.000706758897355986,0.00111825193164456,0.000723668743963193,0.000733265192942671,0.000797412783227476,0.000749965812153468,0.000499211593947369,0.000745673542228546,0.00393319991649339,0.00417161750151844,0.00292968469549149,0.000996873041280427,0.00126999969007303,0.00091226399973549,0.00459414818858269,0.00150913415818552,0.000778550966080423,0.00132325916584271,0.00122525260033427,0.00127572580698376,0.000984464698409916,0.000687105865102299,0.00083467726685074,0.000868162923761706,0.000777674338325771,0.000717481835406399,0.000732220696840871,0.00483441277578209,0.00109363013039091,0.00137933399831427,0.00200549259510673,0.00246946630709705,0.00106814632033172,0.00126186982840904,0.00108557435793002,0.00336764842872131,0.00376174679857743,0.00137756382204805,0.00571681593609865,0.00619286837319502,0.00124557767894312,0.00817621504342523,0.00119062583342818,0.00110662194714967,0.000954086292932044,0.00126287708894206,0.00105760463853088,0.000903893272123791,0.000848417822365386,0.000800336730745206,0.000872520054981166,0.000915786971683726,0.00797409049485782,0.00691157786773582,0.00633897599624665,0.000710044301747988,0.00149634985779021,0.00537106194542642,0.00380362905224079,0.00106121652988086,0.00759497953378902,0.00181686298755703,0.00288605606110082,0.00796439229002634,0.00134046518584382,0.000800270407717389,0.000973554609453434,0.000705000840837556,0.000935240046513903,0.000921622934050679,0.000707638633597451,0.000718861343035376,0.000739843608674521,0.000706432416619254,0.0034052709362877,0.00100268433537313,0.00112072249476481,0.00112566290145892,0.000867015901785324,0.00403687703946022,0.00113492549553378,0.00122558005188405,0.00104619438480332,0.00111159002257971,0.000491064691117066,0.000848332681061315,0.000973748289963433,0.00892447517988995,0.000986419517592116,0.00876545929430965,0.0111958414023786,0.00475850126143736,0.00099300597811977,0.000659704281048073,0.0101049807860173,0.000639928299389665,0.00789106190488635,0.00254795077587079,0.005314360003379,0.00954012495387371,0.00084132435865772,0.00212593117316371,0.00192899255714343,0.0033646009318387,0.00085840072696272,0.000955003925866021,0.00061063604656047,0.000630406976942592,0.000611384152013505,0.000615056987753624,0.000805393707965691,0.000985371539910314,0.00082440628135113,0.0021121108357601,0.000692762630269617,0.000746333210069504,0.00497535163085763,0.0011747179782854,0.00126816822356169,0.00322456894681874,0.00101279933546336,0.00468808828161951,0.0018272400944201,0.000961334050966278,0.00508624686589008,0.000945260045533217,0.0010421406426366,0.000814426852451489,0.00366948904482095,0.000937565783995674,0.00108534389633087,0.000900128558604896,0.00116607214925505,0.000936884914297246,0.0007941119794222,0.000874991086473846,0.000629578537860595,0.00235863254375637,0.00683318377245402,0.00347228830361323,0.00371720120414012,0.00107158524918831,0.00389650260296057,0.00277161158792078,0.00245556748763218,0.00404166151516663,0.000895454869137583,0.00126961621647944,0.000997475984242472,0.000694146856603723,0.000788094323264938,0.000691245611563597,0.00404392686300289,0.00760556328367826,0.0011528400568186,0.00086437119419025,0.000864932880032842,0.000596312271018685,0.000884022277260221,0.00711682381805552,0.000807111897542616,0.00622459390232363,0.00631841098095555,0.00743683369066161,0.00323708597521834,0.000721382148804838,0.000753709257874646,0.000893577215282792,0.5,0.0009727095495073,0.00126372933205447,0.000869947855159208,0.000791165534605718,0.000904845668596389,0.000764991406146483,0.000885040602690107,0.00079905901547202,0.00911414327447127,0.00127888643774354,0.00422075483628895,0.00113858159828859,0.00253198857269473,0.00109089316682078,0.00103407427864185,0.00214482696077688,0.00665174260413284,0.00121517536376566,0.000892059528172756,0.00395386330158683,0.00144921610773863,0.00141572261647074,0.000851502141866454,0.00388152670303898,0.00360154515117897,0.000894987603012971,0.00109754015419026,0.00404484682400807,0.000841190838062253,0.00377524047663577,0.000923786920188925,0.00377045111119652,0.000944775582982103,0.00424763773520049,0.00157111837508071,0.00301408479848792,0.00873917418657761,0.00902645068978712,0.0008231597080229
"DU0035",0.00354978816294417,0.00335353882754903,0.00088864357112871,0.00358371253467516,0.000994992479138602,0.00340372562764574,0.0010417231029586,0.00286359466253255,0.00111880787030424,0.00341440089204831,0.000972235347490793,0.00361413375018032,0.00361511421914865,0.00344437140048555,0.00349891557975277,0.000983847860118285,0.00347959401050366,0.00098612428638805,0.000973869546690998,0.00073507005009109,0.00471926610240968,0.000776907192496347,0.00324804030404215,0.00100331068344717,0.00102008684530309,0.000957194771139322,0.00111343314737453,0.000965876944331649,0.00164069355233198,0.00329373457840555,0.0034350504021418,0.00099912089634159,0.00364112317251521,0.00345251782927735,0.00346960620985458,0.00343649002547402,0.00109119598164214,0.00100965351797472,0.00407851421542882,0.00110525072645628,0.00102560788129935,0.00358002300695737,0.000922741905426822,0.000906721828705057,0.00338839181844613,0.00351536149176358,0.00090278797509514,0.000985731595908208,0.000927021240810466,0.00399762416670142,0.00109067821402929,0.00341764331959863,0.00371210826723428,0.00106637621866492,0.00359944266353981,0.000904273644568238,0.00352787616826421,0.000950679023835986,0.00101630269620923,0.00318832799044633,0.00350226842811204,0.00125739381925315,0.00372888670664255,0.00108290577750273,0.00345571783955195,0.00348855462878918,0.000873526836881165,0.003354620304678,0.00352857010388136,0.000966333688082718,0.00107058704691442,0.000982828017258335,0.000991557605943726,0.00665037011995353,0.000841319541499722,0.000855679639147667,0.00340988017117877,0.00098059739554393,0.00095879553244937,0.00318832336396292,0.0034749114958461,0.00343110721033652,0.00341419552066167,0.0037099464710859,0.00304971261083402,0.00343759515012007,0.000969675830458866,0.00103727867040595,0.000979065961188719,0.00372575863326693,0.00103192641402872,0.000893420319331447,0.000949190185657938,0.000971211720937534,0.00363553622320403,0.00347139839402938,0.000909698527542843,0.00451037292327411,0.00101099246451229,0.000969674366382008,0.00418382508089684,0.0036465338218536,0.00440874895890882,0.000954320173744375,0.00402486810638307,0.002802687330103,0.000844708334372783,0.00396050024126146,0.000957730209571716,0.00101624811694441,0.00196286715422919,0.000802548138393984,0.000798537229514465,0.00398967409954399,0.00708758191191731,0.00389632585648121,0.00390134212193212,0.00402831019541019,0.00400835478135623,0.00496995843909617,0.00653804137301771,0.0034606479820557,0.00400768095313554,0.00390006226602685,0.000915799955335809,0.00099912353817822,0.00111401242492437,0.00397821915400663,0.00387338707524393,0.00102299411182068,0.00109871357761691,0.000826700483268408,0.00510704589663625,0.00461743088622402,0.00482150229361335,0.00409470580269397,0.000924587237562021,0.000819334186011228,0.000856827601545408,0.000911563454807617,0.000837167572671325,0.00662384349825975,0.00416794496145145,0.00383664008810262,0.000837122211075101,0.00402635475579681,0.00451879974959733,0.00458647640158568,0.00401323140481936,0.00383541971045274,0.000937429098899267,0.000811429592409851,0.00403392896030192,0.000927959589262208,0.00446621077082281,0.00400988798718143,0.000892066309648945,0.00107120344866887,0.00117266232326676,0.000947852240772819,0.0010316380302083,0.000944065755000532,0.000976373468277494,0.000902903301335219,0.000926513374352817,0.00200549547290264,0.00387507863022573,0.00405106412976488,0.00106310866384399,0.0049719353256212,0.000964618879065696,0.00100105584386395,0.000984344885154011,0.00391989710926793,0.00213677514218337,0.00395668068231613,0.000945854787577094,0.0009727095495073,0.5,0.0039781489895598,0.000886764088165648,0.000938119412102696,0.00284417851383311,0.00485219979280064,0.000939450431827001,0.000911419245071996,0.00101720543167726,0.00411801518818621,0.00186885254522039,0.00644511224088516,0.000813529914313517,0.00381099760418375,0.000939902497410501,0.000782455543129045,0.0010585538123495,0.0033046666711039,0.000913438508852969,0.00106101068184901,0.000954501329816391,0.000884087286930617,0.00496495900268678,0.00091576721872063,0.00196207149927013,0.00103356275201407,0.00406237644894147,0.00101738279030534,0.000962671387521717,0.00396992621390969,0.000861935485522674,0.00394440969608487,0.000742107654360974,0.000981513270666325,0.00109341427303974,0.000960619367831387,0.000936834307499111,0.00096362392482211,0.00418939451318958
"DU0032",0.00116330420454446,0.0011239269178008,0.00475935902186265,0.00109126662984068,0.0023481778119164,0.00100498359997104,0.00264654081034889,0.00355998428479219,0.00177083149341561,0.000908308360575609,0.00165278276873733,0.000876538890265425,0.00086018878312498,0.00104397339371273,0.000888980768319852,0.00067957900067774,0.000951320959548502,0.000861790620790351,0.00143041206403226,0.000733277702535186,0.000968602125029526,0.000747206671060248,0.00113424289872032,0.00138843838701138,0.00152908896152154,0.00425210228957008,0.00329813613292717,0.00442239584627538,0.000931996133545658,0.00110487305782345,0.000894570474551717,0.00157400641206583,0.000985701349999169,0.000952767822542453,0.000902329223943853,0.000906643840396961,0.00150097140484618,0.00235034248822937,0.00946885935511024,0.00155004904015633,0.0012073359336418,0.000903620084104539,0.00306871808471721,0.000750642709105525,0.00089419869831882,0.000872341799790823,0.00416538057869589,0.0014363339591407,0.00127662900882933,0.00120924849797197,0.00134260629029105,0.00085088645689583,0.00101851888282428,0.00508537692597752,0.000956053385149155,0.00303420245401186,0.00116268294015082,0.00547555831034137,0.00307614628837711,0.00111092661601203,0.00111420879064373,0.00356286445035654,0.00422009316211325,0.00148048232211532,0.000887576903301531,0.00619843957389777,0.00129765470264626,0.00103342604884,0.000867176681545473,0.00135754898873891,0.00352821618858665,0.00123677413923836,0.00112028882267167,0.00605786676041243,0.000732892285336592,0.00554147350998122,0.000911822508429094,0.00181197561955681,0.00283730755313216,0.00163499527831249,0.000904096225892591,0.00094104285061446,0.000914457943279582,0.000934538551767935,0.00657766499132631,0.00115382083610895,0.00308426123704248,0.00556981414348557,0.00135743397617238,0.0048067144815581,0.00183500838524986,0.00178533957052301,0.00287842720205453,0.000670788334461129,0.00102035331177751,0.00110940749418149,0.00123595469037124,0.000908638746068445,0.00126584122705222,0.00136207756058021,0.00633606789419084,0.000964011936735179,0.000901640268060862,0.00130879237502055,0.000729458927614219,0.00325066698828926,0.00160619823112337,0.00615336015740003,0.00131368069554404,0.00526600357329385,0.00239616497879676,0.00142263395282695,0.00296578496646677,0.000791785049914152,0.00396515373173827,0.000759854048638698,0.000785603742160815,0.000715961687960411,0.000726660337946275,0.00204939222952108,0.0032986591466426,0.00536443927804977,0.000895483952483395,0.000871371265631836,0.00103178148287489,0.00132089654132763,0.00169618617411793,0.00691896936535248,0.000887091423554783,0.00497741565839769,0.0013218543099538,0.00161953394908857,0.00183888411350948,0.00751898095632498,0.000733957444536704,0.000859010249807669,0.00169794456336247,0.00478350535992994,0.00451813498837617,0.00304781325320038,0.00430094488146468,0.00587581183406763,0.000864872411081332,0.000940484505860729,0.00502016996235733,0.000729342378209721,0.00454346986345144,0.00725841351190349,0.000798265495543779,0.000833788667411711,0.00116149058764057,0.0015913617704818,0.000768962190707692,0.00137580614769291,0.00714472650017136,0.00079540671394786,0.00153656700363537,0.00169096220439253,0.00135547015028076,0.00524938727196164,0.00517881368334623,0.0044288203448152,0.0013808474247548,0.00446087418363618,0.00438641815883419,0.00156735351313981,0.000778773290498999,0.000772894880467894,0.0012055591452973,0.000788675395641252,0.00140058188866153,0.00130952086212779,0.00116975087234488,0.000854484222115504,0.00214061523352962,0.000937814403573317,0.00570247733182871,0.00126372933205447,0.0039781489895598,0.5,0.00556886863736098,0.00564084180711468,0.00456418851681272,0.000840044466720856,0.0052624020228747,0.00485130164078112,0.00208654183629465,0.00711751862302586,0.00206395430261838,0.00433167666598745,0.00315434195759384,0.000832868338946167,0.00168753252699079,0.000815232794652197,0.00139847577005355,0.00848662777705955,0.00301510074812134,0.00134570349411213,0.00140109784324174,0.000986504731048538,0.00148340882562328,0.00145485129870332,0.00707451615298059,0.00489294784641624,0.000851581062482051,0.00127876203789838,0.0015804742111254,0.000800421263664195,0.00469818967733879,0.000795851549917977,0.000861496166725503,0.00544636760882571,0.0018032185395736,0.00460421347587184,0.00138041248827815,0.00132154336777161,0.000788898412294146
"DU0033",0.00116167215409378,0.00457305942728111,0.00481629512638243,0.000947252935470793,0.00105991028573177,0.000872115537076921,0.00164900341990988,0.00105635629270944,0.0016008265613055,0.00221169063598385,0.001592555423344,0.00105371201194504,0.00101163187846542,0.00105920067332134,0.000994166378317274,0.00183757409957272,0.00351795395981468,0.000809813698507031,0.00125737495565991,0.00100032824634714,0.000895511413294989,0.00102955478172016,0.00457741733495385,0.00099303078729371,0.00122780719610208,0.00744118924152086,0.00157207535562584,0.00451489031373316,0.000877563330915397,0.00437201800036087,0.00229392490674609,0.0047373443955454,0.00095173160303417,0.00102134837013161,0.00104183589049606,0.00103699692850131,0.00152743463395897,0.0015200868690986,0.00424473834451908,0.00152026502064216,0.00086557121316099,0.000799849199772077,0.00305918035893449,0.000953562542843834,0.000816080835763435,0.000799559406566116,0.00294223129949063,0.0036007963483765,0.00412158054980639,0.000942434417090182,0.000987450777863354,0.000755680249287931,0.00406081398615624,0.00537426680866242,0.000862090793815938,0.00308152957999609,0.00114865600729968,0.00589090374052935,0.00320586065877162,0.00450712879770292,0.00109211676880588,0.000944692178655789,0.000941743313485466,0.0023726466571792,0.00109710075864434,0.00291698431466054,0.00434178715126003,0.000895799685810636,0.000779718208906132,0.000921283400816367,0.00152601989063348,0.000897197204482916,0.000776661471301995,0.00100416485592493,0.00115421812263643,0.00893281607996038,0.00221728154851989,0.00523751802782949,0.00292530254726885,0.00172467846058637,0.00104413606281443,0.00360370682277361,0.00223222627154817,0.000925346891674537,0.00428032262782417,0.00274311053527885,0.00318206067202901,0.00597597284694819,0.00112823486464627,0.00166352620357241,0.00175013486393061,0.00308626663672399,0.00288929356858955,0.00304951643699234,0.00104414600344327,0.00438913065253307,0.000875117905477433,0.00083739974425227,0.00089483126806584,0.000929301090751453,0.00102315836693813,0.000900226945603503,0.00332765025265225,0.000895623212988914,0.000922185225270418,0.000916631671452246,0.00142920461688168,0.00101602918467902,0.00088089546174142,0.00559559510088303,0.00167206750326987,0.00468141492509002,0.00291450507300571,0.000775665951778873,0.000932471322538525,0.00095718250402837,0.000894948959507452,0.000871894848665695,0.000911408137807113,0.00322435086143935,0.000909860684727888,0.00457171946066557,0.000849935504607802,0.000942123571090124,0.00333685884545957,0.000955868716099762,0.00167860015446255,0.00281958962626881,0.000823332395420899,0.00522534674454224,0.00102231632796145,0.00143742851048525,0.000899192742695036,0.00102624764832711,0.000729871117939184,0.000796596549854782,0.00488195097179069,0.00481734756208142,0.0077701360418728,0.00309249212734762,0.00750222884892121,0.000896705581051441,0.00083957152729771,0.00398735901976515,0.00833550402133678,0.0008652086645683,0.00234780444731786,0.000975576108357724,0.00077994208171776,0.000785948305898555,0.0010770615647491,0.00257010264202036,0.000767187125295424,0.00439192275019703,0.00104513770157485,0.000762252139608269,0.0008097429648288,0.00167353239598495,0.00157264992563529,0.0057653972863044,0.00572025498370719,0.00452086616154776,0.000938909620158464,0.00447673455857045,0.00454412088612678,0.00162745712904331,0.00203663027715189,0.000753984638378879,0.000834344981812312,0.000785957087963187,0.00414350942592313,0.000927025676186286,0.000796739142310305,0.00079286287361922,0.00163655080785719,0.00100054823501839,0.00594402694492074,0.000869947855159208,0.000886764088165648,0.00556886863736098,0.5,0.0060803176664556,0.00506317543295452,0.00085908292545158,0.00542911249822092,0.00826468993330161,0.000872690556525951,0.00165763498518749,0.0032780997392928,0.000865439702371357,0.00313870414731174,0.00075793122119373,0.000854769227581035,0.00107822134468463,0.00107047334021692,0.00561451082291758,0.00621609054441099,0.00102976953173345,0.00118486969849249,0.000796966432350004,0.000841322560013161,0.0010922606148175,0.00463627650846033,0.00615290488581809,0.000829384356186847,0.00107767161735947,0.00479170789490595,0.00080380322766964,0.00798982018751436,0.000781180172852555,0.00390401353625906,0.00562780876257155,0.00169731199050446,0.00473966824423261,0.00100218838667021,0.000888048433139101,0.000795906696334179
"DU0030",0.0045188310568087,0.00125137404573862,0.00498310926665112,0.00104037585191502,0.00116761476877746,0.000952458330817834,0.00150257734432457,0.00080196545493259,0.00146647346659063,0.00246289640539855,0.00148624925109208,0.00131066918453161,0.001287162245094,0.00422500300904644,0.00381140098621884,0.00353542294662287,0.00125268848365742,0.000959963880491157,0.00135162146597153,0.000826647600631459,0.00108617864626184,0.000825475490610534,0.0012405327848393,0.00104096133037237,0.00406245408832237,0.00457206203542935,0.00142698726765653,0.00458927200258275,0.0022577684929247,0.00115427662211082,0.00127655616695436,0.00160017736695959,0.00137076654197199,0.00391125565395241,0.00390600905915334,0.00386120946650021,0.00136677749735866,0.00139552868992676,0.0043595075189182,0.00140517272138669,0.00098527013023582,0.00089036525996714,0.00314202066639572,0.000792211581168413,0.000874446102368941,0.000863946459404017,0.00302544833637132,0.000974215330552311,0.000947253665517359,0.00104080218287213,0.00214613099577692,0.00083140691372009,0.00109832986345504,0.00552075164850539,0.00097594174531005,0.00581883562723995,0.0041256098505086,0.00871082535515163,0.00731698150929988,0.00126363101241674,0.00274563917233945,0.000819648334247937,0.000826732400627265,0.000893477717346474,0.00380024376222475,0.00295577825712987,0.0010209933504516,0.000970272949950254,0.000867037526313526,0.000804896540983418,0.00109563385513179,0.000947729617113439,0.000660204902255743,0.00106089672503187,0.00308945097831848,0.0059157265556775,0.00245849454952916,0.00171656624557947,0.00564937218780688,0.00173929906192936,0.00391350902959819,0.00125531567670528,0.00245319378102208,0.0010392160369594,0.00432196387729914,0.00119587485971463,0.00454141459739619,0.00872808696997807,0.00409185172508665,0.00151771184225938,0.00163899101002889,0.00165535231243791,0.0029191452085807,0.00217707419589223,0.00402859430375486,0.0012070265966238,0.000743061474555825,0.000977964841284502,0.000791943633488127,0.000803864141793805,0.000991075942492954,0.00107789817128197,0.00119571012812797,0.00080002368741491,0.00115560070468804,0.000804683880470276,0.00147321665108954,0.000971845970404291,0.000789664645884211,0.00826369467886285,0.00157629427248783,0.00123904403192025,0.00300633905292716,0.000863872356319112,0.00104229092860889,0.00335152935864223,0.00345585459758006,0.00115722471265164,0.00117076575122161,0.000988629538234617,0.000972951779144285,0.0047579496262767,0.000900251485224803,0.00372995504584891,0.000943248052939053,0.000957478894972102,0.00160652231449167,0.00278823178961009,0.000888110184461021,0.00528280451620511,0.00216410181595686,0.0015077500016802,0.000960474401702719,0.000979465716321665,0.0008375592084903,0.000870030454808546,0.00168785429779853,0.00500728871551449,0.004861880062898,0.00607312806531275,0.00463899574609712,0.000931790861355605,0.000937901242182758,0.00105183832504681,0.00542571760927395,0.00212682587545005,0.000981575610231788,0.000891192312073506,0.000854265596932585,0.00084908726161852,0.000753624278236693,0.00148083354554162,0.00089262456554993,0.00124624517797951,0.0010637253874227,0.000855994021040756,0.000802583651878505,0.00164477020471833,0.0026977637729293,0.00851903718217938,0.00837341545849299,0.00461335874309743,0.000912647972577133,0.00464574319124786,0.00742035557785752,0.00178681517783413,0.00209323537705796,0.000860195967292217,0.000734933603832354,0.000917064225985713,0.00104982590768805,0.000763405699399436,0.000679656232789725,0.000845581829438695,0.00163473863894033,0.00372053117691724,0.00887287972604493,0.000791165534605718,0.000938119412102696,0.00564084180711468,0.0060803176664556,0.5,0.00590631641712803,0.00116534953541594,0.00688659416754752,0.00528763902551181,0.000775343474096224,0.00144582737772652,0.000920147552775999,0.00090622471045613,0.00319683823102751,0.00082185048184806,0.000712802690244122,0.000919402523542125,0.00351009278397259,0.00570883755745359,0.00312408989090768,0.00121641430590631,0.00130853252637836,0.000865358784638683,0.00092945137673601,0.00121356000551053,0.00480250072097375,0.005263411009819,0.000918305362969559,0.00376374142430548,0.00159488162662951,0.000841727085542188,0.00507112571035969,0.00082766078517444,0.00105132885172253,0.00576870262549516,0.00221083418765301,0.0048489711734505,0.000830212680122953,0.000783379084339505,0.000967027315651366
"DU0031",0.00240076587341625,0.00141628789509604,0.00146664429134284,0.00103686202960626,0.000982252954788711,0.00091196985756004,0.00313775222680376,0.000932582999775712,0.00521068493655804,0.000946760407141944,0.00317817742023595,0.000907064425709239,0.000900560105002397,0.00114925780954752,0.000954887412320544,0.00193956984211447,0.00101174756797112,0.00185666912683605,0.000946310863771713,0.000727711901549775,0.00105036245916527,0.000733795162756723,0.00144052702811502,0.00101064727501768,0.00224698964578628,0.00492109447567035,0.00689853913298017,0.00480875206837977,0.00380305573631061,0.0014420817364689,0.00113044075206947,0.00304576557906153,0.00100537974481992,0.00102484421722994,0.00096449855021876,0.000959921193681295,0.00274750955865419,0.00302243096009595,0.00148084076505795,0.00304211595007749,0.000909718849575166,0.000917637360227236,0.00127610732991785,0.000741990264829205,0.000914871027476241,0.000878005021893065,0.00124506621529809,0.00121396507803338,0.00141034397928855,0.00487642157394121,0.00391609041930748,0.000856254491176835,0.00112585469056997,0.00541811208948828,0.000892914266801951,0.00248608164988097,0.00231935464744882,0.00629108637069933,0.00591714636076921,0.00141879922931281,0.00124516280376316,0.00121502718084739,0.00114620396655582,0.00125267709049631,0.000900602985400426,0.00130713336928736,0.00236997288950299,0.000936016163340952,0.000893269349338908,0.00417604968444544,0.00406608032864058,0.000950245967786225,0.000945083625564594,0.00110323576275294,0.000748740075517353,0.00475835488984096,0.000948143767396782,0.0288826355951929,0.00223147045554023,0.00530675050882546,0.000966356490315924,0.00114626162384188,0.000951025676637721,0.000960386396051096,0.00497752301321514,0.00136301657526058,0.00134446969190412,0.00513695376734444,0.00213168597692368,0.00329900684600499,0.00465468084512706,0.00587405638727084,0.00452056899226171,0.00145142641103392,0.00104260999218503,0.00135401910088957,0.00102042087275732,0.00103122303599507,0.000922593377706009,0.000945327993737173,0.00109127108454276,0.00216193609968943,0.000945094231276715,0.000983942865663463,0.000758029536498896,0.00406713343628457,0.001048850642172,0.001089360641893,0.000981786470969739,0.00526827273480166,0.00424704610199681,0.00820731884329337,0.00122017933040601,0.000795879054057323,0.00276740596176261,0.000789711904729593,0.000862029065688564,0.000749976738158629,0.000788385512565367,0.00115723583360987,0.000910233676553918,0.00489895555236015,0.00081461591512533,0.000975659364822482,0.00102507849817853,0.00100887585716024,0.00325884393174034,0.00437009145999396,0.000769036071342611,0.00908045125847552,0.0010423547288501,0.00422010235289916,0.000941402904023694,0.00114084624392101,0.000764979761291138,0.000853158426314431,0.00577355882366123,0.00141643280174913,0.00174865742685847,0.00252986590524593,0.00234967967155046,0.000987825155954705,0.00437885048347701,0.00120547388659704,0.00316657741042132,0.000765396839110049,0.00379391698377496,0.00116794700975189,0.000769038512212709,0.000742371555048012,0.00100910602910226,0.00117805656837737,0.000797341450958423,0.00131559699235619,0.00115412155328248,0.000842815656215434,0.00390372975406642,0.00450203429233376,0.00265051212665056,0.00601867538393892,0.00468566692863541,0.0046766986564102,0.000924908054175285,0.00140218952834225,0.00141560957886599,0.00396257404203022,0.000834259994394621,0.000841624441595719,0.00102584372007475,0.00287444821944853,0.00133357775588179,0.00347549907534164,0.00092705646660938,0.000775708442355234,0.00385808715562385,0.00203439483785146,0.00485347385657565,0.000904845668596389,0.00284417851383311,0.00456418851681272,0.00506317543295452,0.00590631641712803,0.5,0.0018712782095805,0.0018690858567978,0.0053765766899327,0.000988744020047262,0.00483859970465102,0.00210225161900607,0.000893578682609865,0.00132419664018168,0.000774480677652674,0.00123064709741103,0.000759729069665701,0.00122476929042661,0.0044736636873402,0.00494793614099014,0.000932537316113657,0.000993922928229041,0.00496258437937632,0.000925413681592608,0.000936739517140653,0.00143507559748082,0.00534814837393968,0.000821699259000909,0.00105796295786743,0.00308161751099865,0.000776161099636558,0.00180246119801529,0.000780404875226939,0.0010290809805722,0.0043800557822248,0.0034284217432833,0.00493455407026189,0.00113885340024189,0.001002288482722,0.00188766548202507
"TT0020",0.00618396726011327,0.00336445663946147,0.000950437137528552,0.00359037041088419,0.000741320146110919,0.00340665422439856,0.000736983268670947,0.000739922600588882,0.000915500163242791,0.00346265087428115,0.000895631298241952,0.00366130668470538,0.0036627985218008,0.00375161521683879,0.00358669093574975,0.000979707202691645,0.00348213780488115,0.00123353336337468,0.00103676899559885,0.000856580296614221,0.00658724610599774,0.00089482368831871,0.00325338641679205,0.000857993607129376,0.00346830673803321,0.000857366428177941,0.000728290477671817,0.000868367891570773,0.00326726469571134,0.00330072512816071,0.00345470246978589,0.000867770663643295,0.0061140307692681,0.0046783926297667,0.0035936497277955,0.00358737818606638,0.00100925170959247,0.000840818848860411,0.000840779025891044,0.00107129861129057,0.00200133501752118,0.00473193055516798,0.00106016039081162,0.00280217593289437,0.00351281717862591,0.00363843718379697,0.00100660293983149,0.000761065644905918,0.000715003927792862,0.00395745579482986,0.00341423966297108,0.00355654668051656,0.00373320849815425,0.00212615060413238,0.00369200535901873,0.00340399541029789,0.00629380481278565,0.00343247384952431,0.00316626903381598,0.00320290956937479,0.0063026661333622,0.000680804150002473,0.000743238650777199,0.000652923821137656,0.00353402781086885,0.000808414309611531,0.000701239105946417,0.00334643765933307,0.00579976342497658,0.000697581423557012,0.000722155283767254,0.00190946854056569,0.000876821236285981,0.00329074784173769,0.000963116333811575,0.00085968649408811,0.00345693663731325,0.000776153883525224,0.00104323989342509,0.0010029726124485,0.00359806877310478,0.00346602340941294,0.00346119672446262,0.00376992623412889,0.00073916867260591,0.00341450282003787,0.00104018003409836,0.0038343311325043,0.0021103247543496,0.000768715004040074,0.000852720294897638,0.000733142766525655,0.00093693976425661,0.000973152181502861,0.00387287726088186,0.00347629832327879,0.00069187535887936,0.00641671395368937,0.000853632518768243,0.000702314692070496,0.000766226197914659,0.00623311233373591,0.00441258906417458,0.00073265661091593,0.00406562061312005,0.000703498001761677,0.000834246733818037,0.000761210101847944,0.000705957110691481,0.00373502263779455,0.000820554257814,0.000702165566287549,0.000829425874787512,0.00610814859144756,0.0039551740830989,0.00398177382116362,0.00402926970776468,0.00408374543765672,0.00405021033952218,0.00392038224852556,0.00400330192426325,0.000981666392578635,0.00401777151132036,0.00416921465092374,0.000824998293348637,0.000793835659041226,0.00321550829620147,0.000775329532969155,0.00387817115961714,0.000996030777745957,0.000957252675007423,0.000791957504664391,0.00412685150223839,0.000760067609619899,0.00610995816228144,0.0041584956960003,0.000776358849534046,0.000883759707840851,0.000897951105633351,0.00336363415692178,0.000865287346539908,0.00367876789286488,0.00514613162843468,0.00385393593100021,0.00088218384048005,0.00408204431813494,0.00069767941157196,0.000713995614974461,0.00412725150577335,0.00387300239989313,0.000794307370378045,0.000788033317868075,0.00610202260413768,0.000844719015013149,0.000787953075377973,0.00610705470544123,0.000963493839302882,0.00303699138415914,0.00108098597045231,0.0032746835097977,0.00113069868884679,0.000818525603400028,0.000776543540151339,0.0010334925321645,0.00114536477331932,0.00392551091832872,0.00391090144946834,0.00639168967243709,0.00187803935625685,0.00642832143731002,0.000759110608912928,0.000742532688801986,0.000865657272433122,0.00393080466822842,0.00100658111376153,0.0061665860771955,0.00342482177911677,0.000764991406146483,0.00485219979280064,0.000840044466720856,0.00085908292545158,0.00116534953541594,0.0018712782095805,0.5,0.00328889536652053,0.000859649904971392,0.000705655959870058,0.000739185604152786,0.000625475008443261,0.00378748646749727,0.000809842703214344,0.00387416448077849,0.00174943849133381,0.000910854856399543,0.00341705529544603,0.000809418001989233,0.000806261867847261,0.00109650172083558,0.00309148769163763,0.00100102942205632,0.00518468584963079,0.000839070951496446,0.000802548198076032,0.000946791133523086,0.00508753850432689,0.0020344069891399,0.00083379783023651,0.00404682676080993,0.000910759737496819,0.00403045778961376,0.00080727403757057,0.00107505866531307,0.000929768885632086,0.000890235439002891,0.000689926507630696,0.000721227798303683,0.0065579435509929
"TT0021",0.00396108110368309,0.0011622412379942,0.00616677225389427,0.00244843114720424,0.00169328348228636,0.00109403174753558,0.00137506557370827,0.00115240977958183,0.00123634812871617,0.00108223639635582,0.00133510937979747,0.00225516627542013,0.00227182447677533,0.00256548118695193,0.00115968307364069,0.00213074125350844,0.0010558004111525,0.00123387572100946,0.00333652148174006,0.000991296794587661,0.00120268202851418,0.000988907168084223,0.00116837187000212,0.00135539073049796,0.0032526367531179,0.00159179425666122,0.004260969859688,0.00161498366671139,0.00148373368079089,0.00115391807008661,0.00106338466299677,0.00134794613796838,0.00427617447090766,0.00130443414160229,0.00114033240615765,0.00124353895672063,0.00210981414402665,0.00124485024279053,0.00535542871687929,0.00134586380056354,0.00147859745745238,0.00103471131316807,0.00574168715919994,0.00108541236902676,0.000972635486943425,0.000978722795033759,0.00551197160182484,0.00104521450948055,0.000922748239958624,0.00110040754067806,0.00113175997837646,0.000942353641513041,0.00109848169638163,0.00745273272358531,0.0010976219073159,0.00816134000721714,0.00415037759385132,0.0078846810885819,0.00189915555699148,0.00115375865959767,0.00430590183496452,0.000934883936374502,0.00088684061398096,0.000905718685452992,0.00111482244949651,0.00529234696846176,0.000949415237554877,0.00108018876298664,0.00100417970070275,0.000938719560562759,0.00131808739205703,0.00138021101991859,0.000760308744916712,0.00109029282779875,0.00107595450479445,0.00612364378351042,0.00108475336063316,0.00129103878816012,0.00534909723711475,0.00125244182264138,0.00114131663509893,0.00108633075483976,0.00108650135129165,0.00111336128341579,0.00149327168750822,0.00117925366855195,0.00600427270210969,0.00575521935558255,0.00160306536134685,0.00125519875174461,0.00145045003135365,0.00143478179578089,0.00139437563041075,0.0016032374820773,0.00397200753106573,0.00115397092429873,0.000872578767669144,0.00223616297188046,0.000897073900821933,0.000932821432289947,0.00107137820879798,0.00120041356660247,0.0010238036939176,0.000883869973911663,0.000920001144399434,0.000880875123236751,0.00489621613781716,0.000996613933120129,0.000902711329429408,0.00643049397372138,0.0036212576308449,0.00120913633449858,0.00548721419432291,0.000985652156324682,0.00191497478467202,0.000968873805582509,0.00106637255839027,0.00189015277634528,0.000929760629673856,0.000928263495546275,0.00198966609429136,0.00156348358912739,0.000948771901840089,0.00124445537471603,0.00117359663441016,0.001304826748523,0.00391170159994367,0.00134027329056391,0.000994036552838303,0.00325510558979855,0.00117788083294351,0.00486979925713719,0.000968140645156224,0.000976331020445022,0.00318407570312937,0.000948977728587782,0.00130743430956622,0.00623192066237068,0.00578870464517781,0.00594355165493263,0.00549828966883702,0.000922089004958404,0.00104303123214916,0.000986888696661488,0.00591141022769608,0.000939684067137051,0.000923008501200287,0.000898906092197121,0.00098049191390673,0.000914253861822885,0.00339395721412371,0.00487857039153197,0.0033872087529689,0.00149013358703822,0.00120520068921884,0.000921888513116649,0.0034254444925553,0.00245958369363376,0.00236753761536189,0.00763036168670032,0.0052061389985749,0.00162937838056309,0.00104216392253784,0.00580854851192987,0.00713164774275237,0.00414906157228827,0.000939433161820378,0.000946353330777753,0.000834201278939696,0.000981065433919788,0.00100709293115834,0.000861711830725573,0.00080494515090663,0.000943550360863263,0.00122744935146744,0.00131536507916325,0.00853447166810562,0.000885040602690107,0.000939450431827001,0.0052624020228747,0.00542911249822092,0.00688659416754752,0.0018690858567978,0.00328889536652053,0.5,0.00451324350562341,0.000885527468409759,0.00119013938506158,0.000939287814801462,0.000928891344087616,0.00576747826216818,0.000883672999686812,0.00119315188913886,0.00303334120534329,0.00362005445922537,0.00569127914727063,0.0015130479699706,0.00424725365294713,0.00190388341936593,0.0013415459517187,0.00315024951415098,0.00173537337192166,0.0058706717985897,0.00186564997006909,0.00313321319138448,0.00136828751371391,0.00133855221062322,0.000927701799589252,0.00599939049767803,0.000917342771574861,0.00109889409284911,0.00714456222009736,0.00140375062580394,0.00387211338540277,0.00207438809338011,0.000882300690007799,0.000984709488016892
"TT0022",0.00111153829669198,0.00521512730553783,0.0027788537055994,0.000950642090989636,0.000883518858495679,0.000892845271785493,0.00320356438568095,0.00106339774340314,0.0029808570689834,0.00216687997076766,0.0045342759852333,0.00102133261548618,0.000995556958552882,0.0010121113204541,0.000970126510096278,0.000877324309943028,0.00224518743526201,0.000750900347924611,0.000920381984689549,0.0011141029706344,0.000911473328341502,0.0011358757690559,0.00528321827991326,0.000942169105323276,0.000959029459656922,0.008428308385989,0.00316054887773689,0.00512091385645287,0.000829395407780987,0.0047219332800477,0.00218099569365663,0.00666970768960022,0.000919818030343455,0.000978842686398312,0.00101625824566262,0.000981670419251813,0.00282169633493095,0.0030809083641413,0.00148848998854696,0.0031485835320243,0.00079097936874576,0.000837540958958426,0.00136718680483912,0.00106189648275358,0.000836632804794175,0.000794527384616402,0.00130579546630601,0.00234369656312835,0.00400641794116376,0.000962698386998472,0.000966366979181743,0.000802817540699049,0.00245093336580798,0.00589501767810174,0.000884319181961188,0.00143768900859186,0.00107757035373357,0.00558695016245607,0.00501912684621672,0.0053346479869969,0.00104403461020737,0.00177249226910913,0.000930253257829459,0.00226356662413974,0.00197537148916373,0.00135126329815826,0.0046906456501749,0.000907316039879724,0.000817843644442864,0.000964267767279599,0.00135454108240331,0.000856274065086785,0.000770521623906838,0.000987642644734473,0.00192042355823366,0.00777486300980624,0.00217178117522234,0.00533190249702908,0.00138308018714662,0.00464693762860155,0.00101849849015145,0.00237661504975346,0.00218679426498514,0.00089318129125051,0.00490481795086961,0.00386064770535332,0.00145196139351988,0.00531581368451555,0.00102230369952097,0.00331164257063649,0.00481981295749703,0.00710015901746575,0.00473558985147503,0.000905105105921829,0.000949565486656179,0.0042780713960626,0.000803831500376703,0.000894841067638142,0.000859796580056496,0.000858575676323917,0.000962897299316542,0.000938795539742962,0.00216846734537489,0.000845757468036863,0.000896988154679238,0.000962623685782575,0.00106841192089801,0.000981991783061086,0.000863309976459751,0.00540087172444033,0.00452193747301034,0.00329590750566676,0.0013134086219082,0.000773216163544412,0.00094263007372906,0.000922681963292718,0.000867273862355041,0.000858019900549233,0.000883357272745471,0.00320291091735155,0.000892482012894879,0.00517656344360917,0.000858837421165645,0.000904442519465069,0.00321625108193889,0.000897525065902185,0.00339118136612025,0.00454041732451895,0.000798658421856876,0.00584350591929116,0.000969585881820885,0.00115187585361468,0.00088311171863707,0.00101602278240985,0.000759690193293,0.000826242088149557,0.00829587418188153,0.0015418612314267,0.0054012470920745,0.00142702495270242,0.00459793279205028,0.000913005637215909,0.000919175102681363,0.00430973720240445,0.00828874098387458,0.000850444504231802,0.00192059335451214,0.000976043991927486,0.000783195442910077,0.000758736691951114,0.00111754644361515,0.0011578705725615,0.000785219061697479,0.00423812740087035,0.00100485663549783,0.000786188386770789,0.000843806605358118,0.00471841134093887,0.00281465414120873,0.00530834599161034,0.00513993169707251,0.00499401473207347,0.000901516327641593,0.00147131796612891,0.00149886282237433,0.00291964209369107,0.00202344078484394,0.00078844905288697,0.000838435618457312,0.000818535300650049,0.00436926087717508,0.0009477040989638,0.000759577531450286,0.000797660773068542,0.00299670701004575,0.000963635519393631,0.00507092117254015,0.00079905901547202,0.000911419245071996,0.00485130164078112,0.00826468993330161,0.00528763902551181,0.0053765766899327,0.000859649904971392,0.00451324350562341,0.5,0.000840549815895664,0.00426114044258965,0.00222780422335018,0.000837267795499285,0.00141500671667522,0.000764800779747049,0.000876479262725404,0.00120617819176849,0.000992941145526513,0.00477853807198414,0.00843125744220804,0.000852756684302159,0.000891165476907333,0.00085099155615902,0.000879709964394321,0.000857959187983494,0.0015391482537552,0.00570055823339265,0.000850360118549861,0.000968646512234163,0.00683645863416973,0.000764020698146293,0.00647207003211592,0.000762435195889388,0.00410852449117604,0.00474031728275982,0.00487107875938409,0.00528896636613009,0.000933633978849526,0.000880962205248252,0.000818778261230762
"TT0023",0.000831070858948708,0.00087002910174186,0.00331776565482653,0.00244833276197073,0.00435319520735703,0.00440078459759646,0.00333039234313451,0.00357955642973106,0.00127420859352054,0.00067556998193155,0.00132946777051088,0.000688214492523026,0.000684888050186485,0.000735482094880003,0.000693934652318948,0.000419422670170444,0.000732766425943438,0.00107874308951912,0.00136848012748812,0.00122359820812936,0.000992228913162566,0.00121049872405747,0.000877107318014388,0.00374303838436716,0.00134705727641914,0.000883790986463176,0.00154475796831239,0.00394529945718188,0.000849957306133345,0.000898114260102125,0.000666964276149651,0.000877295173384334,0.000785702512131629,0.000714402744807457,0.000673957049651965,0.000684173411286603,0.00113707732317927,0.00319528586642017,0.00213727108294295,0.000969824662524727,0.00204602953392287,0.00106697379338699,0.00124985147375962,0.00100291053064507,0.00110388545921805,0.00110402010110856,0.00116123906907054,0.00451781947085557,0.00827151470880279,0.00209451206447262,0.00713141399435145,0.00107621455537283,0.0009981918417241,0.000919242719224077,0.00111463719122072,0.000972777291204106,0.000820575038129011,0.000827985404593174,0.000850339722855098,0.000844286641224629,0.000814365378542339,0.00977404146010867,0.00900887564329739,0.00490889879611482,0.000669377821828953,0.00231399998814148,0.00436377264531561,0.00379893997391689,0.000997529539455468,0.010452622262261,0.00398473678359613,0.00237900133397504,0.00885350858158341,0.00215185720716443,0.000836466703348378,0.000946629940727969,0.00067390819033625,0.00107637324376373,0.000868307128055828,0.000812611488152925,0.00067527132772431,0.000728567842804084,0.00067536800539498,0.000889480315029382,0.00303289441583123,0.00103603625179581,0.00106070729059894,0.000845851734497602,0.00237921557210534,0.00209228451078425,0.00134524081230935,0.0011806938700404,0.00127968735942734,0.000407745089331573,0.000784138950325574,0.000925138606941694,0.00890095427229271,0.000970038521724159,0.00515738983712205,0.00893300621905082,0.00382971331420832,0.00098782745111696,0.000637154745960856,0.0106626457851168,0.000615366233397267,0.0102053019952811,0.00433116166057214,0.00508198220184148,0.0111834908473713,0.000832916909251622,0.00351268342899729,0.00169841373781287,0.00346199041810638,0.00082292138614628,0.00098509686565854,0.000569550032426725,0.000581275340948941,0.000574079027440023,0.000581515310594787,0.000814319550914333,0.00266759238002636,0.000958090521121172,0.00372155077540421,0.000631375612138826,0.000966021893587902,0.00455986810964487,0.00326024664633369,0.00284006656479031,0.00406743088352029,0.00114410886860447,0.00287695432666293,0.00257856457507527,0.00103662651850144,0.00479207230282479,0.000795984490573879,0.00190292250962311,0.000892653158081692,0.00350555289690859,0.000917043384566544,0.000994763386248464,0.000880354512259297,0.00186684578881516,0.000948090629168546,0.00075568355668523,0.000843972136514763,0.000582619583511864,0.00171400944625053,0.00801725029589922,0.000905310637839948,0.00296524613955067,0.00143115197858705,0.00376720367815762,0.000786617531512968,0.00196841216732665,0.0032611463399171,0.000895366879366762,0.00123403733743508,0.0010516426883951,0.000730476325082427,0.000768832336747129,0.00068955629814744,0.00355108579904526,0.00734126630071096,0.00123597995944262,0.000809812944245577,0.000865711004981556,0.000570238628271223,0.000884148236135392,0.00918855977549112,0.000771728398569679,0.00506351796831263,0.00837461103749787,0.00920795858613317,0.00392853272373605,0.000781421769472975,0.000684605053429001,0.000843198568432901,0.00911414327447127,0.00101720543167726,0.00208654183629465,0.000872690556525951,0.000775343474096224,0.000988744020047262,0.000705655959870058,0.000885527468409759,0.000840549815895664,0.5,0.00205979782589644,0.00181621188258414,0.0030192815970692,0.00247151892504017,0.00198620392422901,0.00121796661992972,0.00359588453093615,0.00544312177677924,0.00318536607338709,0.00096253011394453,0.00145855655468868,0.00142399919269761,0.00174148452826226,0.000901631604895287,0.00414251853125108,0.00375893864277432,0.000981520178193641,0.0030826540258918,0.00239869111778164,0.000883343342956396,0.00096139858594465,0.000898711265044457,0.000972881071963619,0.00098992125041122,0.00104122963349258,0.00195929377337301,0.00133903330514739,0.00998390011331769,0.0107074531593942,0.00078716583690157
"TT0024",0.00087075825254819,0.00112099391141951,0.00114794832932655,0.00109773374100328,0.00232228591381782,0.0010453348457867,0.00627669775487968,0.00393644493755615,0.0051493744794937,0.000838678657835975,0.00556684303202105,0.000844377913220884,0.000844988700744837,0.000794494347141164,0.000805932453684534,0.00065518485086991,0.000913378969900509,0.00079830240227541,0.0010588222248279,0.000771359563501151,0.000953360182737828,0.000802713477298401,0.00115189199506671,0.00145403266306395,0.00113393574251177,0.00497013422691372,0.00696699152501265,0.00497091495366314,0.000750038833008801,0.00115388732904922,0.000904420882449536,0.00474843709470866,0.00089636946284518,0.000791384310548008,0.000781877353922117,0.000743762787955121,0.00475851894276288,0.0058833240995063,0.00682547721100651,0.00533255380187892,0.00120776223545693,0.000962029510543693,0.00111200505099095,0.000794333967357701,0.000973493609950811,0.000905783132853788,0.00104748759039772,0.00151639400356894,0.00132623809382177,0.00125463878200371,0.0013496527600765,0.000947113349968552,0.00102855898038489,0.00450760867353175,0.000971521235811169,0.000949598943604099,0.000876309443697943,0.00164222079457459,0.00500857800517944,0.00112583058221773,0.000907580012675037,0.00360747305403798,0.00435985565515711,0.00155151411136869,0.000789509821550513,0.00488742051062227,0.00178021677736108,0.00109355490428364,0.000932542891560239,0.00148188097036693,0.00395204569258101,0.00127839102030964,0.00124382327997125,0.00632599685439198,0.00069098060018255,0.00139960635837958,0.000836837616536675,0.00763102609817536,0.000969079602902267,0.00606921530311967,0.000783417303582662,0.000904780853267171,0.00083943475474425,0.000962061073178123,0.00729167258477423,0.00115082653137184,0.001105971936915,0.00150068432505531,0.00116478307886295,0.00852841630081904,0.00596424366507536,0.00576852982614091,0.0051448013259571,0.000632499976708219,0.00079970754562501,0.0010766109106086,0.00126302764842704,0.000992178622567079,0.00136413434376438,0.00139185108619885,0.00679777632822269,0.000998264515042068,0.000841643502780638,0.0013468090520002,0.000700613580889849,0.0025028550536591,0.00115828925394741,0.00716974007296158,0.00139488733644119,0.00273374931062414,0.00618438332159765,0.00472305798143917,0.00111542238991547,0.000767160044775713,0.00422916785672795,0.000677382604054559,0.00067724187762017,0.000695943333345137,0.000703300129417915,0.002995126032313,0.00343724291688074,0.00599659218687866,0.000926092755257735,0.000668517102732826,0.00102315762304974,0.00138425660449774,0.005132738806035,0.0118857230795547,0.000868237065400409,0.00474562347103918,0.00143417420440648,0.00126139094784427,0.00167835570813361,0.00927736819890447,0.000756339653812198,0.000892049179825765,0.00546479875169858,0.00108566400171002,0.00113653479578205,0.000949316532697548,0.00125879069509512,0.00665980479530518,0.000966460831274013,0.000951317427735098,0.00132860999869345,0.00070159554177568,0.00469390007517236,0.00897072569424299,0.000794719866605462,0.000806211439474996,0.00120542547664216,0.0011460868589602,0.000772549561046468,0.00131747498021289,0.00889250559418149,0.000812566654560023,0.00105014399509818,0.00523805177598051,0.00344053348844783,0.00280236327190929,0.00139739180617281,0.00452884726846292,0.00146750946125868,0.00108619436504186,0.000852768027833002,0.00475906688421209,0.00073652865072705,0.000816036647470482,0.00128655010203989,0.000813562190445254,0.00147487727908202,0.0014426204661267,0.00124474445429172,0.000886275133062551,0.00555740846558103,0.000722189978425304,0.00130180553044631,0.00127888643774354,0.00411801518818621,0.00711751862302586,0.00165763498518749,0.00144582737772652,0.00483859970465102,0.000739185604152786,0.00119013938506158,0.00426114044258965,0.00205979782589644,0.5,0.00205219139947265,0.00451084420923409,0.00115206451608196,0.000859194411459194,0.00151110649661729,0.000838969747790094,0.00127679019340281,0.004592420407656,0.00525133137406328,0.00121484000245452,0.00107176051509158,0.000981474395015983,0.000939610880029909,0.00125936800274196,0.0035279924932215,0.0051042782990351,0.00086399873423002,0.00112724480109723,0.00477860008981282,0.000784997177965558,0.00115195594652074,0.000797443869425238,0.000868646414643807,0.00129173557500153,0.00596844755901939,0.00477791461498818,0.00143629928800262,0.00143245547147053,0.000796081694461948
"TT0025",0.000938703541478343,0.000963604445821338,0.002269049153127,0.00112320540762679,0.00146321006223226,0.00223490431571274,0.00117275914457664,0.00135455721909621,0.0010127491403164,0.000717431200769163,0.0011642775706605,0.00192205719415466,0.00195526724648849,0.000704731063457286,0.000724134867052878,0.000747498483840969,0.00188220859376173,0.000784668356495025,0.00332397927769508,0.00182629360278741,0.000774622221042015,0.00101262504507001,0.000969194284756052,0.00185831904740251,0.00130889779670101,0.00107443500503342,0.00145307968810608,0.0012574506994164,0.000688542127926179,0.00342627772389696,0.000740910146140182,0.00103339990366951,0.000776481458831657,0.00070465197356839,0.000707859572660433,0.00071194797721766,0.0020497759282853,0.00103377158049519,0.00198697511054298,0.000977388685693083,0.00123740201863111,0.000826052258111447,0.00135391111179352,0.000752838139985888,0.000847544174056099,0.000890800564413539,0.00100264433392962,0.00452364695622769,0.00280204036090197,0.00102124908649069,0.00185790505468392,0.00189618394187538,0.00427803827641756,0.00105185273537241,0.0010465179688941,0.000915971981753224,0.000748909329949605,0.000929726977490788,0.00103210995799316,0.000932723111840695,0.00073761912780926,0.00246346453952068,0.00257229902845624,0.0315139274490329,0.00070910725519308,0.00192214343101013,0.00207692745786629,0.00358752278384186,0.000769148121074401,0.00187867225018214,0.00159193131061803,0.00154761808029564,0.00162228246869078,0.00196438486415186,0.000716533605965011,0.00240965800016295,0.000716583038428526,0.00233290170819104,0.00101821189141598,0.00113124103363925,0.000709311551170708,0.000804059835993535,0.00071824623758742,0.00388854778689624,0.00170401830980751,0.00123573810045567,0.00106061471207528,0.000924546185020337,0.00144743822178676,0.0019531615126296,0.00115605953427442,0.00131726295916808,0.00213078754303184,0.000749335960890358,0.000781939449976494,0.00371026381187728,0.00396955847952316,0.000751944053651727,0.00295697189892956,0.00450486358109642,0.00260619723553046,0.000830223392365261,0.000738262946406829,0.00446471848407837,0.00065798957541947,0.00180217964279719,0.00134953464187325,0.00252756174219853,0.00283883454964415,0.000916922273397205,0.00187406401566683,0.004523103484776,0.00228577758876332,0.000671870071702609,0.00182294590522824,0.000618353698003918,0.000608337198891189,0.000639101813071239,0.00063894677327493,0.000963804774300208,0.00159165303198379,0.00185004487031218,0.002013330618182,0.000615112034209101,0.000792902819225002,0.0165409587340793,0.00166645157243351,0.00194025621382206,0.000982156990484077,0.00169695270333165,0.00406998212144326,0.0013794826899555,0.000852335879691728,0.00270509308953093,0.000655567276374214,0.000820344926908399,0.00111705355697668,0.00125669488121927,0.00104599789357949,0.000923079759671159,0.0010852529062242,0.00174069001035117,0.000752003514778166,0.00087404599562203,0.00105176929124161,0.000651799975675279,0.108606956311713,0.00259933131445882,0.00079143902310855,0.00318760840331266,0.000939362057153276,0.00446602334895107,0.000687422370422749,0.00234449314998913,0.00255989141097839,0.000711412454590484,0.000771656811092371,0.000950028493617759,0.00185595530794168,0.000986385632728436,0.000887130488357767,0.00345761077251563,0.00190935929306022,0.000988746091639767,0.000855435383755372,0.000872782908852059,0.000632061931316033,0.000679883020049426,0.00188114949150607,0.00066910885514957,0.00181894037344027,0.00809178459476674,0.00181913769906217,0.000968274006873211,0.00164816321365022,0.000773787563335134,0.000933535960198468,0.00422075483628895,0.00186885254522039,0.00206395430261838,0.0032780997392928,0.000920147552775999,0.00210225161900607,0.000625475008443261,0.000939287814801462,0.00222780422335018,0.00181621188258414,0.00205219139947265,0.5,0.00159536762428055,0.0024741425471553,0.00175062802044327,0.000725705269724206,0.00100070568649674,0.00165804427529202,0.00181959464256443,0.00129169169471159,0.00129765614475327,0.00115588455091381,0.000763103829777919,0.000781297060472418,0.00253977278416036,0.00337936618888297,0.00369898809575946,0.000909960224919608,0.00142380988378656,0.00104119832652912,0.00179618844331071,0.00106211608045343,0.00172889696968364,0.000888998361299831,0.00215475662729358,0.00109441640456403,0.00225584242749917,0.00199207125006375,0.00201399028833251,0.000847152884598204
"TT0026",0.00334607114745899,0.00319918873627362,0.000965535188177298,0.00349836161404051,0.00314403785705548,0.00334552017633646,0.00302223938978925,0.00359753930464311,0.00106257651951086,0.00323299460165999,0.000976971413775376,0.00339420793993652,0.00339362493252062,0.00326487413928498,0.00329802776828904,0.000849571205868523,0.00327391250720115,0.000815513797052846,0.00106030372533593,0.000779392658931514,0.00348220824828487,0.000824174259615722,0.00310186018410362,0.00115846910659638,0.00109163099785017,0.000893834453722284,0.00109443115974263,0.000992615281113555,0.000813831101156004,0.00314295133451405,0.00324008250634527,0.000905660567176441,0.00342661538887923,0.00326503522836665,0.00328176668015163,0.00326201569100719,0.00100566718110569,0.00281458767700286,0.0046856601618148,0.000988932204215997,0.00111257673469002,0.00341310168862518,0.00103686021838874,0.00092276424348681,0.00327177304630448,0.00337366678412763,0.00100392828048608,0.00111276012203357,0.00107886775128035,0.00465444650319169,0.00113793969413022,0.00327427340248044,0.00353195732479488,0.00096149958194621,0.0034451305258456,0.000948889974511847,0.00332430222371446,0.000876715239988566,0.000906950532186171,0.00304453408301166,0.00329203000021841,0.00313348889674358,0.00375809211081602,0.00111033435870462,0.00327125945906999,0.00404062754431074,0.00095763072899337,0.00331471319296656,0.00334441430016868,0.00185902996669034,0.00349285575242211,0.0011053009785288,0.00116020435097427,0.00689752683444419,0.000846343497859261,0.000872503124147137,0.00322885591284088,0.00100779571749335,0.000976318526938898,0.00108519606211313,0.00328675077339869,0.00325754637743119,0.00323293861205657,0.00352349409182508,0.00298098488316099,0.00329301614309922,0.00102061458872113,0.000937649031325952,0.00104634301490001,0.00365020086808577,0.00095988138192037,0.000834489240047199,0.000922673879573821,0.000847317941726489,0.003455154327044,0.00330985667974301,0.0011268676015331,0.00337676759792277,0.00113607769700633,0.00117273080743398,0.00485091150655791,0.0034199279479753,0.00418650724445922,0.00115122338557179,0.00380728336330546,0.00309562859246649,0.00276347935696478,0.0043410619007981,0.00187877036283464,0.000911254679908724,0.00099599345767482,0.000917472762960149,0.000981221647294585,0.0037711852606586,0.00637699837216723,0.00370503937994618,0.00370063212823765,0.00380693569830574,0.0037908992453564,0.00478256349310324,0.00616510383102127,0.00115983179431109,0.00391393507199739,0.00371422006681476,0.0010635133221303,0.00111257022240529,0.00101917706891499,0.00453879845012205,0.00378429054740342,0.000907027210461059,0.00115695713341539,0.00167994435300417,0.004125472117468,0.00502390677326633,0.00379092268313502,0.00399684313681805,0.000856504215680203,0.00096418483188653,0.000907788600678022,0.000962054219147412,0.000887700299835629,0.00680022949613537,0.00394623475933217,0.00367194973500041,0.000853811913830972,0.00380407631229316,0.00353403641099667,0.00499933366178546,0.00383423353877797,0.00442447676971239,0.00184202596170986,0.00101037775143313,0.00382242671621954,0.00101969299431232,0.00487573091202336,0.00383214486346918,0.000955145174758381,0.000938779040432867,0.00101793448208537,0.000869924554784783,0.000971867455846931,0.000955833648219138,0.00116628001279087,0.00177242945179214,0.000965318800298043,0.000955321913167176,0.00368502116696881,0.0038439834291296,0.00121555343018167,0.00388979854966033,0.00106257326335744,0.00194654996896539,0.0011493224703046,0.00384097931864239,0.00106995147868067,0.00375153011466907,0.000897690284155119,0.00113858159828859,0.00644511224088516,0.00433167666598745,0.000865439702371357,0.00090622471045613,0.000893578682609865,0.00378748646749727,0.000928891344087616,0.000837267795499285,0.0030192815970692,0.00451084420923409,0.00159536762428055,0.5,0.000980050183499871,0.00442571358088064,0.00263650531915138,0.000837636401586389,0.00111451504142735,0.00407472912451365,0.000846326024592931,0.00114434767888105,0.00106630901853902,0.00132269017322292,0.00388840173550058,0.00111022966686556,0.00344148025567692,0.000964962845391966,0.00387673075617196,0.0010834582757717,0.000877454036125095,0.00380234619826901,0.000908983230252417,0.00378402321937029,0.000767847473549694,0.000993598343098315,0.00106606366340393,0.000916266840047939,0.00113432614154993,0.00120172977156079,0.00394585082397102
"TT0027",0.00108812139552499,0.00100922225935227,0.00615527370786182,0.00480404165437108,0.00786641958621622,0.00409394223418352,0.00350091799688115,0.00101091482877771,0.00105091412786887,0.000844062372050214,0.00136337462533063,0.000803460195932171,0.000780647021983742,0.00100207106369184,0.000835746621449524,0.00063899806445828,0.000828948168882368,0.000949725156801643,0.00583524535689063,0.000802332847096091,0.000991093116570528,0.00077494228062526,0.00102845095716897,0.00488172503126726,0.00539017893615353,0.00118486135593187,0.00108307154301825,0.00151892989409663,0.000877016262041543,0.00102693623728166,0.000816541880543903,0.00106239947490208,0.000975674866739917,0.000936730879541703,0.000808674114530907,0.000875624661882445,0.00113985328286047,0.00131358155183407,0.00579727354952242,0.00107686094518551,0.00725486119190807,0.00110142970933996,0.00696196234129976,0.000702371025796217,0.00100254280944108,0.00100945574762698,0.00631711216828616,0.00400154661906846,0.00128109911863039,0.00245705044529011,0.00125509703245541,0.0009928449985647,0.00102942361105847,0.00147258172608016,0.00236688387554419,0.00646112725674251,0.00110100737354195,0.00179488710915831,0.00119069177995308,0.00100289144934141,0.0010945891959669,0.00137958269644568,0.00135028094282186,0.00150010456534053,0.000829773541621773,0.00639281697139853,0.00132877611962319,0.0024755740488599,0.000971206266609031,0.00230195198202745,0.00400031451842373,0.00339957087015662,0.00126927316405611,0.00110357217911926,0.000656988832698265,0.00621146990059771,0.000848095287657496,0.00126731036309603,0.00609611471841853,0.000926021801219953,0.00081025589886395,0.000843971350630172,0.00085055481844442,0.00101195215324598,0.0012031352771468,0.00114649150727348,0.00696301154481772,0.00312708336985708,0.00184530274598597,0.00118218520655346,0.00227902586017196,0.00115366473674302,0.00231413188633595,0.000636083206485396,0.00108594619064628,0.00107729012280694,0.00244636025629775,0.000915757012545969,0.00141242161896881,0.00400282827136984,0.00171098680209744,0.0010092527619554,0.000800906387905546,0.00253898947417172,0.00067155099264711,0.00129660762180898,0.00639808501924405,0.00158949217561743,0.00361778911495463,0.00167739166117211,0.00131571066493034,0.00232220633547476,0.00892595402113011,0.000868983830310442,0.000888263701091251,0.000709201286908366,0.000761450638884678,0.000663180632286241,0.000671098589269452,0.000806858925982907,0.000924753276857804,0.00108213509812513,0.0011637179015181,0.000838229595527761,0.000716103208643922,0.00539856643618019,0.00133014205558174,0.00118570413685942,0.00318988310777915,0.0014357109120457,0.00272085190890641,0.00724611343381939,0.00207014602449018,0.00147215293898522,0.000763164927490888,0.00458682601990557,0.00108768310943539,0.00872784686661216,0.00579932818027579,0.00658975614805156,0.00550133750023033,0.000907527222620144,0.000781457131787324,0.000871659828088182,0.00500084568820046,0.000676495354780761,0.00158759004789793,0.00130111854838862,0.0009078308769859,0.00102532897209391,0.000933739874163088,0.00883758538122177,0.000802833036943449,0.00326520347327509,0.00177697604970783,0.000876910913682579,0.000899853705434212,0.00110902840022046,0.000881879799193363,0.0016897832671226,0.00160728499804209,0.0037785643924757,0.00398535389526994,0.00709649224001324,0.00589386671497823,0.00106334547223732,0.000717939106289491,0.000805478203144279,0.0013466798682695,0.000801584788992819,0.00139211968455685,0.00143228643220398,0.00135734305041522,0.00368344973108759,0.000877787795316092,0.00087790571727844,0.00493870091745166,0.00253198857269473,0.000813529914313517,0.00315434195759384,0.00313870414731174,0.00319683823102751,0.00132419664018168,0.000809842703214344,0.00576747826216818,0.00141500671667522,0.00247151892504017,0.00115206451608196,0.0024741425471553,0.000980050183499871,0.5,0.00208112603432916,0.000924584070848577,0.00094890676867325,0.00136676531476406,0.00696050979281663,0.00119266933488108,0.00510317815598731,0.00562552414053882,0.00150388443873086,0.000892310564291422,0.00656386863941277,0.00612730827012482,0.00378030222082932,0.00103538744615517,0.00165942634020851,0.00106673237856426,0.00089888994572875,0.00571876064307556,0.000894911817529333,0.000786114686103215,0.00529568405955492,0.00737248569210265,0.00259232290365023,0.00395474102609477,0.00161826754632872,0.000798868876843768
"TT0063",0.00335291490681659,0.00318295564946767,0.00102331226579052,0.00455152312598575,0.00329829491062766,0.00564914674891388,0.00301985205053024,0.000925938333248352,0.00308002762463357,0.00324284615610101,0.00379047507763397,0.00340751774170818,0.00340753961929322,0.00327283186067437,0.00330990785188697,0.000843516056205272,0.00328031583433677,0.000849522087563895,0.00116720461303856,0.00087190937089214,0.00367130217190339,0.000908212651441619,0.00308220422737237,0.000994614236181566,0.00102321036962821,0.00082978665314916,0.000855082743536333,0.00295774242132843,0.000776523654303499,0.003127798141148,0.00324903106034877,0.000896049857922173,0.00343003471248934,0.00327513891183188,0.0032931221069419,0.00327281272329461,0.00109239062247739,0.00363397467320933,0.000920862556497801,0.00110792424297685,0.00319553503662741,0.0061779201443564,0.00222690845063769,0.000958046771071936,0.00566141605246142,0.00559428213262731,0.00326128852172886,0.000865980531368866,0.00103956600303145,0.00385327441845901,0.00104722497730753,0.00578759483463098,0.00354559375018516,0.000929323174278223,0.00357053336899459,0.000968630090458869,0.00333225522067971,0.000809688566790484,0.000878920044170183,0.00303335499730036,0.00330174910467853,0.00101791381625081,0.00108213471872443,0.00083869077799364,0.00328229868639604,0.000947102203612646,0.000770097425130391,0.00568213152683753,0.00561549366224871,0.00177724016463764,0.00183468683522652,0.00348513493619804,0.00327009879549264,0.00321799652492718,0.000796098831315949,0.000812676924552886,0.00323859370313323,0.000709470111540228,0.000982226735969978,0.00102939312392854,0.00329820066933007,0.00326466788272187,0.00324272213587904,0.00356647366640744,0.000917025843931647,0.00323793151230375,0.00106152481799067,0.000931551575538497,0.000902663503375342,0.000906653143446024,0.000985168902930599,0.000813335038775244,0.00333411931772767,0.000840291324736892,0.0034653214047372,0.00330322023779743,0.00317135555736243,0.00570772970402778,0.00104901983561643,0.00193078515117435,0.000912872453088387,0.00360616295295751,0.00418614558950558,0.00203078234159514,0.00383182868392926,0.00100166418224581,0.00349481334974452,0.000891742885247981,0.00287051519611139,0.000865277636027932,0.000984451274425501,0.00079191674942098,0.00357956008426875,0.00398936830781844,0.00375705090499686,0.00372608152290357,0.00372287213699327,0.00383227089308923,0.00381499705740966,0.00373752605265291,0.00381748307814299,0.000927945348506236,0.00487614884308002,0.00373405323179718,0.00083095975029262,0.001966662212591,0.00215613195504303,0.000861620658958736,0.00471990421096467,0.000939541648239773,0.000962551421668923,0.00104933492575927,0.00490842639426694,0.000879077602762653,0.00394118251045551,0.00505107394320931,0.000818969390804577,0.00205915262901363,0.000877567122084645,0.000983489142174625,0.000843131455833316,0.00357428996012717,0.00405252231295421,0.00367044170001289,0.000797815592916952,0.00382984487311156,0.000909728368117193,0.000954358297171365,0.00395125600110724,0.0038347773110057,0.00165116974694201,0.0031739482047503,0.00391314273402647,0.000915075262047762,0.00087663286337899,0.00605415352923538,0.000868791513879713,0.00111905182126873,0.00103979654722062,0.000795613290520643,0.000920983227887305,0.00281820293885629,0.00196753570038224,0.00355959440936897,0.00096148573034196,0.0010046354945626,0.00370594280135229,0.0058839840735075,0.00322560715835582,0.00499456530173363,0.000857687543218102,0.00319383449084748,0.00303675226375429,0.00573191619403241,0.00102272825224503,0.00377020124056815,0.00085614738561462,0.00109089316682078,0.00381099760418375,0.000832868338946167,0.00075793122119373,0.00082185048184806,0.000774480677652674,0.00387416448077849,0.000883672999686812,0.000764800779747049,0.00198620392422901,0.000859194411459194,0.00175062802044327,0.00442571358088064,0.00208112603432916,0.5,0.00295814623472767,0.000878670744650258,0.000939602628707301,0.00272244207474441,0.00081880658998966,0.00112920058241441,0.00346030090921212,0.000826417650986038,0.00403208910719886,0.0030402752648381,0.000909498073362282,0.00191712509301854,0.0040306236672463,0.000928025566705752,0.000868393376851099,0.00392205090056245,0.000860857155723496,0.00390760230362686,0.000703078953045573,0.00100567859560054,0.00174070829194639,0.00186058437887814,0.00109475400646368,0.00309351897631466,0.00411767732630066
"TT0028",0.00094767135083354,0.000948584526958193,0.000923093183237593,0.00161158701284052,0.00311389994555251,0.00112084857428846,0.00305371998768998,0.0231138427175681,0.00324712112377941,0.00091754616420033,0.00202627087920344,0.000953695458792576,0.000938138895673032,0.000873561532965452,0.000742797701101096,0.00130734318842589,0.00097551184997524,0.0150938467264211,0.00122005407415993,0.00967935714760504,0.00340439286853392,0.00941866877859967,0.000931609316977227,0.00090590024856462,0.000919232402606343,0.000923676447595709,0.00190099780160043,0.00115535901200064,0.0174801177355717,0.000945411336556623,0.000931501893072927,0.000991466864008623,0.000811475687599942,0.000759467789104539,0.000882393710182438,0.000882453453892222,0.00120025635491081,0.00372659338169418,0.00164953618869728,0.00120425618010203,0.00317051206598951,0.00363304032730695,0.00116927071787071,0.0105329451374323,0.00364248810987922,0.00343631200309052,0.00338694755711311,0.00083180457691124,0.00118735387386389,0.00213698713811913,0.00119182128245466,0.00359708062974387,0.000884022767765812,0.00096150552067574,0.00106463941629118,0.000934249367333842,0.000891817997139809,0.000836024173771588,0.000892482884619484,0.000949369108690862,0.00093703769374218,0.00203557562695539,0.00120668717008713,0.000909565115667734,0.000915531795141817,0.00107194216128125,0.000851771463316634,0.00118048851994319,0.00353470270876095,0.00174982970448305,0.00302877419529668,0.00362306477368477,0.00365677548958815,0.00197871291984341,0.00757778729701817,0.000829531716159911,0.000915267303683872,0.00100742991887329,0.000864871875659268,0.000917474062993007,0.000884354217787944,0.000950919122059644,0.000917953203102679,0.000991304348368359,0.00289577903285553,0.000805128611700164,0.000961995699369953,0.000893411243399482,0.00089195544994188,0.0010631967613499,0.00103846371866925,0.00126750527009842,0.00306777730303954,0.00135724642915154,0.000743026400348512,0.000910659632214475,0.00329674573703825,0.0034184744754021,0.00126686150031875,0.00105261517156424,0.00183399584923369,0.00118008900980961,0.000858815788490386,0.00111445857484144,0.000810605973419418,0.00141042254714698,0.00321634408634014,0.00177008019520287,0.00117207704424628,0.000845542539517293,0.000996315845952692,0.0010175304180926,0.00190210483862413,0.00282039035583181,0.000837591797293054,0.000791083080332403,0.000655808174674873,0.000788318522181324,0.000803972082568567,0.000778562803153486,0.000804589110440528,0.000835928890426029,0.000976689613903389,0.000754449261270601,0.0212777875326005,0.00101504465135887,0.000944690066521355,0.001493546297778,0.000956197861017332,0.00159742561199013,0.00087696806105019,0.0016322810878601,0.00176453523434634,0.00144890919466201,0.000983137276081982,0.00175491279139378,0.00092674472809315,0.0009910390084265,0.000924879022196332,0.000932453783134764,0.000933804851471196,0.00148117247562735,0.00133463391641872,0.000775958597865277,0.00086824482154527,0.000650710496993317,0.000821970490115322,0.00147835837911681,0.00104684391833096,0.000872077160302455,0.0270550012885226,0.00104551622712861,0.000894045503276143,0.0010080157107969,0.00144694799311458,0.00322566938409485,0.031469979660824,0.0021927442301037,0.0009550095504691,0.000807188931322521,0.000843299762790456,0.00103934798456593,0.00106941613701637,0.00333605647117277,0.000746252799137306,0.00105129269566449,0.000795292797576102,0.0032686983334642,0.00336164891993155,0.00110202813706439,0.000920582110941955,0.00233594189644885,0.00421872717263895,0.000976207298199891,0.000926433231905192,0.000792531828719424,0.000853120480581998,0.00103407427864185,0.000939902497410501,0.00168753252699079,0.000854769227581035,0.000712802690244122,0.00123064709741103,0.00174943849133381,0.00119315188913886,0.000876479262725404,0.00121796661992972,0.00151110649661729,0.000725705269724206,0.00263650531915138,0.000924584070848577,0.00295814623472767,0.5,0.0076964717952441,0.000913211825284518,0.00322568856748509,0.000877234929351545,0.00104050194831319,0.00367443908383406,0.0248308663319844,0.00286150387523006,0.00114909984341233,0.0010542904500248,0.000868199113783371,0.000790070223707026,0.00084693714199639,0.000973432432102718,0.00105280796873159,0.000926126053018159,0.00185595874248915,0.00721373741509188,0.0010824260875414,0.000929660396508501,0.000851848746172372,0.0016943153913095,0.0011949817064875,0.0010873157373063
"TT0029",0.000996265452390073,0.00123623916888419,0.00327461139689302,0.00120772427020219,0.00113310710472493,0.00394109246203045,0.00102626286458716,0.013344365766492,0.000853085898089341,0.00119886456398673,0.00292478106084436,0.00116183012393182,0.00114051686713218,0.00100276833496789,0.00102123630828715,0.000978719166045898,0.00134737338869025,0.00232108888298618,0.00154548661270673,0.0314037100149717,0.00110465522841147,0.0328593311493128,0.00121509437532045,0.00115366800889657,0.000777717294023291,0.00122222328384248,0.000922010877489335,0.00385200766063911,0.00215199855263294,0.00120725679784874,0.00118638557066771,0.00130689926483522,0.00107264756106684,0.000990625738313308,0.00112250850578852,0.00109648720240252,0.0014425568512065,0.00113746003371502,0.000814594940434619,0.00150817778667899,0.00118733235092433,0.00145761544350845,0.0011056965794542,0.025844332327064,0.00165241343650642,0.00172243033980184,0.0015267785775861,0.00116900577855256,0.00124146571930397,0.00136942687267462,0.000946143268301523,0.00162248632626567,0.00133124522192382,0.00330394865984426,0.00152395995294513,0.000899866697258982,0.00082391557253975,0.000871708309921783,0.00092947942516633,0.0013322440242273,0.00105238720246499,0.00105200771718311,0.000980245482339286,0.00145419389851441,0.00120615233183971,0.000867863641631618,0.00114653905967069,0.00372096413251478,0.00164046985258072,0.00111010247102287,0.000977108931295702,0.0013634575983302,0.00162302020300414,0.000914096918533394,0.0291638794997243,0.00106722117823029,0.00119543257773047,0.00102786729824511,0.000923744946357039,0.000999506450656934,0.00112514496455508,0.00119828221613701,0.00119758504413013,0.00113161612217186,0.000805029266068871,0.0011719402707648,0.000933831013965779,0.000761440924151475,0.000998204060190864,0.000837609751102301,0.000985336446852578,0.000954620022880344,0.00115573436088062,0.00101402201435096,0.000830188179332978,0.00118555041352416,0.0013866860278707,0.00209949920084662,0.00180982198843128,0.00306008144947055,0.000926404998371979,0.00215511376970279,0.00110109529953512,0.00218954242119957,0.00098312253619231,0.000952819706941835,0.00359405410529824,0.00102759267445433,0.0035278097030762,0.000735530116462465,0.00360058948805216,0.00122565072747883,0.00303817319469338,0.0018711515124585,0.000776075100602392,0.000979243262767862,0.000855348621179219,0.00095575239168722,0.000980917353245195,0.000933887606814234,0.00084246399443651,0.000818426757726171,0.00357538141662821,0.000862631565471505,0.0141401965259432,0.00349393635832706,0.00370512154815127,0.000833914193442365,0.00356001588251657,0.000828770118635791,0.00196319914007852,0.00101722520102689,0.000764052945218634,0.000894738926919646,0.00222436572435378,0.000848697624511444,0.0012110501973576,0.00102706118644869,0.0012238588614937,0.000926887883719699,0.00127782041607698,0.000771660823157823,0.000946801218719324,0.0010162372745042,0.00120296044996002,0.000866829166978276,0.000798964210851338,0.000922583845110312,0.00137765495101138,0.00203805050297879,0.0142198402291086,0.00104625797364144,0.00188288055721016,0.00117107335562586,0.000851796596653981,0.00095504743965926,0.00382819602198439,0.00142099608834314,0.00107589045987809,0.000868169602009954,0.00102852589889256,0.00208561616408148,0.00388579792901449,0.000882457949692519,0.000903282769000007,0.00102930684385026,0.00101897185901322,0.00183485667193274,0.00148916336855971,0.000925024689486058,0.00123060665828465,0.00101949749210819,0.00164787988150584,0.00337200287297073,0.00103050672850195,0.000824424708965168,0.000885721253140592,0.00214482696077688,0.000782455543129045,0.000815232794652197,0.00107822134468463,0.000919402523542125,0.000759729069665701,0.000910854856399543,0.00303334120534329,0.00120617819176849,0.00359588453093615,0.000838969747790094,0.00100070568649674,0.000837636401586389,0.00094890676867325,0.000878670744650258,0.0076964717952441,0.5,0.00179268805851129,0.000879264635810189,0.00107486281643434,0.00210582490409779,0.00111177424168915,0.0027917829719205,0.000884582656000529,0.00365247993411723,0.000949950539332249,0.000790673635256683,0.00359011457252373,0.00098771454268492,0.00124404702101111,0.00138271435093495,0.00121691721859053,0.00140675977935395,0.0311747953196818,0.0013977579214458,0.000924564171814576,0.00321776044622233,0.00125113844220971,0.0032904459444022,0.0012409176915439
"TT0037",0.00421792681937402,0.000965347159757623,0.00130578254939217,0.00121784273700747,0.00187648835153946,0.00121397174872839,0.000979718567714245,0.000941048848188322,0.000987260771504662,0.000917944308482494,0.000983556492104557,0.000963403942558868,0.000961510329582147,0.00377861299404799,0.00207023277589364,0.000776129306291923,0.000864560868325024,0.00137457982822657,0.0014730187797835,0.000886266962074254,0.00229302954297798,0.000876012230540867,0.000982077358252099,0.00550830270015695,0.00464623277031306,0.000943883331017448,0.00121488269991737,0.00109544052139679,0.00360317664176088,0.000998881496974699,0.000852925758875769,0.000882420907468746,0.00352433794526249,0.00227500115061379,0.00206764516112564,0.00215869961993236,0.00103262377796586,0.000977446000967176,0.00144256446097753,0.000937683733953199,0.00396467877967369,0.00102295620326618,0.00128654422168114,0.000797167570845568,0.00104246400409289,0.00106816897474205,0.00113560698218637,0.00669728446390748,0.00364784925554333,0.00117810334244604,0.00897234649040663,0.00102748231609562,0.00111368373836946,0.00212224034712613,0.00103856983929389,0.00424034994462904,0.00438803390763685,0.00414478252294225,0.00383349794541736,0.000937578769178712,0.00415780886127631,0.00615476372977893,0.00516866444379455,0.00608904336434422,0.00100598591309582,0.00146095520766523,0.00595968503858984,0.00118813445092579,0.00103469129788207,0.00564046786933518,0.00385293016191423,0.00458619758973228,0.00522718383082295,0.00134022885561542,0.000820347560511548,0.00114373129039815,0.000914251718387089,0.0012929800501142,0.00221861931514934,0.000865380335034609,0.00206894897705975,0.000848965753792231,0.000913994192973508,0.00103386400117862,0.00109372185547955,0.00119333530049891,0.00244196163375609,0.00401787283080959,0.00786189859535622,0.00111142957651574,0.00192852360458369,0.00106662555104889,0.00104254828027937,0.000737572270416013,0.00131700201332736,0.00101196291119834,0.00497101661494203,0.0033330348525844,0.00714632491368745,0.00685630286613465,0.0056355137924653,0.00224779035151713,0.000783853587819182,0.00592834525060567,0.000851215549383766,0.00612750651304592,0.00139126186723239,0.00621529523032906,0.00568446174500182,0.00408162702686119,0.00102949031924508,0.00208499019304554,0.00123707830969544,0.000907699153367737,0.00105569363561475,0.000894369466471812,0.0018997828497931,0.000857614517739611,0.000842112609132509,0.000873521905718322,0.000974166220245829,0.00110491469670302,0.00100412326938508,0.00324185888569609,0.000671978183421918,0.00409374271461005,0.00322396047682313,0.00131588033498793,0.00104525930891015,0.0011602111813036,0.00578392630376503,0.00164949825557357,0.000988023399570632,0.0059260265062369,0.00288046918735477,0.000966722084667767,0.000867214330526278,0.00135288212419796,0.00106926570065256,0.00404326001362538,0.00103266825107551,0.00118779196476372,0.00187060561362117,0.000871017785206575,0.00106759549511818,0.000882457066650648,0.00164795483160723,0.0054286121358527,0.00094170472527581,0.000992344402471605,0.000863639244146473,0.00158528449360029,0.00295411772891412,0.00410536929518374,0.00492060650565627,0.000934323167721681,0.00118568159317526,0.00100284502663797,0.000940083477126262,0.00397517867059128,0.00204063820869236,0.00118114497075242,0.00633014897558424,0.00115056822160038,0.00342645838161558,0.00376966396404918,0.00075658022407818,0.00190898393012932,0.00534552088780228,0.00189728659978098,0.00717463896420879,0.00456578482120835,0.00555985535369852,0.00103563462440115,0.0008708199276674,0.00360797118071538,0.00409625353663494,0.00665174260413284,0.0010585538123495,0.00139847577005355,0.00107047334021692,0.00351009278397259,0.00122476929042661,0.00341705529544603,0.00362005445922537,0.000992941145526513,0.00544312177677924,0.00127679019340281,0.00165804427529202,0.00111451504142735,0.00136676531476406,0.000939602628707301,0.000913211825284518,0.00179268805851129,0.5,0.00127297285633827,0.00100648524184645,0.00190685219715352,0.00148228556614889,0.00129386120801739,0.000925066143472573,0.0017826651916706,0.0013539975196906,0.00106916272881071,0.00195222062000055,0.00749856118347264,0.000883232623790824,0.000953713691360767,0.00108751970329374,0.000963635833631484,0.000786270729904058,0.0012079033762615,0.00101983670715091,0.00110767571105399,0.00589387795823395,0.00616982839850158,0.00196196415922008
"TT0036",0.0011258605517888,0.00106900473449584,0.00522352767698173,0.00216876079988939,0.00443523084402197,0.00109431087702639,0.00405205743666616,0.00385307112759691,0.00165557840563845,0.000867875243579713,0.0016160907997566,0.000820661076345913,0.000801174647296085,0.00100813106427495,0.000841217590959616,0.000638788063653102,0.000893576925017601,0.000936225890868464,0.00167248314963652,0.000795641651781155,0.000981958808577943,0.000812631149116586,0.00107975840832257,0.00140732551091967,0.00168105365624475,0.00296710381239005,0.00167733459992382,0.00318306323090493,0.00100495456008332,0.00105531694279179,0.00084967191433659,0.00142851043365176,0.000958459060458931,0.000921400806154404,0.000848425878155219,0.000874656966051246,0.00138630661534556,0.00372841892337333,0.00798304173828649,0.00139772940160326,0.00141403385781831,0.000961295996704169,0.0048739136862121,0.000810540990430442,0.000926729627985237,0.000885493543438395,0.00465430150854215,0.00130040951797814,0.00128842176940419,0.0020722794009751,0.00122486034703106,0.000893142539383355,0.000958783481172465,0.00504383551415889,0.000954614108150911,0.00339692647166408,0.00112738198270559,0.00549784752646468,0.00177646538849137,0.00106685858583307,0.0010833070656224,0.00245989767428754,0.0037666166078355,0.00130866341577839,0.000846787566026698,0.00659207383024788,0.00117590745301217,0.00112201074419686,0.000889986529869045,0.00203581329263642,0.00403707810686401,0.00234365353900241,0.00112848093057462,0.0045144282046279,0.000756113973678758,0.00592414993710227,0.000871913220035169,0.00177561217425417,0.00314757802886261,0.00141853944951395,0.000850096430707481,0.000905414329927376,0.000874569676212078,0.000900898930874575,0.00514947429306178,0.00110345151301442,0.0034974458821169,0.00564566441587912,0.00130421449883766,0.00431984685922421,0.00167778677388193,0.00160778386570344,0.00261140221914055,0.000637925412691453,0.000999057606622015,0.00105444361895773,0.00319020561803127,0.000924734042688338,0.0011414226487599,0.00133646549946127,0.00477085641649059,0.000971515495731099,0.000854896830587946,0.00128276517715119,0.00067538767648993,0.00229893332105153,0.00408803771461751,0.00430072516334917,0.00131553595607912,0.0052745625898376,0.00164310268956745,0.00141573179878331,0.00564914887249025,0.000806530436089141,0.00324087511340695,0.000711347844179567,0.000745531813740369,0.000659450610115504,0.000673476892587616,0.00102518978465699,0.00328672356422438,0.00309501124876448,0.000929235817477903,0.000834278066749316,0.00113530984404022,0.00139214225451321,0.0015893173325025,0.00479607450823738,0.000955005988839423,0.00492438864380698,0.0011979769806015,0.00272353049615737,0.0019983953761366,0.00456534615585183,0.000703364749788192,0.00189218921003155,0.00153424634805384,0.00535097156196592,0.00490448990290511,0.00342424172619571,0.00467652802962866,0.00366195548638687,0.000812705740853015,0.000884964098500435,0.00535793604494722,0.000670947450634952,0.0034752548401717,0.00448895402479112,0.000781848617268024,0.000841327857359971,0.00134456272608387,0.00194473569195788,0.000738095871234352,0.00142258382363868,0.00452779252557348,0.000841774021525977,0.00117763594942323,0.00156659048746193,0.00120562501401074,0.00525527072976717,0.00520492810088218,0.00444388190395912,0.00136114309163129,0.00708285744317131,0.00480714006619435,0.0014283073388307,0.00073727728036863,0.000792634806650958,0.00125183064324027,0.000796849043095337,0.00124710542688149,0.0033226553477633,0.00118088046684153,0.000924622576421527,0.00130257177207562,0.000895163786746993,0.00605618525374347,0.00121517536376566,0.0033046666711039,0.00848662777705955,0.00561451082291758,0.00570883755745359,0.0044736636873402,0.000809418001989233,0.00569127914727063,0.00477853807198414,0.00318536607338709,0.004592420407656,0.00181959464256443,0.00407472912451365,0.00696050979281663,0.00272244207474441,0.00322568856748509,0.000879264635810189,0.00127297285633827,0.5,0.00172226400655006,0.00148704296436793,0.00263207154969696,0.00159070853421256,0.00085527859176393,0.00172273871426251,0.00775721141199136,0.00489224083414646,0.000843466056065775,0.00120914239445851,0.00143913583551469,0.000785977529089579,0.00508805195449856,0.000784141865778406,0.000880658900150546,0.00586862262037242,0.00232064302626423,0.00456967610422852,0.00135923998321912,0.00131830953488725,0.00078157762028986
"TT0035",0.000956450776955438,0.00487363060895209,0.00134086326343838,0.000984926389686945,0.000991605786422686,0.000945684782283273,0.00550228937256432,0.000994560393099579,0.00503883427501982,0.00106520851619625,0.00571281412768982,0.000942348706785311,0.000923006013185999,0.000869494083454636,0.000868324990659352,0.000791193420151874,0.00210742856459257,0.000785013344143364,0.000929201812516153,0.00100883559427729,0.000937088142076974,0.00105820105787394,0.00530006570522742,0.00107504367427326,0.000915944032633394,0.00878726927491996,0.00537900939919231,0.00561530940285046,0.000795105065430399,0.00491518338013077,0.00201114283146176,0.00706230062293121,0.000882071974065965,0.000850631378416849,0.000895677406719419,0.000848860212483654,0.00476717052318532,0.00534811936707628,0.00125762112764334,0.00542136183280239,0.000903123124550751,0.00090891005874114,0.00116677538081928,0.00094819070309113,0.000916098159017582,0.000843309287640592,0.00111330265297349,0.00366284462696947,0.00400173346581955,0.00100879591932826,0.00104318647539353,0.000888951144693741,0.00368006999328141,0.00529705401141185,0.000906811977967313,0.00109827462733018,0.000956199387809909,0.00472412286087033,0.00580786351250841,0.0052279085138596,0.000961896424058336,0.0011158815113261,0.00103723893181563,0.00375438836027107,0.000930638997813194,0.00115680785211926,0.00507864814731693,0.000997715116060755,0.000873035281057516,0.00109602411832018,0.00151515131936449,0.000976472788018012,0.000914528413036638,0.00101212097898626,0.00102162625945991,0.00477359272038568,0.00106558637722274,0.00522390867283664,0.00107933268124967,0.00573032960342592,0.000897576584546961,0.00218334494478539,0.0010701968672501,0.000932338969462,0.00557380402588297,0.00393670816347088,0.00120048806613106,0.00444818626646383,0.000967823696389506,0.00561961658013493,0.00606932888690068,0.00839641199850078,0.00578930685545239,0.000807766270053417,0.000839224921614146,0.0041932074857783,0.000919776844889337,0.000973173962453723,0.000987428389094926,0.000982839462386831,0.00106388063444677,0.000991212339601275,0.00198070505443594,0.000948590835691745,0.00081573246299736,0.00112219404261571,0.00105263858955331,0.00108511425754935,0.000993907611264625,0.00462764031120996,0.00569954931322771,0.00452260427834628,0.00114937490981912,0.000779652555216143,0.000934170354518481,0.000810874355918039,0.000754700939688436,0.000780799068622786,0.000799766906183423,0.00216389844066496,0.000875005180143229,0.00567568399395566,0.000900206546868583,0.000766385643144676,0.00209078161167687,0.00103810621221159,0.00559773577559314,0.00550328304787071,0.000821627023073555,0.00552901145289727,0.00108326289151957,0.00117516070008051,0.000937362413116394,0.00111633091241382,0.000765297984862582,0.000843931454576992,0.00923564571096719,0.00125617647474838,0.00472406719093618,0.00108802976618008,0.00403653109373507,0.000937986013456612,0.000975475459739957,0.00444741412423118,0.00540782895498284,0.000778290615461137,0.00121201151132267,0.00106807785376234,0.000783634815208072,0.000773361432518102,0.00104375440826812,0.00318584249300206,0.000780767094322378,0.00416139441506611,0.00110221971499486,0.000827573730969306,0.000903862387212903,0.00576684590463552,0.00354682100742925,0.00450330804567556,0.00428450091081233,0.00511715906367955,0.00102597313636603,0.00122887983292074,0.00109447074017763,0.00370951458677461,0.00181161641854885,0.000829766676336999,0.000964058498364147,0.000839626408189639,0.00458180497246981,0.00108524534706354,0.000886868190699143,0.000841944419567364,0.00496398988875402,0.000827936108982417,0.00174357788421459,0.000892059528172756,0.000913438508852969,0.00301510074812134,0.00621609054441099,0.00312408989090768,0.00494793614099014,0.000806261867847261,0.0015130479699706,0.00843125744220804,0.00096253011394453,0.00525133137406328,0.00129169169471159,0.000846326024592931,0.00119266933488108,0.00081880658998966,0.000877234929351545,0.00107486281643434,0.00100648524184645,0.00172226400655006,0.5,0.000910148980768204,0.000945772247738354,0.000911049121271999,0.000923708752928079,0.000934728791533657,0.00126782495117926,0.00591436781200026,0.000855561889419943,0.000917484032428969,0.00751734305495401,0.000776127816803381,0.0047769915916941,0.000774566261739184,0.00380116729526424,0.00158639715165446,0.00608316752776511,0.00545181277113912,0.00107325269543812,0.00102619173309186,0.000833918541200292
"DU0079",0.00124236863853929,0.000989515855849866,0.00398514001334625,0.00133266529143815,0.00687121322362454,0.00137921100654762,0.00113060324866035,0.00106900731394153,0.00105195368943096,0.000970373444504507,0.00120299580641506,0.00107770182563731,0.00223259407685131,0.00120189994298234,0.00115208554672674,0.00208389174238423,0.00096030533036224,0.0033906668038874,0.00902539912544763,0.00126134109234412,0.00126135108738508,0.00124637638334053,0.000987630985915933,0.00665820281794459,0.00679003677391797,0.000834337531597449,0.000972470020588378,0.00107530281253756,0.00130511006560946,0.00105314155644165,0.00096040354866477,0.000905748157688706,0.00438370234062975,0.00232108263539572,0.0010554307108335,0.00114573686087167,0.0042485394122986,0.00113705395390271,0.00310182245946352,0.00383658287314438,0.00678791663504082,0.00133170229417187,0.00522103747516845,0.00345509239113717,0.00248546744591971,0.00415775448629014,0.00585337446986015,0.0051405510931178,0.00114783512197719,0.0013156359987996,0.0015404855884043,0.00243866260854208,0.00122888526594192,0.0038284891980924,0.00411142398665263,0.00501398401496617,0.00130929638530403,0.00117377153393101,0.0010556778036275,0.000945813896030646,0.00392039216501032,0.00152103295347369,0.00140478186497522,0.00165212332755933,0.00104090390088429,0.0049395786349873,0.00142679515782767,0.00128788141844307,0.00134125265390581,0.00140128475686094,0.0050489981605897,0.00659424035143664,0.00157694593182181,0.00135418023877337,0.000972728296763619,0.00134840157030964,0.000967897268214664,0.0011485955881813,0.00465112826167454,0.00097345384132569,0.00105628439200681,0.000933954316699711,0.000969403694495163,0.00474420577914502,0.000995178671117682,0.00115973643214095,0.00543850973629164,0.00118693942812189,0.0058376843486719,0.00110846977845684,0.00128414783256743,0.000971989442766828,0.00107944103633547,0.00155428251359697,0.00262336711706613,0.00106008655122267,0.00139539816190967,0.00119821280442746,0.00682070646991936,0.00177371765087256,0.00531860259589729,0.00122636726594969,0.000874796155798914,0.0025129690647108,0.000921770875318706,0.00141519420678046,0.0055427117927218,0.00499147563444916,0.00150919372306087,0.00110572195292777,0.00226350939878506,0.00133746403389711,0.00483854395271137,0.00211779077910769,0.00202815715677256,0.000915061859349519,0.00101137141154859,0.000960066724157383,0.000930027768943962,0.000942942168238539,0.00340189250066903,0.00102841055780312,0.00112446351988653,0.00104823651933824,0.000838540966100704,0.00575925397507771,0.00359601646434512,0.00121028283054198,0.00114353945476792,0.000991668588826867,0.00816755836333742,0.00587194403722515,0.00115348939671733,0.00450574817159583,0.00344892924710463,0.00118236177799482,0.000840411842305958,0.00202372895380587,0.00160136883580231,0.00511581050082209,0.00151137794834134,0.00115581569799727,0.00105605493884054,0.000889859780891726,0.00129413460526698,0.00196954649062769,0.00119617383569877,0.00158151927249944,0.00377884156701417,0.00351698135068208,0.00101372220108777,0.00584199154379054,0.00393345604796093,0.00629346002978508,0.00537545169683564,0.00107100344696414,0.00102593977300313,0.00112482466698336,0.00102967241311638,0.00114834394777266,0.00102837296061672,0.00116755485678536,0.00519751868164304,0.00304042299183204,0.00411514947624259,0.00226127637966053,0.000825973393763602,0.00103755697469929,0.00136285772521468,0.00104288871740546,0.00400387763311791,0.00127725629355001,0.00155566401794766,0.00117764262838146,0.0009752597185435,0.00105761032702063,0.0014290778040662,0.00395386330158683,0.00106101068184901,0.00134570349411213,0.00102976953173345,0.00121641430590631,0.000932537316113657,0.00109650172083558,0.00424725365294713,0.000852756684302159,0.00145855655468868,0.00121484000245452,0.00129765614475327,0.00114434767888105,0.00510317815598731,0.00112920058241441,0.00104050194831319,0.00210582490409779,0.00190685219715352,0.00148704296436793,0.000910148980768204,0.5,0.00611858919130969,0.00113064775573927,0.00105306058946826,0.00654133446323401,0.00191412245676251,0.00224333181984518,0.00215537170112715,0.00561909145862671,0.00089566858927565,0.00362934062828194,0.00155867667337048,0.00348482268633141,0.000958307194025562,0.0044268307223546,0.0012405729488994,0.00320451972676107,0.00146901307696733,0.0015619591758438,0.001061252624313
"TT0033",0.00115946014678549,0.000969620771146423,0.00466760470304441,0.00132471910794575,0.00631473529388757,0.00134254028829853,0.00126291594506516,0.00119028785043305,0.00326100046993676,0.000910718884382785,0.00362749963268135,0.000908350682332433,0.000895716249678687,0.00107118204291458,0.000952551124986306,0.000633596319555332,0.000899881389607923,0.00103239039172582,0.00629865890131299,0.0011632246717529,0.00417938549544956,0.00201738706476145,0.000961064539869995,0.00550268098213778,0.00636157300585254,0.000892745286157787,0.000991972511345587,0.0021665975269058,0.00103178690434966,0.000959561829039581,0.000875973554429457,0.000899628989726354,0.00108389000454931,0.00103118294848541,0.000915020814732735,0.000984343522327768,0.00105759345749381,0.00369487253603024,0.00460220712060028,0.00113841694411362,0.00829296398031502,0.00436252528120725,0.00824723570932737,0.00297552731196943,0.0035796848806973,0.00232689040447329,0.00726003394597198,0.00288761977872622,0.001244639231298,0.00128066189470215,0.00143758379196227,0.0039409510619786,0.00101089578485296,0.00106824002484384,0.00129091278678929,0.0054256122005289,0.00115035667717596,0.00120974887699241,0.0010348076292973,0.000940914269787969,0.00117527657457903,0.00137614726140983,0.00137296599829767,0.00134689569444204,0.000929100362012653,0.00528760105019046,0.00114826949577388,0.0013165243159735,0.00402759478714018,0.00146979396579573,0.00438815255402954,0.00822259646888342,0.00363609670126059,0.00121309853453027,0.000894832110385702,0.00156912631339846,0.000908576517660617,0.00113051288395102,0.00502832535452186,0.000854659866350389,0.000916803599672352,0.000878785296708604,0.000910501364542838,0.00110380897293061,0.00111114324013321,0.00109096153971873,0.00588362250268384,0.00346351633361984,0.00470908782465063,0.00103564195742126,0.0013117927110291,0.00099529227093245,0.00374759952567145,0.000629987300452334,0.00115917454763422,0.0010186710877937,0.00344320859078916,0.00404044905757197,0.00163358152304242,0.00154704661454978,0.00422889947606627,0.00393247930358346,0.000823283408904474,0.00143411688408141,0.000788783750177167,0.00134069667259618,0.00799989988607214,0.00284586782711905,0.00144426655139789,0.00324439226694669,0.00108435391647128,0.00120447966089577,0.00745171507582397,0.00348788133525,0.00095977316726565,0.000807571507229824,0.0008521656010655,0.000784042328495242,0.000791080164129348,0.000862677286797093,0.000964409637761309,0.000910232616691937,0.00109301235250103,0.000920278984686564,0.000974277968532052,0.00490165879638975,0.00125071228195034,0.00110614244590621,0.00112618843868946,0.00197586285062402,0.00456145971573685,0.00634769177182651,0.00119894014393219,0.00259283409125932,0.00107454425938495,0.00224670711644464,0.000865352165705531,0.00501917247172382,0.00443193219264283,0.00555643550435215,0.00413606288638143,0.000997507996869924,0.00196283053793293,0.000846570511331476,0.00153028784586301,0.000801164460321599,0.0010636148594814,0.00134420146212256,0.00105057090061873,0.00103363546495868,0.00198866726301597,0.00625497668746523,0.000985921177323345,0.00532579020105511,0.00432923986812772,0.00409835963170157,0.00114165721244145,0.00345680543816489,0.000850190838739802,0.00114410790599233,0.00111222349816207,0.00115831960569896,0.00308218335615454,0.00772687047001891,0.00461390222150235,0.00114242875344891,0.000770557500095469,0.00377451115482976,0.00411431016938511,0.00348706681624038,0.00140398656705418,0.00360942107726141,0.00386072903439431,0.00111626959354714,0.000827143379188729,0.000969992293148108,0.00154485121396026,0.00144921610773863,0.000954501329816391,0.00140109784324174,0.00118486969849249,0.00130853252637836,0.000993922928229041,0.00309148769163763,0.00190388341936593,0.000891165476907333,0.00142399919269761,0.00107176051509158,0.00115588455091381,0.00106630901853902,0.00562552414053882,0.00346030090921212,0.00367443908383406,0.00111177424168915,0.00148228556614889,0.00263207154969696,0.000945772247738354,0.00611858919130969,0.5,0.00160142415552522,0.00336528734820138,0.00833350122515482,0.00467892131711158,0.00228675608614323,0.00109626317192974,0.00448668460477363,0.000896108484330926,0.00102176806433753,0.0043244026686269,0.00104315211930418,0.000929233488768304,0.00172386268317021,0.00127960636385929,0.00118889721947655,0.00144173236838644,0.00149553938127535,0.00334261002981169
"TT0032",0.00128200161455993,0.000761318824860986,0.00114571094265912,0.00173418378996597,0.00106627268518302,0.000890304838237359,0.00122731828351644,0.00880198965301526,0.00418230915353702,0.000694682864409627,0.00101124636741632,0.000741416964698463,0.000735778802058267,0.00111401051475228,0.000670034713085949,0.00301548157709755,0.000719706506582353,0.0451499105126545,0.00131124369128948,0.00313072551760817,0.00138356780983587,0.00297124729122706,0.000752685940106104,0.000941156586418298,0.00118898270642788,0.000857462599381011,0.00591238630448989,0.00159736926826548,0.0494446416935438,0.000756188736797638,0.00071224539025326,0.000894273023219385,0.000723837495965112,0.000767872166113996,0.000782470662494023,0.000796525579137512,0.00149283997274579,0.00119688204734103,0.000935672753424153,0.00126045732308353,0.00150252296158612,0.00101179848970529,0.000894000508336517,0.00391655710524573,0.00145208852896413,0.00143760398058455,0.00136867363433597,0.000831140138159242,0.001289882261599,0.00131880319631391,0.0036842294314847,0.00106601222231559,0.000785821381310449,0.000971603252930629,0.00088366539969717,0.00127544070302692,0.00123844377979117,0.00129222899174973,0.00132452612582235,0.000739514302421766,0.00116727331937901,0.0014050316215513,0.00132814886728335,0.000912718699487499,0.00070292863228857,0.00089653214966639,0.000856469011025491,0.000957636404633814,0.000969287058661791,0.00989688357651937,0.00103999845378171,0.00107658365233512,0.00166300602430103,0.000930514578936626,0.00272150162741127,0.000797307483781637,0.000692788052768728,0.000991720604457019,0.00106809760391016,0.00092497193418545,0.000783954779125843,0.000712749254664159,0.000694304899456871,0.00109410679054939,0.00121828431115186,0.000737984883726245,0.000894319011677371,0.00125539175196633,0.00120376780750392,0.00106829731722414,0.00138353445285711,0.0072452367027924,0.00110736999550876,0.00300286490416725,0.000726980740935907,0.000720600292966923,0.00242505193427641,0.00133973739785279,0.00133236820422106,0.00119068678898247,0.000958155965962355,0.00109848356515082,0.000652284872923919,0.00195729274073999,0.00061547071518483,0.00520543415715329,0.00175390759087334,0.000943383148129449,0.00170977176736266,0.00127376834127782,0.00100199116636767,0.00103731991624074,0.000961615485481524,0.000817838191012169,0.000661588564957702,0.000645457099792212,0.000625929001009839,0.000603992167100861,0.000607892757892462,0.000604433281449373,0.000645103350735133,0.000885170781075408,0.000776850288604963,0.000926260277519423,0.00791448452657931,0.000905735387430183,0.000944783847881679,0.000987820540896077,0.00127213060204375,0.00823906482969591,0.000851069901147401,0.00982667659124317,0.000767592540617268,0.000877855188436151,0.000696585857050877,0.001596661398983,0.000885918633634853,0.00181171963966276,0.000786037075011816,0.00122247721389929,0.000773300563276196,0.000776348624624541,0.0051063662126927,0.000621292859737799,0.000790407030942707,0.000558948959215962,0.000946886364808436,0.00109832576491051,0.00157082173109604,0.00139459824819705,0.0111954533127283,0.000921386962499312,0.000914453235024454,0.000839542313627352,0.000875514947531498,0.000852883397813412,0.0551432964417408,0.00131877887438381,0.000911854233794902,0.00118287610627379,0.000843218677507926,0.00175812132926183,0.000942882987244629,0.0016145822311353,0.000831514748833006,0.0013481336291422,0.000582630773682748,0.000835153281464009,0.00141527697440052,0.00164141910423423,0.000902504311513413,0.00478382865296486,0.00164220216501721,0.00128522868762062,0.000905592594827852,0.00102515319325268,0.00126197047895558,0.00141572261647074,0.000884087286930617,0.000986504731048538,0.000796966432350004,0.000865358784638683,0.00496258437937632,0.00100102942205632,0.0013415459517187,0.00085099155615902,0.00174148452826226,0.000981474395015983,0.000763103829777919,0.00132269017322292,0.00150388443873086,0.000826417650986038,0.0248308663319844,0.0027917829719205,0.00129386120801739,0.00159070853421256,0.000911049121271999,0.00113064775573927,0.00160142415552522,0.5,0.00148469047887818,0.0014637441803421,0.00115569545591654,0.0009319858449805,0.000660121303445645,0.00108716420667221,0.000909953146445227,0.00110717870247552,0.000785934422702121,0.00121875589034202,0.00257388809490133,0.00133271623229544,0.00100135112784645,0.000931556771768822,0.00283023276968542,0.00125649187923958,0.00102896836440166
"TT0030",0.00365280248010786,0.00340128468631978,0.00312478644444353,0.00620606525965287,0.000791370357317401,0.00355812072333316,0.00104673889041262,0.000865025171550609,0.00124384335136577,0.00347583220728225,0.00120741755157738,0.00365752156849969,0.00365857895918881,0.0035080744623244,0.00354856602000543,0.000931110497089898,0.00351585782975003,0.00179961444558944,0.00102658956608867,0.000834349035763659,0.00625168642039497,0.000878409266507071,0.00329051337386874,0.0017978321084585,0.000928622189908847,0.000959797555616763,0.00380968042839081,0.00300516136412372,0.00103943565541012,0.0033390381409871,0.00348452164290785,0.00100376350020816,0.0037489505191028,0.0035117665555831,0.00353281269052235,0.00350601440408463,0.00113134920217535,0.00203384109215529,0.000858955460416821,0.00320412254659474,0.00207452008067949,0.00602347535661338,0.00112013972698578,0.00102484452999903,0.00361229885137118,0.00370476090434632,0.00104134058941794,0.000759015374685733,0.000842126074474687,0.00407222616443687,0.00101019767079798,0.00466783399696409,0.00377397566205221,0.00117324732759108,0.00379528003748613,0.000929550099386081,0.00361869423191789,0.000976921734068377,0.00105180226577205,0.00323884187932723,0.00361193142639774,0.00182179738925833,0.00177159250189087,0.000710032362966444,0.00351858738229948,0.000836342920675402,0.000716217597534737,0.00351764672762551,0.00484130682014662,0.000896551965562136,0.000762456039391052,0.00107142063223682,0.0010572752798998,0.00414894717925404,0.000848157162127783,0.000820732039662533,0.00347115608823855,0.000719618804080233,0.000925890946224554,0.00118483172894442,0.00353825654473544,0.00349903243260163,0.00347555981992005,0.003780868371957,0.00180568936932639,0.0034509379848782,0.000998313405229255,0.00211175474655362,0.00084672404614156,0.00103613028613101,0.00334296111024058,0.000932430961586351,0.0032074894583232,0.000927494705269615,0.00372277219299433,0.00351335260803921,0.000898619898326888,0.00497986293005511,0.000888145874079331,0.000830101554834435,0.000813467069750468,0.00622869461362304,0.00447028509078148,0.000936080640297377,0.00408410222585927,0.00282316709039452,0.000945281078998228,0.00142029875403726,0.000916851354938598,0.00106984143255888,0.00109156806011622,0.000678158781430427,0.000947732121345037,0.00642386587998419,0.00399386284598858,0.00397132919812419,0.00396638393054807,0.00408861576534223,0.00406796330134333,0.00398322386905896,0.00406968537748547,0.0010812064955686,0.00416924798730865,0.00397718790871711,0.000889010931804465,0.00278764908464404,0.00231898680058321,0.000945458539941963,0.00404267284520918,0.00186318989077764,0.000928205873974259,0.000890452350716559,0.00425937744445705,0.000818433412287792,0.00512370295172547,0.00428469091396123,0.000920917333501926,0.000941211038417399,0.000846102675557821,0.000941085618686984,0.000818862673952945,0.00377602677031749,0.00528597824247371,0.00389891026982739,0.000822002925330175,0.00408486972987628,0.000765155566175352,0.000840745399448817,0.0041740859444902,0.00397467484911264,0.00193745597758642,0.000825788689107891,0.00422122482777324,0.000805857702722342,0.000806776141517337,0.00641687887114094,0.00191944272997163,0.00374944263403232,0.00117549347846788,0.000957935906149373,0.0010527057261722,0.000970541827466316,0.000898637805518916,0.0032234074932057,0.000936110445312393,0.00223081243210768,0.00395036682586613,0.00627089491239178,0.00301967372038373,0.00622524215381838,0.000779530439017813,0.000991991612925622,0.00105390874709723,0.00406111964133594,0.00116120101912495,0.00404412209665183,0.000950619719362243,0.000851502141866454,0.00496495900268678,0.00148340882562328,0.000841322560013161,0.00092945137673601,0.000925413681592608,0.00518468584963079,0.00315024951415098,0.000879709964394321,0.000901631604895287,0.000939610880029909,0.000781297060472418,0.00388840173550058,0.000892310564291422,0.00403208910719886,0.00286150387523006,0.000884582656000529,0.000925066143472573,0.00085527859176393,0.000923708752928079,0.00105306058946826,0.00336528734820138,0.00148469047887818,0.5,0.00186161354680456,0.000809386285083558,0.00106517281418179,0.00618268740006509,0.000880819935698937,0.000972660136679167,0.00408211518220471,0.000840929545433439,0.00407502375103407,0.00073803834433395,0.000986341747849799,0.00117223877173171,0.00327921503930236,0.00315016402266113,0.000914231163336506,0.00446585148135761
"TT0039",0.00101836749940069,0.000853457821462522,0.00476638320430189,0.00147066076823503,0.00895886019261453,0.00456052935923825,0.00139654063723044,0.00301695052511792,0.00105086455005293,0.000791084152984219,0.00361727388527954,0.000812765324130555,0.000814177271212209,0.000978803009712788,0.000876129495313876,0.000616143972758762,0.000787709443161363,0.000906079518465293,0.00607779029061935,0.0011075795900714,0.00104283399946488,0.00111805575027528,0.000859148483511128,0.00701868401330495,0.00671752038550556,0.000876135989552135,0.00100709056097776,0.00411819736042672,0.000830421004144519,0.000865134981688669,0.000767106970984219,0.000835337555649025,0.000996665477551632,0.000952400273362802,0.000832604947395842,0.000904731206254188,0.0010246468278629,0.00130494157070564,0.00449986230005617,0.00102682806370355,0.00623701925031293,0.00223147242427446,0.00551499910587973,0.00100976903527654,0.00107327834448771,0.00108236959243364,0.00482816087573494,0.00463870622827629,0.00140894047321657,0.00121659105807216,0.00161155206774897,0.00108708043286769,0.00096069788441206,0.00106482839510502,0.00356711464568558,0.00514949261108915,0.00102749556496046,0.00112381978117228,0.0010175616247255,0.000829208457986556,0.00104074300097333,0.001760980883467,0.00168078479847829,0.00169994590776337,0.000825664955844478,0.00522450775301217,0.00139026961219423,0.00428322755375859,0.00105134992167567,0.00255057144038867,0.00478064124350405,0.00606150382589313,0.00159507654609813,0.00126127776887246,0.000903573568988216,0.00142845287389812,0.000789092510222188,0.00106519616516396,0.00479734283301635,0.000872591453724154,0.000834219828427751,0.000760641720749562,0.000790486984097539,0.00101453818896575,0.00109987306480825,0.00103100686159089,0.00560406109138404,0.00121027209497232,0.00519992476317613,0.00115364050353809,0.00211289808614875,0.00100646516383245,0.0033187901518571,0.000597967280999988,0.0010856593540019,0.000921977757470223,0.00369354188597785,0.00100379515134784,0.0019376288256879,0.00421455949779456,0.00487486509573296,0.001099405571977,0.00070597793463069,0.00404437737529159,0.00068899160061073,0.00166621541147291,0.0086773417960668,0.00456779477311775,0.00459798872225061,0.00108880397736884,0.00368404851062636,0.00112109671732651,0.00766736841229568,0.00182266607702429,0.000978474902040961,0.000705413445802843,0.00076813213248386,0.000694436856234414,0.000687578457569811,0.000784990911365554,0.000994921808734135,0.000977802150425819,0.00374712795238321,0.000825470042874674,0.000953663636186187,0.00817667273217564,0.00395738882522485,0.00127643023021633,0.00380796532927466,0.00105384269924334,0.00520872041772825,0.00716026359372429,0.00105382281459247,0.0041344191350956,0.000790196292396382,0.0012247428075816,0.000856133933440216,0.00624166416717874,0.00412064411121328,0.00526212283694961,0.00160761095620927,0.00106576045363019,0.000861471969451243,0.000744913195501807,0.00135868707404943,0.000715423664685372,0.00150147041412978,0.00174102325378169,0.00181745793723821,0.00321660528710787,0.00201832334539204,0.00630738721423432,0.000832957846256947,0.00570829843819574,0.00491318462987064,0.000938730761542191,0.000941878019778253,0.00105109565205319,0.000817272530908952,0.00102987023738276,0.00101008172284975,0.00385404884714144,0.00764698312359352,0.00657057591615878,0.00433532785829607,0.000960409790204265,0.00064991463191063,0.00088778685768204,0.00166000046917261,0.000855744571280761,0.00172669997240992,0.00354654875658674,0.00167536826588746,0.00358134266728392,0.00081098366672294,0.000849962014589956,0.00139705312540897,0.00388152670303898,0.00091576721872063,0.00145485129870332,0.0010922606148175,0.00121356000551053,0.000936739517140653,0.000839070951496446,0.00173537337192166,0.000857959187983494,0.00414251853125108,0.00125936800274196,0.00253977278416036,0.00111022966686556,0.00656386863941277,0.0030402752648381,0.00114909984341233,0.00365247993411723,0.0017826651916706,0.00172273871426251,0.000934728791533657,0.00654133446323401,0.00833350122515482,0.0014637441803421,0.00186161354680456,0.5,0.00660731828656921,0.00120552107564811,0.00369418238432596,0.00497685411045851,0.0008346694345459,0.000915964472681774,0.00167106285872042,0.000910497653364578,0.000955555731059455,0.00157284823991335,0.00138190688929672,0.00380480401937713,0.00187841799380901,0.00444150905350256,0.000848668443440057
"TT0038",0.00113792416690423,0.000980871662446087,0.00818983367876316,0.00120625145542243,0.00434146989432566,0.0012073623454932,0.00337417017787239,0.00333339260966204,0.00121341715043249,0.000854012397987228,0.0012767978069516,0.000807943516910014,0.000779343971514359,0.00104010960904169,0.000841044918394426,0.00065916208937377,0.00083706085866473,0.00293346351789036,0.00591536451820758,0.000851900726536959,0.000928923982648979,0.00172134256416869,0.000991452495834674,0.0017848934032997,0.00332907302443017,0.00131243615790902,0.00125705660723371,0.00154182638089794,0.00123587650217826,0.000989925607592159,0.00082454506569049,0.00111408447731047,0.000949678663800044,0.000933875519189734,0.000841738824097956,0.000895787489528162,0.00303130200357406,0.00316729687723466,0.00783481861231995,0.00111520279355753,0.00170427675385849,0.000936708624626261,0.00594447858563837,0.000816014134296008,0.000976424493181771,0.000966775882926399,0.00572832305420854,0.00140034026096926,0.00128349285578386,0.00109816846966197,0.00127885829009717,0.000884251665568155,0.000913953356356063,0.00162229827746512,0.00210730450573798,0.0057109278509001,0.00114305397795895,0.00454298468187814,0.00137990272137329,0.000978562154357744,0.00109076801764646,0.00252684928866838,0.0035077822850056,0.00139879233349815,0.000847212310634902,0.00815219107630183,0.00114308004519447,0.00121571859988616,0.000847253135036455,0.00218588682166677,0.0027238211222026,0.00167743832416331,0.00126322993390364,0.0036003825566137,0.000760778133870629,0.00530466757111563,0.000857199656899785,0.00120570140098779,0.00536333389037501,0.00100479327565506,0.000843392869349145,0.000858320184810105,0.00085958396271677,0.000965154478139319,0.00349864690792468,0.00107095750695571,0.00603325531443185,0.00470748008732856,0.00158280989272817,0.00356384742985264,0.0021390609534562,0.00119058492224957,0.00129798222677343,0.000657871977068469,0.00104049488957356,0.00100663597623855,0.00358751773496214,0.000848588045690627,0.00213247874208135,0.002503341009523,0.00373787458706463,0.000946375226720704,0.000808236403244361,0.00381024506911161,0.000665779376023759,0.00236104596395511,0.00537808573877699,0.00383058654084137,0.00339117850513435,0.00434064124228725,0.00228097244287051,0.001220378370564,0.00580644627518405,0.000774526818855852,0.00205185662525692,0.000712867628238736,0.000753424146489076,0.00065215491623187,0.000665328798556082,0.000920740468377705,0.00360150079384587,0.00131909528315787,0.000996774402612277,0.000858431387386925,0.000957552932418344,0.00176239166560282,0.00128004909281131,0.00378222951462703,0.00297746440894711,0.00153701913598395,0.0013545086722427,0.0052567041200422,0.000975581561492604,0.00374720314478131,0.000695752345905214,0.000947282623977851,0.00110998904711344,0.00882793038322577,0.00577730493944408,0.00580711008486455,0.00545221181789098,0.00312217142983594,0.000729738878279966,0.000814680364527589,0.00512509158650408,0.000654771258258002,0.00195043623572162,0.00369476821069448,0.00178033352162282,0.00314301037632848,0.00113719430726873,0.00536750273169285,0.000786683820025673,0.00167027630076477,0.003895778695677,0.000773301124621743,0.0010614876463312,0.00116459910199681,0.000960649407852266,0.00311217642478864,0.00430956924197394,0.00390160697466759,0.00251458306978356,0.00595190644887905,0.0057991726575738,0.00115624918157694,0.000715925307278642,0.000721205609286865,0.00127837836984158,0.000732714018258979,0.00126194837365603,0.00137660743223609,0.00131407511395623,0.000998633479721716,0.000974672949951356,0.000905924181119005,0.00519020576140924,0.00360154515117897,0.00196207149927013,0.00707451615298059,0.00463627650846033,0.00480250072097375,0.00143507559748082,0.000802548198076032,0.0058706717985897,0.0015391482537552,0.00375893864277432,0.0035279924932215,0.00337936618888297,0.00344148025567692,0.00612730827012482,0.000909498073362282,0.0010542904500248,0.000949950539332249,0.0013539975196906,0.00775721141199136,0.00126782495117926,0.00191412245676251,0.00467892131711158,0.00115569545591654,0.000809386285083558,0.00660731828656921,0.5,0.00160403416292544,0.000897390943999344,0.001414828221926,0.00111948093529596,0.00178096068064007,0.00575657473432837,0.00175737931797273,0.000845246369947097,0.00645871621997118,0.00130962146627623,0.00356037965044804,0.00236439335844232,0.00150404534257538,0.00073911558295199
"DU0025",0.00119949682917052,0.00119291253104416,0.00165545372922323,0.00116258772965728,0.0012685977873443,0.00106111190408044,0.00625388989822235,0.000839174726476881,0.00370400505338685,0.000989397796878966,0.00562687509530617,0.00104581663260176,0.00106370544254806,0.00111851612311829,0.00219887679659544,0.00224507649577174,0.0021218387415266,0.000889763718310463,0.00220313330975822,0.000738573457330384,0.00231771103002932,0.000770736533796157,0.00121115381685972,0.00112923354867959,0.00128241391914407,0.00590245128519782,0.00513784084686696,0.0062013067060728,0.00094211924336373,0.00120359431303242,0.00103188076628891,0.0033896191575288,0.00111342544663467,0.00229034434309388,0.00104738831849007,0.00102682641913767,0.003375220128877,0.00619910273908426,0.00158258362338938,0.00526800487699419,0.00120971275261986,0.00110110606217473,0.00417356795451343,0.000735627025005911,0.00102245173811743,0.000956283869280337,0.00141280923401707,0.00111345710241923,0.00105633151421873,0.00116409795620818,0.00107981040659847,0.0010410786639067,0.00437585719905561,0.00612466717285901,0.00218699385294171,0.00148888275346565,0.00120335486609289,0.00559690879920744,0.00598740394532151,0.0011919942006414,0.00118148780133585,0.00111235639414431,0.00105587742178363,0.00232054485082589,0.000997116537195901,0.00139667374771337,0.00123831141545327,0.00114099609051105,0.00105964733470759,0.00107982712563954,0.00135774995778296,0.00120147715690317,0.000924579082961199,0.00117194953176483,0.000770953531418817,0.00454387217776356,0.000987997638858205,0.00194177730939907,0.00143426386438744,0.00670091731929709,0.00104947308064942,0.00101019551002675,0.000990257195207492,0.00415244253243939,0.00594501479454042,0.00116910656162864,0.00277622412470289,0.0053586036573389,0.00115340343454533,0.00547155017387972,0.00597116694188302,0.00585675443966277,0.00692393755440532,0.00169749697893996,0.00110654510864333,0.00231857083114669,0.000967140489863796,0.00113113288160866,0.000937936062447613,0.000929273299599123,0.00116027685119946,0.00116282505659964,0.00197529319307515,0.000982463583460455,0.00089695253150018,0.00111058102295661,0.00126107796324076,0.00114090703236583,0.00102060143324431,0.00548195018660607,0.00557717595722102,0.00246813510198076,0.00251787309654192,0.000930483523360685,0.00106716475888327,0.000884002236746303,0.00183211002081145,0.0009007096838327,0.00089177452110755,0.00108948799964134,0.00103116235291437,0.00625710315728156,0.00197538764138303,0.000962253762826449,0.000788053727152561,0.00125367715238906,0.00413613463438918,0.0054835525174782,0.000913944112311585,0.00722225165771676,0.00390337070915235,0.00134094049705537,0.00349835036171599,0.00119207618440209,0.00082826635013005,0.00103821946934045,0.00529874248769498,0.00160661497099363,0.00160341591123674,0.00148042445280844,0.00153831402919158,0.00106495859304318,0.00103612946054742,0.00103896333587352,0.00312116556302259,0.00198643516876878,0.00197332991174541,0.00113726743428873,0.000873049720834942,0.000880795289919319,0.00082708049996984,0.00233710760182379,0.000864626237430201,0.00118939089124744,0.00123415085483174,0.00196050796717706,0.000883686827273403,0.00576532092043036,0.00333630445285095,0.00524598945052935,0.00504399841852588,0.00589977094573632,0.00106190808909577,0.00270249608717708,0.00247125278612545,0.00351846987031186,0.000878454495575845,0.000964302744226286,0.00321161195021879,0.000989328711197835,0.00111471715305704,0.00116261990276007,0.000929884169214093,0.000920572281087421,0.00458614412625918,0.00101757151780268,0.00506326355944296,0.000894987603012971,0.00103356275201407,0.00489294784641624,0.00615290488581809,0.005263411009819,0.00534814837393968,0.000946791133523086,0.00186564997006909,0.00570055823339265,0.000981520178193641,0.0051042782990351,0.00369898809575946,0.000964962845391966,0.00378030222082932,0.00191712509301854,0.000868199113783371,0.000790673635256683,0.00106916272881071,0.00489224083414646,0.00591436781200026,0.00224333181984518,0.00228675608614323,0.0009319858449805,0.00106517281418179,0.00120552107564811,0.00160403416292544,0.5,0.000949865952431396,0.00209821828061422,0.00343850872719139,0.000862776178723084,0.00165738332972211,0.000846685042397449,0.000853772444729309,0.00331780683426877,0.00672228941961406,0.00630837231033275,0.00204434492436913,0.00103330818419799,0.00098735498828331
"DU0024",0.00365139184964485,0.00340174480924791,0.00350440399103444,0.00386082067225994,0.00103177028997955,0.00619065547797453,0.00100750097270222,0.000856962572446062,0.000936199604271775,0.00347547249217601,0.0031209493687312,0.00365843892918777,0.0036604760357657,0.00352024781111525,0.00356361544482528,0.00095130146587828,0.00351676462104375,0.000799891623334654,0.00109165216207895,0.000970465259956312,0.00386014726916357,0.00100822437373402,0.00329091065125117,0.00103075224204949,0.00100427584223655,0.000895015135092753,0.000830011171539119,0.00357683825489866,0.000747379175563683,0.00334036866636205,0.0034833648163338,0.00093557076028989,0.00378133671859205,0.00352812018118214,0.00353378381133123,0.00351114692765164,0.00108268254798239,0.000973351162169275,0.000853070609590288,0.00114652943364296,0.00111366471500992,0.00376420254884906,0.00103648238188411,0.00107798571038986,0.00352492356532368,0.00366318005281324,0.00100848618416969,0.000887202083808355,0.000868707251864299,0.00404977727853132,0.00102056561109108,0.00353823564164854,0.00379195481766986,0.00213730723067242,0.00382792040609393,0.000978834054075879,0.00362986857713193,0.000954667314950169,0.000981733533892771,0.00323942967475711,0.00362333749670538,0.000909445246474717,0.000912718891061525,0.00079935834034013,0.00352020554793296,0.00086330911855208,0.000791765122700602,0.00606794196088835,0.00364794950446042,0.00169210754613009,0.000847829229830276,0.00102861855689487,0.00102012981203225,0.00335911430013879,0.00101149002898733,0.000845527437847962,0.00347078664295504,0.000703537933600722,0.000959803928858129,0.00110854104127795,0.00353922291155089,0.00349838143922781,0.00347515251201246,0.00381231978839898,0.000810925952555983,0.00345723787480686,0.00105902865421693,0.00104615196904899,0.000956540244647286,0.000899625126432473,0.00173906551916759,0.000821757752389631,0.00197868172153539,0.000937425824425522,0.00374206262495255,0.00351949520417583,0.000944645546115814,0.00479858839054413,0.000984184241941446,0.00110498879497752,0.000881440693056939,0.00621898923483423,0.00447339210050236,0.00202417281863461,0.00407919347680298,0.000878136708419712,0.00326139859785838,0.000899669122083801,0.00340112371737744,0.000998441711632452,0.00371411772064578,0.000695653349666881,0.00318799977884793,0.00502936666454095,0.00399473478008407,0.00396681824425939,0.00396382919206466,0.00408368064276198,0.00406313161930978,0.00396497973280101,0.004091630537213,0.00102331961871138,0.00649174791663219,0.00398203876160371,0.00079932092968377,0.00360378290518194,0.00412223861195181,0.000864447869490158,0.00634579926031997,0.000916352308946425,0.00317745536252451,0.000989195517978599,0.00419266231464602,0.000879466129956967,0.00504325831026245,0.00428281263781213,0.000865480192640185,0.00311027232632595,0.000871097137151362,0.00099104245175551,0.000835379876117271,0.00374704449235824,0.0042880616544872,0.00389469295099972,0.000840904061093341,0.0040913029057985,0.000812992626012948,0.000869146596032855,0.00416910407601826,0.00502499117239814,0.00083908802339648,0.00102589364020352,0.00609410564371759,0.000901085164325686,0.000853534327610653,0.00414412511115335,0.000667387990058508,0.00111416376786189,0.00110258201015229,0.000936132364789824,0.00101691253356876,0.0031033535581591,0.0033458504018534,0.00104416471717395,0.000976890891516752,0.00208912456931286,0.00394352239699389,0.00511447756750622,0.00107438327857718,0.00425866158364759,0.000880017836625229,0.000949470148191191,0.000984065437432562,0.0061489145054749,0.00107966121752167,0.00403764338775794,0.000960630363974536,0.00109754015419026,0.00406237644894147,0.000851581062482051,0.000829384356186847,0.000918305362969559,0.000821699259000909,0.00508753850432689,0.00313321319138448,0.000850360118549861,0.0030826540258918,0.00086399873423002,0.000909960224919608,0.00387673075617196,0.00103538744615517,0.0040306236672463,0.000790070223707026,0.00359011457252373,0.00195222062000055,0.000843466056065775,0.000855561889419943,0.00215537170112715,0.00109626317192974,0.000660121303445645,0.00618268740006509,0.00369418238432596,0.000897390943999344,0.000949865952431396,0.5,0.000979015264269859,0.000902620046651588,0.00410114485291875,0.000856094709239408,0.00407186116614639,0.000925447751352356,0.00101765562356902,0.00172547941724228,0.00345630409534487,0.00101078909419659,0.00330309244240276,0.00433351391823395
"DU0027",0.00264866784033513,0.00106406462270098,0.00132980950678976,0.00113725419160204,0.0053348092401083,0.00119233333990611,0.000849684062552039,0.000953748674358899,0.000821626213591922,0.00341476650591695,0.000874059088102384,0.00240901631555962,0.00243154120726908,0.00399250733606072,0.00392307422387711,0.00444284227518214,0.0011805656106653,0.00122266285983717,0.00428237761386131,0.000917951202686866,0.00111678908061531,0.000928188693349883,0.00105624669883308,0.00711649897615919,0.00775556401447269,0.000941429943890539,0.000865420013172811,0.000946475223151604,0.00311261140903816,0.00102371929532183,0.00228029273923038,0.000912276407389099,0.00243544598123021,0.00407699018717239,0.00373021879126409,0.00395114173900061,0.000854739023986911,0.000850204050690128,0.00159127806679711,0.000792831239786025,0.00549212513368971,0.000996787832740863,0.00254827860317718,0.000830244006349253,0.000981335266388092,0.0010381590106091,0.00137709436111946,0.00643348351574912,0.00203310561778998,0.00115989713969369,0.0050930544882375,0.000972304276448424,0.00121041528294722,0.000984169528415555,0.00106972114928204,0.00394157571235214,0.002639702963286,0.00362429917004963,0.00237785753553481,0.0010370679518015,0.00251469492311459,0.00272574592150651,0.00228295083682486,0.00433955666225665,0.00365884463165782,0.00173010749373443,0.00410655595689667,0.00111415803664407,0.000983006093766578,0.00241642950949522,0.00534132505194811,0.00616672288408472,0.00222648482861786,0.00129975793799105,0.00296220580161467,0.00116845454033643,0.00340119733243003,0.00141899756249382,0.00408699364137269,0.00106263482793414,0.00373750215502254,0.00115835139301876,0.00339123983314315,0.00117434461984439,0.000954190457318484,0.00119129968779929,0.00406096871239213,0.00352059352212193,0.00935735249681556,0.000965997348132924,0.00102178170120272,0.000894371583088747,0.000864408113126229,0.0042755788911139,0.00278344065410913,0.00110792410861377,0.00209447720251107,0.00102989096807835,0.00557965808774142,0.00412335614242981,0.00640553128886941,0.00106826168985559,0.00108592733253212,0.00256275609331252,0.00310947576076926,0.00346716399494163,0.002873833157384,0.00616343767217878,0.00250179767334529,0.00347408724581578,0.000931220218342354,0.00176722169424559,0.00151852829038815,0.000845928228655204,0.00109271467173547,0.00320422624148208,0.00347856702781186,0.00320918257373738,0.00314896513907841,0.000911686549148723,0.00100745502605132,0.00216013354039629,0.00099688982797234,0.00347328852668894,0.000886864247024965,0.00553465083760677,0.00093048378189883,0.00117460566647625,0.000999071394017077,0.00097234595092081,0.00820069288070516,0.00433581440179981,0.00102264933677601,0.00561605699744381,0.000900140448960316,0.00101914199204866,0.000838685318217362,0.00141806250239317,0.00132522393995154,0.00403925987134903,0.00128536522193134,0.00115029851669366,0.000939752773617837,0.000928271710253929,0.0011531370622053,0.00328254267740612,0.00138134866976538,0.00328736494234526,0.000918083115797463,0.000925229864116162,0.000840898894443351,0.0042801100801456,0.000904278325625715,0.0057607879049672,0.00619922981591037,0.000883541045523357,0.000980682955437468,0.000780369153691996,0.00335198588063937,0.00357940109100368,0.0035090698364489,0.00101519973863826,0.00628147472901699,0.00128547572504028,0.00409272027167054,0.00213377444447199,0.00196863548864927,0.000899686793858368,0.00224079500797409,0.000925034488418725,0.00532214214685252,0.00197570900703059,0.00238504265673055,0.00104254311317799,0.0010866215204345,0.00330709188474888,0.00368802090121479,0.00404484682400807,0.00101738279030534,0.00127876203789838,0.00107767161735947,0.00376374142430548,0.00105796295786743,0.0020344069891399,0.00136828751371391,0.000968646512234163,0.00239869111778164,0.00112724480109723,0.00142380988378656,0.0010834582757717,0.00165942634020851,0.000928025566705752,0.00084693714199639,0.00098771454268492,0.00749856118347264,0.00120914239445851,0.000917484032428969,0.00561909145862671,0.00448668460477363,0.00108716420667221,0.000880819935698937,0.00497685411045851,0.001414828221926,0.00209821828061422,0.000979015264269859,0.5,0.000889303848651372,0.000912769473539463,0.00131050909048725,0.000911275099093262,0.00095354958456188,0.0011387526519835,0.000960973210853283,0.000972505315851488,0.00250624546366569,0.00353703482739454,0.000968484597703907
"DU0026",0.000953904119451533,0.00543378165689191,0.00114505447026431,0.00101520142503215,0.000906448072180605,0.000933998815148597,0.00663584890613872,0.00110953413884745,0.00837669014731418,0.0033416147284015,0.00548238015454192,0.00115513688262872,0.0011295775108289,0.000925734458267225,0.00103969332334605,0.000988654379988579,0.00325491251031741,0.000802767916000808,0.000924612079682339,0.00119478669974365,0.000983677251303089,0.00123944531936917,0.00702674718127796,0.000966241340962942,0.000810511685132388,0.00699016391462387,0.00620834797031714,0.00327607035295002,0.00076660961805276,0.00553260040670642,0.00335993325286462,0.0129304730639155,0.000984528296327655,0.000968400779673752,0.00106149756780206,0.000990581314675557,0.00805266698106214,0.00596395685490123,0.00111624696276019,0.0062354482133732,0.00083747834254552,0.000979142248544222,0.00110217854180516,0.00118491968459188,0.00100534781837307,0.000959802891470811,0.00109284845320044,0.00231554274158368,0.00412290305977039,0.00105558654490422,0.00097175029573308,0.000979092778115378,0.00242577872360707,0.00306082861094978,0.00093595447151981,0.00103994983433109,0.000954734163187095,0.00175706105982281,0.00345165972879388,0.00720171313710764,0.000984856595587735,0.00104106364620373,0.0009806990994871,0.0023035451162809,0.00211360134652802,0.00108257672609967,0.00516234684724527,0.000986830186665728,0.000960390538708225,0.00103184779251464,0.0013416390921559,0.000921996926169589,0.000916283747066605,0.00100488352915346,0.00202873583830971,0.004271995468881,0.00334313898104153,0.00522755356270026,0.00112176485376549,0.00586260230376963,0.00106390213892604,0.00358908481965176,0.00337433409393297,0.00102553561632408,0.00359929095154516,0.00410100752700825,0.00120735320757621,0.0015853055327226,0.000884915196390674,0.00618155101238391,0.00614489171533239,0.0079432692218346,0.00347859044052115,0.00101479132620953,0.000891728754690139,0.00417882068931718,0.000872234293122698,0.0010473014010236,0.000929849356396088,0.000870220040850784,0.000945685548318341,0.0010464470343663,0.00319178020709624,0.000868222672996239,0.00101889379947431,0.00105649153341342,0.00100983287968369,0.000969351166790387,0.000895121370730651,0.00252986573876075,0.00602577065050775,0.0022877031842143,0.00105260810403663,0.000839844441952457,0.000957624921333478,0.00181568916958628,0.00090561158448486,0.000978779702279628,0.00101042613805996,0.00224765186829934,0.000919293494790384,0.00338434152781368,0.00091969716912851,0.000843963367680825,0.00344019967142433,0.000901312121667945,0.00508703783518954,0.00448179485525962,0.000839346566925292,0.00321551500495153,0.00103746889752242,0.00111568009021314,0.000972350016047046,0.00100650722047219,0.000870154979534083,0.000885262967601079,0.00999102269977695,0.00105983772897161,0.00557003512329759,0.0010293783368902,0.00430727334535527,0.000951817681785902,0.00105267451448957,0.00463440973277564,0.00687837540998054,0.000957179557781448,0.00100742132325673,0.000974104727818841,0.000903454132628037,0.000830991475770896,0.00121943254729027,0.00105504834019737,0.000896204993551817,0.00432430923768963,0.000987669604455301,0.00088823893097522,0.000942967952933179,0.00480916063974694,0.00850696758005091,0.00172843201147348,0.00170886928389986,0.00291422047451215,0.000912728294256951,0.00110013844990909,0.00104285330798011,0.0085546686006471,0.00315008554270272,0.000912996759255274,0.000895963865220223,0.000925567696245839,0.00463592042999248,0.00105053322785699,0.000839408287021801,0.000859532401769478,0.00844679679255658,0.000868173110110954,0.00142750426137415,0.000841190838062253,0.000962671387521717,0.0015804742111254,0.00479170789490595,0.00159488162662951,0.00308161751099865,0.00083379783023651,0.00133855221062322,0.00683645863416973,0.000883343342956396,0.00477860008981282,0.00104119832652912,0.000877454036125095,0.00106673237856426,0.000868393376851099,0.000973432432102718,0.00124404702101111,0.000883232623790824,0.00143913583551469,0.00751734305495401,0.00089566858927565,0.000896108484330926,0.000909953146445227,0.000972660136679167,0.0008346694345459,0.00111948093529596,0.00343850872719139,0.000902620046651588,0.000889303848651372,0.5,0.00086987145562445,0.00507215382849457,0.000882805349094811,0.00427956040664376,0.00142369944731681,0.0057209637586276,0.00314383619265799,0.000967052970815112,0.000934416779687921,0.000907668397246811
"DU0021",0.00352122002607065,0.00334550684118121,0.000990335141848175,0.00362465001998336,0.00081514326357507,0.00346236100990915,0.000766333862447594,0.000920297753598108,0.000934580883960497,0.00341116981798375,0.000897570830031036,0.00360018854282807,0.00361569283202239,0.00344065955860799,0.00348212696320763,0.000977017257824196,0.00345433561959116,0.00450718759978418,0.00470323055029438,0.00338299068226183,0.00375207823466789,0.00360775102203543,0.00323680468062241,0.000861289435637282,0.000906900643093815,0.000768781669219811,0.000740723208970838,0.00079663019372018,0.00136514383089172,0.00335961627348392,0.00341876012990082,0.000899504259417162,0.00470293062682378,0.0034538263470846,0.00346480736413478,0.00344289558393107,0.00638895904049399,0.000896903172432252,0.000825818325992434,0.00337658995756086,0.00106699415551778,0.00375198061746952,0.00100106294669835,0.00346733756297862,0.00631978673335364,0.0071778371834647,0.0036744818532969,0.000866975278105616,0.000937741405219559,0.00477240111614913,0.000970004435289603,0.00583119835876189,0.00601637775003287,0.00203609038352338,0.00598480346904774,0.000913673383176866,0.00352098208786473,0.000844991308639716,0.000842597561211536,0.00318837614268479,0.00356221215900981,0.000922626453847158,0.00096741077126163,0.000970395385275407,0.00345409150159493,0.000840572733679782,0.00100672207694431,0.00341176488283527,0.00476665538645714,0.000960248030279904,0.00085530387972279,0.00191063492633378,0.00368164042828985,0.00330815438292762,0.00133023467106297,0.000828187334640117,0.00340666004276961,0.000861640832694819,0.000933355432111693,0.000984251255603375,0.00347012385226086,0.0034346446201868,0.00341094537381998,0.0065688998358209,0.000670709971784177,0.00341927952256144,0.000973019864051266,0.000908566994891445,0.000876462259321973,0.000798577807685884,0.00089064574628329,0.000741709026527303,0.000881312981629616,0.000974151185807917,0.00364927800815169,0.0034660594402124,0.00299293686993495,0.00364518263574882,0.00397688014917292,0.000955308206565249,0.000830403005938928,0.0036286881324695,0.00438688352515542,0.00193266102695153,0.00401718839883512,0.000882118527241505,0.000905078094668344,0.000843050352370524,0.000966140723588079,0.000850598374545235,0.000854872893438422,0.0030841399642113,0.000886361367610483,0.00488618417098576,0.00392818862862008,0.00390656485983022,0.0039002472068292,0.00402850712578233,0.00400020836355846,0.00390388462831176,0.00405222841828504,0.000855366025973531,0.0040524629393229,0.0039124612950451,0.0010020686204564,0.000907272459548385,0.000989945897495943,0.000762651032613678,0.0039347951340664,0.000809822101174598,0.000970858960276731,0.000819519746471144,0.00411873558622253,0.000829292352622659,0.00513397191751875,0.0041475285781477,0.000802939204171055,0.00181310892947376,0.000852275515511015,0.000929124170566792,0.000897401214295798,0.0036851818159628,0.00420339258966497,0.00385947498381066,0.000825289865271473,0.00402535960280405,0.00112321244940563,0.000872130003257569,0.00749168254735397,0.00609079562464702,0.000989202692076926,0.000911629499459985,0.00637672463057866,0.000849600279092788,0.000810776866296601,0.00411397284616079,0.00102161772442186,0.0010993577180511,0.00106195255567309,0.000874866512669676,0.000956878472169545,0.0029273081107928,0.000918945064308279,0.000960187865096418,0.000945677761088412,0.00105050556342836,0.0038847242368287,0.00411815030081731,0.00112864755006658,0.00415551515454955,0.000885207045995713,0.000943368055763986,0.00314103515142004,0.00397037872400854,0.00102410423594828,0.00394743885274721,0.00088462387544204,0.00377524047663577,0.00396992621390969,0.000800421263664195,0.00080380322766964,0.000841727085542188,0.000776161099636558,0.00404682676080993,0.000927701799589252,0.000764020698146293,0.00096139858594465,0.000784997177965558,0.00179618844331071,0.00380234619826901,0.00089888994572875,0.00392205090056245,0.00105280796873159,0.00138271435093495,0.000953713691360767,0.000785977529089579,0.000776127816803381,0.00362934062828194,0.00102176806433753,0.00110717870247552,0.00408211518220471,0.000915964472681774,0.00178096068064007,0.000862776178723084,0.00410114485291875,0.000912769473539463,0.00086987145562445,0.5,0.000855793054123914,0.00844164736522524,0.00125209614863875,0.00545207689838581,0.00092348608821801,0.000854610797943223,0.00100451771336774,0.000961096932927843,0.0042296473147289
"DU0020",0.00123279628912473,0.00509375780046275,0.0059418277877943,0.00103139692591137,0.0016635129253525,0.000964109658725733,0.00123206086690783,0.00111537914206724,0.00108881958661061,0.00340636234782408,0.00115744689138165,0.00111830332145456,0.00106337977396021,0.00116309125543756,0.00106974506590308,0.00090705528511015,0.00343156137042602,0.000796660262245046,0.00458085921595494,0.00117183188612113,0.000956633978505281,0.00119858268986217,0.00517376017931748,0.00139884127467406,0.0018265515316666,0.00502979735450976,0.00106495879155034,0.00132747017588371,0.000872662851331557,0.00465662913224521,0.00232869621509887,0.00496172929380706,0.00099766091706778,0.00110311069648029,0.00111657237740525,0.00113421470915062,0.00117761145077505,0.00113705651586678,0.00530166743239395,0.00106983209815576,0.00142599415678848,0.000927207639101202,0.00570923951061855,0.00111419077210618,0.000904486933600528,0.00090603272308073,0.00546858047003976,0.00245638278664692,0.00402762160298826,0.000996259233364164,0.000941629582227477,0.000865711224989861,0.00136689297844407,0.0016808836656922,0.000906184625531548,0.00555872721594173,0.00120122020191576,0.0047669189951127,0.00145942418857958,0.00521396481780491,0.00113449343994117,0.000939428348136915,0.000933427303226611,0.00220984014213309,0.0021946280027662,0.00529926857689537,0.00454188568424017,0.000946911888398382,0.000867050544095712,0.000923250409582607,0.00164324229543151,0.00140204355745383,0.000830906297071645,0.00100486038784674,0.00207767374979898,0.00848303629103404,0.00341119349447189,0.00483699130134696,0.00531736679797156,0.00120893216701398,0.00111907301065405,0.00358690827149197,0.00343662220482684,0.000952812401464879,0.00126830846046543,0.00392192735573769,0.00589531755705951,0.00489675203177921,0.00143534339533527,0.00112963181256042,0.00125139434342578,0.00254314167952651,0.00116350232346614,0.000955749447055506,0.00112817090138633,0.00443799492301995,0.000942681006254502,0.000872564546523448,0.000915487382748271,0.00100117944578611,0.00111804323929304,0.000949048213372028,0.00329358074005212,0.000877987608479597,0.000992338034501007,0.000868995598471538,0.00490715125781522,0.0010339999287239,0.000899583658228202,0.00449174279362861,0.00112174771103165,0.00226897737854789,0.0054013168758119,0.000833741884454036,0.000914884379896775,0.00189520326993583,0.000978980576580884,0.000940955585130006,0.000984789691056278,0.00322141047013692,0.000929940373728241,0.00130743515070128,0.000884201091666095,0.00104217225905212,0.00337218868203795,0.001251353500989,0.00116224578344987,0.00118775724287289,0.00091157990409943,0.00160241762897869,0.00112222847918256,0.00481820580190999,0.000951538385984398,0.000997156938167264,0.00079251548836577,0.000934044420599322,0.00495870879607518,0.00607332881784395,0.0094367742731688,0.00565690209679399,0.0086756251578089,0.000883058002796629,0.00083000663193891,0.00429184797310626,0.00911714169030214,0.000920710240491784,0.000930590491509935,0.000928373653746619,0.000852145237428405,0.000842943979527388,0.00117496688523728,0.00503852128469858,0.00083622552153018,0.00480727854646748,0.00122720216227892,0.000852276166880813,0.000795247662831329,0.00112597024217519,0.00125729708559552,0.00466278514797345,0.00471757890337963,0.00139175942397746,0.00104740698871181,0.00568639774767529,0.00575815767932537,0.0012465592178671,0.00313792189542008,0.000809979912034187,0.000869857444677659,0.000830473207630292,0.00435374006665781,0.000929398948816001,0.000871366742231786,0.000876709896444998,0.00122999641010884,0.00107421400717441,0.00537145485263121,0.000923786920188925,0.000861935485522674,0.00469818967733879,0.00798982018751436,0.00507112571035969,0.00180246119801529,0.000910759737496819,0.00599939049767803,0.00647207003211592,0.000898711265044457,0.00115195594652074,0.00106211608045343,0.000908983230252417,0.00571876064307556,0.000860857155723496,0.000926126053018159,0.00121691721859053,0.00108751970329374,0.00508805195449856,0.0047769915916941,0.00155867667337048,0.0043244026686269,0.000785934422702121,0.000840929545433439,0.00167106285872042,0.00575657473432837,0.00165738332972211,0.000856094709239408,0.00131050909048725,0.00507215382849457,0.000855793054123914,0.5,0.000854338194839044,0.00414643835455998,0.00548851059703966,0.00122513377073783,0.00142357576664679,0.00098074063385764,0.000904501664416607,0.000846278700119189
"DU0023",0.00350974745608443,0.00332464541341148,0.000995959683883374,0.00360350057736019,0.00082302340549659,0.00344151837643591,0.000790061999180914,0.00100053992669619,0.000962630513160938,0.00338869107083664,0.000912539746160099,0.00356447532065245,0.00357720653083191,0.00342706960795042,0.00345635921878282,0.000969804342534284,0.00343082668187268,0.00470983921800798,0.00473493953941405,0.00356178795922399,0.00374616678094917,0.00359345085128469,0.00321754358993916,0.000867820407987161,0.000902847654359153,0.000770657178433959,0.000760600045065785,0.000806178415317282,0.00145733431883037,0.00334242025270247,0.0033963699780085,0.000910574577758884,0.00368383077132337,0.003419853126508,0.00344207275860237,0.00341925226046758,0.00692611948198386,0.000925540406475961,0.00082963156061248,0.00342169087367911,0.00108912315755693,0.00375806157800655,0.00101340821176611,0.00352305341207514,0.00650581227185291,0.00700358345109262,0.00372460435936306,0.000860405255646666,0.000947194061670097,0.00394680666747211,0.000990298249413976,0.00597148891202106,0.00376929332101822,0.00114878532191107,0.00480119247305856,0.000910732156526913,0.00349973581660501,0.000842884198850125,0.000857513476197334,0.0031698732018166,0.0044413288776617,0.000943358791123223,0.000976997049077809,0.000965240099601499,0.00343078779991041,0.00083976542899698,0.00101466629640486,0.00339171431453297,0.00582470934178752,0.000977902094607884,0.000862353884490326,0.00190955523128514,0.00395480186241948,0.00329745314216289,0.0013556074721511,0.00081555002718297,0.00338420362786303,0.00086827898048405,0.000929771678477659,0.000990500006925442,0.00344648586864661,0.00341214445822066,0.00338846393709858,0.00630965062624431,0.000682696809598534,0.00338718039318212,0.000969082451410073,0.000915065232061191,0.000884302933118874,0.000813292988747701,0.000911889583874845,0.000745200805169693,0.0009118306590236,0.000967345809695908,0.00361892227941726,0.00344259920329218,0.00295299483304416,0.00365865968903103,0.00435042154599348,0.00096525943910356,0.000839322513401297,0.00362149091264387,0.00435771368309564,0.00195249700433587,0.00398663615568973,0.000904135733924677,0.00091084863637742,0.000852901631947784,0.000975435060221824,0.000858041665785093,0.000857157868680433,0.00321054177029843,0.000885477314268715,0.00491527220054877,0.00389429754302044,0.00387799379871631,0.00387077461157415,0.00398886725419942,0.00397042588825525,0.00387690931550284,0.00401126797536972,0.000854648736697044,0.00402401847326843,0.0038917020285055,0.001075137104181,0.000909084210481013,0.000990150705101876,0.000773583734603666,0.00390776492254915,0.000825142202092424,0.000959196705883758,0.000821287073895889,0.00408789867947858,0.000837361521871733,0.006107142493037,0.00412156333324699,0.000810698247619177,0.00179210171968124,0.000850766758480186,0.000928302506762603,0.000898743527484515,0.00366671796833415,0.00417930065816018,0.00382477193513786,0.000814133543849568,0.00398478559383536,0.00109589985441637,0.000883618672635418,0.00750248063250827,0.00604212543294919,0.00110005592833274,0.000897267601956351,0.00640671590152977,0.000848061623415476,0.000815458697210119,0.00410933564418835,0.00116258012999865,0.00201155399238444,0.00106100238449172,0.000870876800529821,0.000950767524630102,0.00285432741660315,0.000922866488730006,0.000982457526306716,0.00093935902479927,0.00106955116088738,0.00385668579839976,0.00411405788424417,0.00116384533304915,0.00414765524167382,0.000883148209042138,0.000961063748175446,0.00339121144609022,0.00394291674590685,0.00103666954031396,0.00392859926974349,0.000872467939345942,0.00377045111119652,0.00394440969608487,0.000795851549917977,0.000781180172852555,0.00082766078517444,0.000780404875226939,0.00403045778961376,0.000917342771574861,0.000762435195889388,0.000972881071963619,0.000797443869425238,0.00172889696968364,0.00378402321937029,0.000894911817529333,0.00390760230362686,0.00185595874248915,0.00140675977935395,0.000963635833631484,0.000784141865778406,0.000774566261739184,0.00348482268633141,0.00104315211930418,0.00121875589034202,0.00407502375103407,0.000910497653364578,0.00175737931797273,0.000846685042397449,0.00407186116614639,0.000911275099093262,0.000882805349094811,0.00844164736522524,0.000854338194839044,0.5,0.00127790142569068,0.00577112454517332,0.000930770737553836,0.000860635635201956,0.00101972357084319,0.00097285865734673,0.0042131949266848
"DU0022",0.000927983036718335,0.00436969420134255,0.000992120311495126,0.000926219273856154,0.000779631981572555,0.00109402863904759,0.000912911875924166,0.0118520535678155,0.000869542867895349,0.00230461684095881,0.000983751550714099,0.00127574528199195,0.00123141092284647,0.000970260217050442,0.00107203579472897,0.00159188391020134,0.00332167417248516,0.00211699682015314,0.00133437222301035,0.0298554413015252,0.000944268768169726,0.0317695686485981,0.00438169702830315,0.00176385911846235,0.000662740684851565,0.0040569337749872,0.00092333684883527,0.00106138012577205,0.00201873510865305,0.00405626197655367,0.00232210555438074,0.00430760117313479,0.000939134858739956,0.00100447436446946,0.00119947408784326,0.00115903794200551,0.00139717946563131,0.00105117769961503,0.000808340181673661,0.00139141815184656,0.000951295953652198,0.00125735941844997,0.00103530020010358,0.0244972212345994,0.00146960834712134,0.00153165819562502,0.00142838366871243,0.00349610368095972,0.00377440040309772,0.00119759178631634,0.000753896366692171,0.00144960373286049,0.00249218032785392,0.00133125197252275,0.00125406918660603,0.00088276774538333,0.000750013118144384,0.000944565912486385,0.000941377811196844,0.00444836371621863,0.000925844568733291,0.000844347491448935,0.00083220739365,0.00227799449527614,0.00217065389088738,0.000873029193753559,0.00390312094031552,0.00110674444221279,0.0014615153457187,0.000815146792526575,0.00106440552822456,0.00116152392872469,0.00135823458318911,0.000832142668371016,0.0279628275814296,0.00366335763588224,0.00230333068462623,0.0040826132165237,0.000999643451284653,0.00113870337301637,0.00120246390922014,0.00245851821370379,0.00231659791067661,0.00103474252138686,0.000785100130161008,0.00414307523206877,0.000958714475466959,0.000814509177841755,0.000918957856418388,0.000851471510101012,0.000861010455690466,0.00207970053071366,0.00096718511715758,0.00208693107474805,0.000806251071626282,0.00381259139011266,0.00110553372433923,0.00102214066708276,0.00157271872883991,0.00101258514563268,0.000794195556509156,0.000989982521185931,0.00221097528463453,0.000940729399371637,0.00111261365224473,0.000771100698720484,0.00107108079073302,0.000879405894742023,0.000981991943542777,0.000773416571540284,0.0010910135214111,0.00200473880678954,0.00092406653184897,0.000971616685776476,0.000739689699515324,0.00110885196446158,0.000916932859529489,0.00105312471703877,0.00110367620525006,0.00285950793414397,0.000775155544053238,0.000869278859397394,0.000999471052395089,0.000876786651059895,0.0154033767185238,0.000944902926502748,0.0010617357077292,0.000810346496933232,0.000959962053729054,0.000843216924955755,0.000918810078375759,0.000811733995623228,0.000740356325030335,0.000772721879649643,0.00127869762068835,0.000730190872747256,0.00417506363474041,0.000779449548037039,0.00417310065159373,0.000917740418438868,0.00430855648044349,0.000727751685963308,0.000850172653338489,0.00368187721534671,0.00424469060446884,0.000948570322892371,0.000717567010933632,0.000768313242707593,0.00122155760460289,0.000934219408590838,0.0133697314792766,0.000917963700504393,0.000915509661197214,0.00387230591236243,0.000751225124372409,0.000862219700602756,0.00355632142693888,0.00129037362790555,0.00127360723568555,0.00101594216221063,0.00124674572664005,0.000901665399574446,0.00104484297926166,0.000788443358586128,0.000974133894153053,0.00101223602463115,0.00210313512658886,0.000907082920172574,0.0012251833701842,0.000830021520002993,0.00415429463112286,0.000803111957982074,0.00138790789937425,0.000970773825060464,0.00122795965120894,0.000831315883560338,0.000940996818810118,0.000944775582982103,0.000742107654360974,0.000861496166725503,0.00390401353625906,0.00105132885172253,0.0010290809805722,0.00080727403757057,0.00109889409284911,0.00410852449117604,0.00098992125041122,0.000868646414643807,0.000888998361299831,0.000767847473549694,0.000786114686103215,0.000703078953045573,0.00721373741509188,0.0311747953196818,0.000786270729904058,0.000880658900150546,0.00380116729526424,0.000958307194025562,0.000929233488768304,0.00257388809490133,0.00073803834433395,0.000955555731059455,0.000845246369947097,0.000853772444729309,0.000925447751352356,0.00095354958456188,0.00427956040664376,0.00125209614863875,0.00414643835455998,0.00127790142569068,0.5,0.00135984341672861,0.000836976960854198,0.000935117836471263,0.000949230330079013,0.000998284420383623,0.00111686875453248
"DU0029",0.00136696171325763,0.00122629555408519,0.0056762695977901,0.00124339054600901,0.0015311376988096,0.00114642428888796,0.0013899262043213,0.00105311262920878,0.00133153860024974,0.00104765801679258,0.001394537732315,0.00102922212613094,0.00102525769362979,0.00124011220537983,0.00104275626201811,0.000804000622169967,0.00104583437565095,0.00465365452353353,0.00572360830812183,0.00345482442199326,0.00119458606009125,0.00233120175720873,0.00123186814032121,0.00124179126741791,0.00168423987349791,0.00161391560783312,0.00130003909205554,0.00159419457959999,0.00162270182319265,0.00221358309374715,0.00102584525379172,0.00141848144840641,0.00237888811914978,0.00113707471944374,0.00104438271647093,0.00107768252245019,0.00905781147314905,0.00135775861920795,0.0048877611439712,0.0039317069561452,0.00139735623784299,0.0012087880310321,0.00523458401981163,0.00351532860063245,0.00404050232116926,0.00472064862517078,0.00777234511533071,0.00111166653347496,0.00109646880326713,0.00122732811310173,0.00110307141435667,0.00238424494369402,0.00122423851647116,0.00740462203469474,0.00249471512139563,0.00373683539515978,0.0013982476990843,0.00558406023999053,0.0016918348966372,0.00122048082567648,0.00244258626935243,0.00105678903297075,0.0010341205763665,0.00121610748161299,0.0010432460331764,0.00479289231079258,0.00121921399824853,0.00114545744525497,0.00215871023611188,0.00108535091222404,0.00132437736506401,0.00135950239146449,0.00228104773700177,0.00116391298024272,0.00123880233004807,0.00629461188965446,0.00105165439633069,0.00163890942037102,0.0047332417771329,0.00124462346348259,0.0010454648000185,0.00107657059722849,0.00105440823873848,0.00432390989609768,0.00148818800257762,0.00125820860632765,0.00527315494137015,0.00570783805923883,0.00129040259975875,0.0013318348148116,0.00152690069039728,0.00144649521327763,0.001501271412249,0.000802126158116204,0.0012608809045167,0.00122380407448984,0.00201948869712103,0.00114141511858643,0.00404274567039644,0.00112344308593883,0.00108331659563298,0.00115547141244074,0.00102187661611458,0.00215469800803292,0.000864373279255434,0.00100565580247526,0.00315686671175233,0.0010596166082548,0.00106332699118955,0.00530338485188931,0.00141625525596221,0.00258812383418295,0.00498008249760787,0.00108787545021379,0.00104515148373217,0.000906585596786322,0.000955632331478675,0.000859640113570313,0.000862610024867092,0.000982931690379413,0.00190977647195761,0.00147461447814269,0.00100149942425658,0.00106413102512995,0.00107041100850352,0.00124735711627374,0.00145535925443619,0.00141611081187442,0.00103749518910543,0.00480632443030503,0.00106643718410803,0.0019007059101236,0.00102679989119532,0.00103541842023763,0.00211969325243044,0.00100632729878382,0.00142496641623765,0.00574295330312093,0.00528975729908869,0.00515124686449854,0.00508528767414125,0.00097464595358643,0.00103648766289517,0.00105780852631708,0.00577248494976103,0.000870832984675277,0.00143014232471614,0.00102799171147615,0.0048209314979613,0.00352261240841373,0.00109630404168065,0.00319941406517597,0.00367069597557053,0.00137348679094059,0.00115463356552589,0.00103244588981704,0.00121964503452915,0.00240170826608018,0.00123334523728465,0.00537084160861068,0.0052708157076497,0.00406840813847051,0.00110337176953295,0.00529921686273299,0.00526362093430147,0.00155958411855817,0.000919892350221971,0.000976643402980133,0.00105254809030406,0.00100872450159791,0.00111735554961361,0.00102149015174058,0.00123776976513613,0.000975239201104169,0.0012262925756812,0.00112155189532249,0.00620461664209654,0.00424763773520049,0.000981513270666325,0.00544636760882571,0.00562780876257155,0.00576870262549516,0.0043800557822248,0.00107505866531307,0.00714456222009736,0.00474031728275982,0.00104122963349258,0.00129173557500153,0.00215475662729358,0.000993598343098315,0.00529568405955492,0.00100567859560054,0.0010824260875414,0.0013977579214458,0.0012079033762615,0.00586862262037242,0.00158639715165446,0.0044268307223546,0.00172386268317021,0.00133271623229544,0.000986341747849799,0.00157284823991335,0.00645871621997118,0.00331780683426877,0.00101765562356902,0.0011387526519835,0.00142369944731681,0.00545207689838581,0.00548851059703966,0.00577112454517332,0.00135984341672861,0.5,0.00145830222390748,0.00313627892458427,0.00118092270134202,0.00104200694964271,0.00101144692276701
"TT0053",0.00104581569183802,0.00119721010883592,0.00138486886964068,0.00489170159740104,0.00397236772120479,0.00458788489340835,0.00743347790173156,0.000965326666841097,0.00614226581556247,0.000968362764915705,0.00694537134929244,0.000962936557444955,0.000965883011968108,0.000966759107385229,0.000939488712006561,0.000757422905604774,0.00102572902302985,0.000855050444415242,0.00117370139029877,0.000806283286843332,0.00121333487108801,0.000812063779356515,0.00124117001017829,0.00516394851286556,0.00113473092393033,0.00573861893770919,0.00643003534998499,0.00593727745041035,0.000802320239284746,0.00121824021877123,0.00101093171625805,0.00571134529729381,0.00106846580457031,0.000943116734669402,0.000921280911957175,0.000889122389980755,0.00577372243030678,0.00653407166814174,0.00275757278111772,0.0073027712765491,0.0052849521216643,0.00124817044397616,0.00205455248752142,0.000794889801024302,0.00115555452803034,0.00106623549695113,0.00119131105748162,0.00115351354470978,0.00104233302081111,0.0051133701911136,0.00108977859080716,0.00118307341535245,0.00112658103719062,0.00532671257768385,0.0039077071224341,0.00112127446586095,0.00105845036110412,0.00445652158326186,0.00594264338531445,0.00122666238396317,0.00111147237097395,0.00127096313402331,0.00116746217730878,0.00107561161444272,0.000922998478916316,0.00130561311768095,0.00108274157317141,0.00209319997669781,0.00208547642606753,0.00125022375803162,0.0038662841997816,0.00234646770709214,0.00104441393961343,0.00127754708657868,0.000697367981976489,0.00147463607446105,0.000966235041210887,0.00161521729785148,0.00109327488773928,0.00669649733307043,0.000923038556327749,0.00100579447555693,0.000969129815756372,0.00109963548236311,0.00589339371083412,0.00118573776031844,0.00128851220295681,0.00171120009287739,0.00102190961486155,0.00995749517550657,0.00740866924226112,0.00680100753223611,0.00618943115564171,0.000726940261992321,0.000966281219984136,0.00112346849991493,0.00105054657094088,0.002045920551468,0.00107314784378877,0.00113140033826228,0.00128299342922992,0.00213045950374414,0.000961153013120233,0.00114317724640057,0.000820305316561379,0.00126398807016669,0.00141023189576168,0.0012771044524067,0.00197421407180959,0.00445408317938913,0.00690535664584867,0.00124880443985443,0.00236529147210884,0.000998411491491254,0.0010833309810664,0.000815268403610352,0.00081083865250442,0.0008203001726167,0.000816874905099406,0.00111390407974486,0.00105757332202257,0.00580395865863733,0.00117733539627794,0.00082874129588723,0.000778476573009314,0.00209118224801267,0.00622695768775094,0.0058627152624213,0.00168709504037112,0.00556513119253273,0.00121647179119715,0.00147392460537901,0.00218137302261279,0.00132106562100473,0.000948256866759309,0.00988497764804884,0.00584309876693113,0.00134064194806351,0.00121135565501402,0.00111389689869585,0.00109227071236509,0.00114994426420785,0.00116049587623266,0.0010202451252004,0.00147167937736771,0.000830129531183786,0.00116665972817898,0.00123074446973274,0.000982572422947043,0.000998812928144633,0.000933337516997685,0.00131252977436994,0.000974904186338732,0.00119551655015394,0.00132575337695045,0.00106100230267448,0.0009668640834251,0.00630125911835331,0.00560857242309972,0.00169659175578466,0.00154643303713807,0.00599078931354383,0.00136220153116618,0.00193929623329469,0.000992700392085969,0.00593371128247371,0.000870671151501743,0.00105598827322331,0.00112875592345722,0.00165303497893292,0.00113723566001758,0.00124559214972192,0.000991908905420488,0.0032579157605192,0.00589433568858545,0.000874444032928722,0.00152118274555921,0.00157111837508071,0.00109341427303974,0.0018032185395736,0.00169731199050446,0.00221083418765301,0.0034284217432833,0.000929768885632086,0.00140375062580394,0.00487107875938409,0.00195929377337301,0.00596844755901939,0.00109441640456403,0.00106606366340393,0.00737248569210265,0.00174070829194639,0.000929660396508501,0.000924564171814576,0.00101983670715091,0.00232064302626423,0.00608316752776511,0.0012405729488994,0.00127960636385929,0.00100135112784645,0.00117223877173171,0.00138190688929672,0.00130962146627623,0.00672228941961406,0.00172547941724228,0.000960973210853283,0.0057209637586276,0.00092348608821801,0.00122513377073783,0.000930770737553836,0.000836976960854198,0.00145830222390748,0.5,0.00572916826366866,0.00121666685713434,0.00180423278219426,0.00101937145550907
"TT0052",0.00110323910988333,0.0010450657901059,0.0045002282059832,0.00365912644772519,0.00130576979412512,0.00351879839853759,0.0048120060053917,0.000952243941442264,0.0034604754065889,0.000827352704383542,0.00737565005865146,0.000834082846170599,0.000835400185224812,0.000970485965084137,0.000871257182585638,0.000695409815898501,0.000898718334949069,0.000908397156511579,0.0011410203005823,0.000951457486533633,0.00109567753132179,0.00095756986955156,0.00106641805819519,0.00222510713855422,0.00109609703381303,0.00546758929438654,0.00487662939727382,0.00811678200275419,0.000831748323738094,0.00104067658751814,0.000851354753235429,0.00310037290342542,0.00099300199503289,0.000921276716701244,0.000863005866108961,0.000847302446835901,0.00320892022941097,0.0049212841007101,0.00143389885882635,0.00697687647968906,0.00112754876596163,0.00110495427511748,0.00138960728323757,0.000872653616146308,0.00103492025296396,0.00094558906550336,0.00131463019811871,0.00107322628266177,0.00107094653466873,0.0011259531427893,0.00116010900975818,0.0010135625202396,0.00101690301951512,0.00686384262085443,0.00352295802391619,0.00130647497320868,0.00108804890449062,0.0052267612549634,0.00555795181317523,0.00105239621014297,0.00109928523097097,0.00125146489109198,0.00115926971515066,0.00111121120694318,0.000815850720927427,0.00128364137069048,0.00103027756406021,0.00378562093977553,0.00101415753984149,0.00131751260533818,0.00116377335958846,0.00111461720665808,0.00105634645023603,0.00111145110794061,0.000805648812066215,0.00311925748718004,0.000825422778896485,0.00156036871904215,0.00118656626635761,0.00513089921836909,0.000864674661976295,0.000878068883086696,0.000827479386139498,0.000980564939245843,0.00554916950344245,0.00103134633083014,0.00133837986064417,0.00501062790116,0.00105973865086633,0.00511300032605839,0.00684893925735059,0.00544340731676488,0.0076917926187054,0.000665836114240997,0.000944659884304864,0.00100048003048529,0.0020763314495013,0.001107503580276,0.00106440092581761,0.00224044495499077,0.00115150904237521,0.00349610802799134,0.000829861250036794,0.00357282896562008,0.000701935151387942,0.001246656829578,0.00141385528044998,0.0011870657890479,0.00358215238504499,0.00512630044293986,0.00774071066022449,0.00111559787594947,0.00365262604833027,0.00289964279658371,0.000987635132747826,0.000711408819047929,0.000754971213897611,0.00069874954857183,0.000695893244966649,0.000928835095385012,0.000967630623412441,0.00574326836389651,0.00316655059263803,0.000819300494850523,0.000770147139787955,0.00382381201065595,0.00668646057598717,0.00514659080832311,0.00326159392110111,0.00595470289783693,0.00330805535985182,0.00222030551917679,0.000955972188391907,0.00120278558221288,0.000823073594071786,0.00100373116411728,0.00489309487887893,0.00418528336818078,0.00139267450871021,0.00129908868391283,0.00127201484110913,0.00098301606570197,0.00102223737712735,0.000882135264072721,0.00283259900776838,0.000725811085798058,0.00134161684527603,0.00119196039656973,0.00091484307275672,0.00294740697461081,0.000969146056908624,0.00123547154685062,0.000893436939212844,0.0010240833764787,0.00116027360842004,0.000937283507813584,0.000922759792565959,0.0076421384656166,0.0029562996944498,0.00483976354253274,0.00464202479552844,0.00782252451355679,0.00343093159855531,0.00348445326039067,0.00126926135127446,0.0032963025135869,0.000730431877502101,0.000926481045709771,0.00115408332998704,0.000920101735273195,0.00109249098674739,0.00125842766269591,0.00104296354501227,0.00199965964663157,0.00319131748916906,0.000890985800174512,0.00468228205927045,0.00301408479848792,0.000960619367831387,0.00460421347587184,0.00473966824423261,0.0048489711734505,0.00493455407026189,0.000890235439002891,0.00387211338540277,0.00528896636613009,0.00133903330514739,0.00477791461498818,0.00225584242749917,0.000916266840047939,0.00259232290365023,0.00186058437887814,0.000851848746172372,0.00321776044622233,0.00110767571105399,0.00456967610422852,0.00545181277113912,0.00320451972676107,0.00118889721947655,0.000931556771768822,0.00327921503930236,0.00380480401937713,0.00356037965044804,0.00630837231033275,0.00345630409534487,0.000972505315851488,0.00314383619265799,0.000854610797943223,0.00142357576664679,0.000860635635201956,0.000935117836471263,0.00313627892458427,0.00572916826366866,0.5,0.00235281870178869,0.00340742095150611,0.000898577023954753
"AL0003",0.000816566558300645,0.000885067341658733,0.00375644689116214,0.00590793784853914,0.00182675049732909,0.00147938449870972,0.00229384708159072,0.00158212186498623,0.00128965477731141,0.000630224267579388,0.00127276005220876,0.000639321067106401,0.000635427243163958,0.000701335587612318,0.000654959938397891,0.000510942502846622,0.00070934263426656,0.00386712270251604,0.00140880370769085,0.00122429842204403,0.00100924181364031,0.00118003488804082,0.000905556176671772,0.00413668025422656,0.00133542426391551,0.00095071322566517,0.00504630250085705,0.00142377391218066,0.00175666302517921,0.000936557971305468,0.00062212024809397,0.000957995155166039,0.000731064515961592,0.000679402026605023,0.000624820347691333,0.000637012500343409,0.00125171453949612,0.00132996350680559,0.00141346011842183,0.00106740811776161,0.00210097655510337,0.00106550999592791,0.00128671584679083,0.00101459996482753,0.00114241017746641,0.00113461543106657,0.00121324119115884,0.00595099500390938,0.0102306877372744,0.00122178713063737,0.00779684343790274,0.00111659670099661,0.00222735024871866,0.000961478251257502,0.00205038114719782,0.00098966277749816,0.000807164729423441,0.000910909017739019,0.000897178490974275,0.000861096479455409,0.000801049660285694,0.00967683829458395,0.00998860899436285,0.00538213518246057,0.000619649517737782,0.00150544377418956,0.00487134463773076,0.00245555300032839,0.0010138446798948,0.010803955666337,0.00178767609354848,0.00248772252883849,0.00984190946752214,0.00133119528420536,0.000759338973529294,0.0019596473847597,0.000629499745208279,0.00111573918701601,0.000853672086112869,0.00083741633412105,0.00062602956475635,0.000705220718931114,0.000630961581021155,0.000897852453709501,0.00122036413419478,0.00110992896205976,0.00107304390385439,0.000932262353587545,0.00248299314923674,0.00134325070590286,0.00387195924421189,0.00135821196068381,0.00221481529052161,0.000504563571393196,0.000757731707721118,0.00094538313800858,0.0108377289618532,0.000965266560789597,0.00559088315467503,0.0107437625160122,0.00326951948812104,0.001008687175545,0.000587331613593529,0.0106866377126028,0.000583340510001962,0.00933572336585367,0.00159572175507732,0.00454576382410068,0.0103991934269407,0.000903047506227725,0.00129736332369582,0.00280719079697832,0.00147399891292987,0.000882166270358904,0.000899159781633087,0.000524497727429974,0.000537918024792201,0.000526522011596911,0.000535227276137285,0.000774786296741054,0.000906698644701664,0.000973980727930452,0.00116437903444181,0.000598371564153932,0.00114408596243469,0.00344944497099441,0.00126868925819213,0.00141797231754818,0.00328499973322809,0.00132177041008315,0.00394351543875324,0.0019854002155028,0.000994157321389224,0.00438851267095057,0.000787682336137489,0.00106958257926824,0.000980495297169654,0.00404289418249198,0.000977759518826548,0.000999461514778355,0.000989106949398852,0.0011532486565442,0.0010043583412693,0.000790402340041417,0.000957410311486822,0.000543249956241759,0.00179918930946389,0.00796659305459853,0.000915099588498425,0.00114176574216944,0.0048261167518813,0.00272908278655542,0.000776235164066602,0.00205014868009287,0.00274790306041559,0.000909365360789517,0.00561788890636633,0.00208714595080843,0.000761540784574524,0.000872731309931542,0.000743475812583602,0.00246752590330429,0.00576967821601217,0.00213944422901097,0.000824943000073185,0.000943822689931907,0.000528183975539039,0.000880167474400837,0.0102470000792632,0.000771764293748157,0.00551393023199877,0.0093482946529373,0.0100902509782823,0.00212298773478062,0.000815662332410505,0.000659238399874214,0.000932926322333701,0.00873917418657761,0.000936834307499111,0.00138041248827815,0.00100218838667021,0.000830212680122953,0.00113885340024189,0.000689926507630696,0.00207438809338011,0.000933633978849526,0.00998390011331769,0.00143629928800262,0.00199207125006375,0.00113432614154993,0.00395474102609477,0.00109475400646368,0.0016943153913095,0.00125113844220971,0.00589387795823395,0.00135923998321912,0.00107325269543812,0.00146901307696733,0.00144173236838644,0.00283023276968542,0.00315016402266113,0.00187841799380901,0.00236439335844232,0.00204434492436913,0.00101078909419659,0.00250624546366569,0.000967052970815112,0.00100451771336774,0.00098074063385764,0.00101972357084319,0.000949230330079013,0.00118092270134202,0.00121666685713434,0.00235281870178869,0.5,0.00933273835483519,0.000776808900413257
"AL0002",0.000851831839007876,0.00089078360107418,0.00372001481689434,0.00154209983584516,0.00406396251794518,0.00410783343976503,0.00337171727444267,0.00312672926646651,0.00123029171845808,0.000675495410590096,0.00345031197830625,0.00068510094558327,0.000682068786062874,0.000747955305245447,0.000704561602112612,0.000442451598702674,0.00072578833348533,0.001067904260403,0.00139989366515794,0.00123572665575587,0.00101550844354682,0.00119746068507152,0.000903142020176088,0.0042236058201534,0.00141885795944083,0.000931477179009728,0.00157536645673381,0.00378790440511662,0.000844653869841573,0.000922102626821153,0.000660160626895779,0.000929303721620541,0.000787131420197598,0.000728047315239714,0.000678170934783234,0.000689361987995379,0.00117126185270323,0.00230696605120642,0.00139828173580517,0.00102395008341395,0.00227942154453816,0.00109721959652314,0.00128968519918927,0.000991579761473757,0.00113391344350581,0.00111129250256909,0.0011654987328043,0.00518527280648009,0.00752794267681274,0.00125968176093662,0.00795608624801716,0.00110615691864751,0.00102659752020707,0.000942471267891778,0.00112290181968107,0.000989805727857733,0.000841099702892077,0.000844222002775844,0.000907026689572303,0.000866640334682909,0.000833727887038881,0.00930391625032139,0.00824321772440586,0.00563750532544319,0.000672261565201123,0.00148485870597135,0.00494556988468716,0.00424244037615112,0.00101088175153991,0.00980893538450907,0.00183193539244154,0.00266522709956737,0.0082176064564016,0.00136148382197475,0.000831711364613739,0.000971771498691007,0.000673818530048226,0.000952812347763039,0.000862653442424983,0.000842011019921829,0.000679470798310096,0.000720291291347927,0.000675256160672285,0.000892021542192589,0.00121264048308984,0.0010889750337626,0.00107728685217437,0.000863835085597984,0.00351502965564755,0.00131514900531603,0.00140797028074399,0.00123995904916697,0.00224764954514861,0.000429597472134762,0.000794713754215156,0.00195638613657046,0.00904073341424551,0.00101032106948259,0.00581554418976194,0.00985669368363066,0.00433917753760502,0.00105187865556047,0.000627820458709597,0.0110855486258312,0.000608242563514123,0.00922164161781565,0.00416739299413009,0.00487530914483542,0.0112392420365758,0.000849160399926004,0.00348805996649,0.00172278460228588,0.00383879417416686,0.000843675341991043,0.000933917579702297,0.000570574120376969,0.000585188467635724,0.000570446062896812,0.000576755493514353,0.000800415778746509,0.000936623371803752,0.000982127173201351,0.00379083436110007,0.000641456959554735,0.000959214799918821,0.00506331015372886,0.00369623546509985,0.00143004423099566,0.00367107336288775,0.00117844478756177,0.00417974874316486,0.00282539973187491,0.00102038730680929,0.0046919021588523,0.000796567987698211,0.00194269826614051,0.000942572510969128,0.00264580421726768,0.000923700299960491,0.00101129568121934,0.00087872831367457,0.00118622331832345,0.000951728035288254,0.000774804417590562,0.00086569753985992,0.000584238430003863,0.00181677355248369,0.00788898436920178,0.00091032221818074,0.00312340517934869,0.00216865982938849,0.00281098014027335,0.000795605790553399,0.0022110591820753,0.00293648638033415,0.000926234617415519,0.00120284202233418,0.00112021260869535,0.000766015061127245,0.000785761668210417,0.000692398713218119,0.00370513738686702,0.00766342808289506,0.00213469033617135,0.000809619270754656,0.000923117002375859,0.000564342444036614,0.000912469734279438,0.00851634712416585,0.000803776206634012,0.00574394998954684,0.00949281647698933,0.0086235400820642,0.00356897531557939,0.000806485381010915,0.000700654058768914,0.000861175403879292,0.00902645068978712,0.00096362392482211,0.00132154336777161,0.000888048433139101,0.000783379084339505,0.001002288482722,0.000721227798303683,0.000882300690007799,0.000880962205248252,0.0107074531593942,0.00143245547147053,0.00201399028833251,0.00120172977156079,0.00161826754632872,0.00309351897631466,0.0011949817064875,0.0032904459444022,0.00616982839850158,0.00131830953488725,0.00102619173309186,0.0015619591758438,0.00149553938127535,0.00125649187923958,0.000914231163336506,0.00444150905350256,0.00150404534257538,0.00103330818419799,0.00330309244240276,0.00353703482739454,0.000934416779687921,0.000961096932927843,0.000904501664416607,0.00097285865734673,0.000998284420383623,0.00104200694964271,0.00180423278219426,0.00340742095150611,0.00933273835483519,0.5,0.000808507232917655
"AL0004",0.00492021854756777,0.00349295228439106,0.000885385879814996,0.00374796854368422,0.000733423766757606,0.0035522988088007,0.000861364611719521,0.000841646272202314,0.00288953226050101,0.00358564783371544,0.00104733887882342,0.00378079350771854,0.00378228674922688,0.00370478764626407,0.00368540156665619,0.00101612910922499,0.0036236651951737,0.00126472220174086,0.00104669533423096,0.00202896987720987,0.00722062867447648,0.00308042368154207,0.00337618675766342,0.000832844440950688,0.00103655261196604,0.000869935479137152,0.000805623564816632,0.000913827015160963,0.00306121166972419,0.00342731118528156,0.00359141664505166,0.000941768996107116,0.00388801840637989,0.00466124892770935,0.0036803424078072,0.00363551346777954,0.00109891634669307,0.00196312384062174,0.000795016770481589,0.00117837884861389,0.00323050437661311,0.00637857632358156,0.00334871606752608,0.00215999727191897,0.00374939437484361,0.00386092989777092,0.00106263252388937,0.00075840420425155,0.000799366721903613,0.0041549100677256,0.00343923570724476,0.0048884426038394,0.00390345305868353,0.00110251123001457,0.00386753432337271,0.00101522101414011,0.00384535526626258,0.00103368572362948,0.00199042985705217,0.00332557073784965,0.00382758319806102,0.000757993384519712,0.000814313169687716,0.00075953558458699,0.0036434419181946,0.000762031011741312,0.000724580550789933,0.0035134632408867,0.00630528795095529,0.00079604306145906,0.000728284597774971,0.00110939592469035,0.00107034568353581,0.00342068217205106,0.00123336939940785,0.000800433059959393,0.0035798410348183,0.000758878141360267,0.000943854277251255,0.00109252394115501,0.00368601115406649,0.0036039010536471,0.00358429844904176,0.0039236318215705,0.000861357068314146,0.00354168491990225,0.000989398225877109,0.00366259730946596,0.000982852987620276,0.000848973768622005,0.000925696869273846,0.000788948531297581,0.00198000494303911,0.0010108852877754,0.0038459093996034,0.0036100248776583,0.000842086039846424,0.00677205965489576,0.00095881915191329,0.000753060568392382,0.00077736941217131,0.00666952793213423,0.00458934596696507,0.00083460061599746,0.00421355078649637,0.000784280962096254,0.000847814254639491,0.000772468602523793,0.000784568851087964,0.00334006984678254,0.00088238287264187,0.000721706563395741,0.000847320715734759,0.00638533386379217,0.00406748569035487,0.00410757964412877,0.00410561497690559,0.00421903105658377,0.00419767910849336,0.00407255894707513,0.00413607425877796,0.000991626742619396,0.00419761053791121,0.00416965038126001,0.000949096196151764,0.000802065458214116,0.0022310126679107,0.000819199001331336,0.00403605359168521,0.00188165673489404,0.00195139415835467,0.000778437191280347,0.00434928460854265,0.000771419904569969,0.00671413994803234,0.00437080146297357,0.000825538837028168,0.000822153400115682,0.000838845980807913,0.00102573886715372,0.000813550109157219,0.00381979830515328,0.00450661278760889,0.00400026053528518,0.000815434643519786,0.00422385294863392,0.00161404330153624,0.000771191830508929,0.00430399015014474,0.00403393878640746,0.000944211050547117,0.000754864775380007,0.00523995646637274,0.000823322878761615,0.000780027906020506,0.00666767931799888,0.000979141824386524,0.00218196318459675,0.0011354140530379,0.00100811875996448,0.00105235476923295,0.000811752356543476,0.000786328256142325,0.00204467792324987,0.000965651264139442,0.00235132424843202,0.00406343818991129,0.00664054116087506,0.00338322549002354,0.00725324899589046,0.000791042862990627,0.000919436225231199,0.00106635221353846,0.00408459121679493,0.00109824260301906,0.00515227312409275,0.00103406426024137,0.0008231597080229,0.00418939451318958,0.000788898412294146,0.000795906696334179,0.000967027315651366,0.00188766548202507,0.0065579435509929,0.000984709488016892,0.000818778261230762,0.00078716583690157,0.000796081694461948,0.000847152884598204,0.00394585082397102,0.000798868876843768,0.00411767732630066,0.0010873157373063,0.0012409176915439,0.00196196415922008,0.00078157762028986,0.000833918541200292,0.001061252624313,0.00334261002981169,0.00102896836440166,0.00446585148135761,0.000848668443440057,0.00073911558295199,0.00098735498828331,0.00433351391823395,0.000968484597703907,0.000907668397246811,0.0042296473147289,0.000846278700119189,0.0042131949266848,0.00111686875453248,0.00101144692276701,0.00101937145550907,0.000898577023954753,0.000776808900413257,0.000808507232917655,0.5
