"","DU0098","DU0099","TT0040","TT0041","TT0046","TT0047","TT0044","TT0045","KL0014","DU0091","TT0048","DU0093","DU0094","DU0095","DU0096","DU0097","DU0010","DU0011","DU0012","DU0013","DU0014","DU0015","DU0016","DU0017","DU0018","DU0019","KL0006","KL0005","KL0004","DU0087","DU0085","DU0084","DU0083","DU0082","DU0081","DU0080","DU0088","TT0050","KL0009","KL0008","TT0055","TT0054","TT0057","TT0056","KL0003","KL0002","KL0001","CH0050","CH0051","CH0052","CH0053","TT0042","DU0009","DU0008","DU0007","DU0006","DU0005","DU0004","DU0003","DU0002","DU0001","CH0010","CH0012","CH0013","DU0090","CH0049","CH0043","CH0041","CH0040","CH0047","CH0046","TT0062","CH0044","DU0100","DU0078","TT0049","DU0072","DU0073","DU0070","DU0071","DU0076","DU0077","DU0074","DU0075","KL0012","DU0038","SG0009","SG0001","SG0002","SG0003","SG0004","SG0006","SG0007","DU0069","DU0068","DU0039","CH0038","CH0039","CH0036","CH0037","CH0034","CH0035","DU0065","CH0033","DU0067","CH0031","TT0034","CH0024","CH0027","SG0017","TT0043","SG0012","SG0010","SG0018","DU0054","DU0055","DU0056","DU0057","DU0050","DU0051","DU0052","DU0053","DU0028","DU0058","DU0059","CH0028","TT0008","TT0009","TT0006","TT0007","TT0004","TT0005","CH0021","CH0020","CH0023","TT0001","TT0058","DU0043","DU0042","DU0041","DU0040","DU0047","DU0046","DU0045","DU0044","DU0049","DU0048","CH0019","TT0019","TT0018","TT0015","TT0014","TT0017","TT0016","CH0014","CH0015","CH0016","TT0012","DU0061","DU0060","DU0063","KL0010","CH0002","TT0059","DU0062","SG0013","DU0064","TT0061","CH0006","CH0005","CH0004","CH0003","CH0030","CH0001","DU0066","DU0036","DU0037","DU0034","DU0035","DU0032","DU0033","DU0030","DU0031","TT0020","TT0021","TT0022","TT0023","TT0024","TT0025","TT0026","TT0027","TT0063","TT0028","TT0029","TT0037","TT0036","TT0035","DU0079","TT0033","TT0032","TT0030","TT0039","TT0038","DU0025","DU0024","DU0027","DU0026","DU0021","DU0020","DU0023","DU0022","DU0029","TT0053","TT0052","AL0003","AL0002","AL0004"
"DU0098",0.5,0.00305714299137598,0.00175120830913829,0.00337628839056383,0.00148205495800455,0.00339538720121712,0.00164906557925996,0.00134520686975291,0.00124790858559329,0.0037424391678644,0.00172543104799664,0.00354267678332328,0.00353539653725381,0.00393877692462308,0.00372157499838684,0.00207558215408933,0.00347769168963834,0.00135653236104851,0.00162603309564489,0.00160973891844354,0.0036752416776815,0.00144883959157916,0.00309146488225058,0.00143773168961629,0.00212221576391339,0.00162722866422744,0.00121508060377217,0.00172895357074233,0.00224387651154491,0.00307410179640303,0.00360165706561482,0.00143330575482129,0.00365323082316117,0.00369185695707109,0.00384844168259871,0.00372024473077061,0.00130566540815046,0.00166856620606158,0.00127619132704701,0.00179812112150087,0.00168717201319086,0.00344847120002559,0.00171645055621722,0.00177474409945708,0.00332005932502543,0.00306370228511215,0.00128676379915883,0.00124052699024891,0.00126812750369466,0.00314666970347723,0.00203885442314999,0.00340325963714853,0.00304527545413023,0.00182040827905109,0.00342072526615868,0.00235835185238602,0.00410359853317621,0.00231922449284922,0.00257896804538016,0.00309526254088518,0.00382690363383119,0.00121212324296591,0.00163087789757237,0.00138022709277276,0.00379168020621123,0.00130001302969361,0.00120587049241285,0.00343391647551023,0.00346515784440756,0.00158411651641458,0.00165217921276975,0.00155897206443157,0.00123619971981034,0.0031092359368318,0.00203756776490688,0.00144327804665711,0.00374046565877976,0.00164959151096943,0.00203434488450415,0.00175242798932261,0.00384728847085094,0.00350877003449254,0.00373074657001488,0.00319878860802319,0.00112919045536159,0.00313194545878302,0.00184111891072416,0.00215966343411912,0.00228336179835011,0.00159958436714832,0.00124951172021801,0.00125916575388224,0.00169725318638846,0.00202946951938506,0.0036800277385832,0.0033824655449771,0.00135850767631161,0.0036401141265754,0.00133078089702199,0.00134681015165259,0.00125692105546028,0.00370940930558315,0.00353968509009234,0.0015965477621069,0.00358552478497202,0.00151978230897988,0.00161495909011752,0.00117956290151315,0.00163583363597112,0.00215870609919414,0.00187417587976875,0.00131512440481102,0.00168885990573031,0.00349356124792389,0.00348660383024319,0.00380306026450029,0.00377595585783884,0.00360602888500147,0.0036185294767488,0.00315405359007215,0.00337305072689894,0.0017312390265028,0.00353487685385435,0.00398982641445544,0.00172920251107911,0.0017417900308365,0.00194528086673227,0.00128720124256048,0.00340177185297812,0.00178483905486656,0.00185507276210192,0.00157973103994945,0.00321243360695144,0.00113256265539402,0.00360611006203965,0.00337544041032595,0.00126763576671525,0.00157159363492163,0.00142885110422838,0.00217420366914257,0.00167213428371313,0.00301226633131276,0.0035114619781818,0.00303899291628256,0.00127727506196816,0.00363404804861954,0.00195235374520463,0.00106065027762329,0.00342422442700917,0.00336227614665917,0.00162701751998244,0.00139013703582879,0.0036081843218703,0.00141780030592273,0.00115370096776175,0.00351008133794179,0.00164813430481599,0.00173315018143274,0.0019448906325483,0.00229837341542362,0.00208160125659639,0.00154763900288841,0.00160334942990772,0.0016761044730214,0.00198025069115327,0.00205032706974069,0.00370376600640913,0.00355058918416167,0.00176020044407352,0.00370951370628432,0.00137630634113145,0.00164655353376424,0.00122795090852079,0.00336541799643307,0.00180420705838863,0.00428574396552439,0.00233689879003471,0.00154000360305623,0.00356100390970552,0.00152643511878381,0.00129495991032758,0.00215799302035498,0.00196749822093461,0.00373259717517195,0.00194773006517157,0.00127757195792957,0.00153277515539159,0.0012460955263601,0.00155275113138199,0.00328438818452281,0.00140417927776975,0.00336908611028149,0.00136908658994597,0.0019013977255182,0.00211772753071235,0.00149957499586323,0.00126294583454677,0.00181111446933366,0.00174125165356206,0.00141241767567539,0.00348219999713228,0.00173740777021897,0.00137313217720279,0.00173405303612543,0.00362491633357169,0.00198829743426933,0.00128358909238771,0.00308563528423968,0.00161688072292373,0.0030983495009723,0.00133128846134308,0.00129888717836523,0.00166031069932674,0.00181094334137842,0.00119994051420348,0.00166979687622837,0.00373374470753118
"DU0099",0.00305714299137598,0.5,0.00140210273118972,0.00345897582763826,0.00134723958742719,0.00333080489294923,0.00164434470935239,0.00136835535452495,0.00126128846237289,0.00383959524178569,0.00140902039640408,0.00367036393525645,0.00362943504751693,0.00345325635088418,0.00360613529208565,0.00199143265080682,0.0037186716818985,0.00132787286928744,0.00139623833299197,0.00162021691918627,0.00315867940916737,0.00130518751087444,0.00469167326603097,0.00174602241357445,0.00130301836743251,0.00254643187639685,0.00123265777919498,0.00141063587920555,0.00120748733550045,0.00430582255751436,0.00378411944952241,0.00283120286099425,0.00316572150369517,0.00347818988191973,0.00373056827706295,0.00360076377610498,0.00134781836803629,0.00136634762820549,0.00123986640755292,0.00127615517499146,0.00138053157439124,0.00312611677601117,0.00172259111315149,0.00130965467966488,0.00329134466553057,0.00315588200283426,0.00139367326670971,0.00199037924115849,0.00234255940777523,0.00326864671499595,0.001265277833482,0.00310858597074046,0.00373095108840829,0.00128543344924501,0.00314046866932043,0.00130850909366314,0.0030529742548873,0.00144853689197212,0.00147098945560239,0.00479436388842126,0.00302284175223587,0.00123029418441435,0.0013875036332232,0.00198414664987339,0.00379185025225355,0.00137967752190859,0.00268914989043769,0.00313325435128867,0.00297564291436658,0.00155936195283808,0.00155375023228093,0.00154651116087515,0.00122569893640691,0.00309630870097665,0.00205324201767938,0.00215705112968028,0.00384158920455673,0.00248354214956447,0.00179258901158575,0.0018479277272974,0.00373141077967876,0.00377959478368466,0.00384424697174122,0.00353648462135824,0.00114171433379514,0.00410260332724183,0.00172678204497836,0.00143171812973742,0.00169427073608409,0.00153829255506761,0.00164780505104164,0.00215578241547564,0.00142686134558327,0.00216719518567324,0.00342590793636575,0.00389014042786954,0.00152328406809197,0.00312648721458927,0.00131918013482673,0.00170226994732575,0.00123215052095904,0.00313507005531852,0.00381140197001061,0.00160587730124176,0.00369961838376542,0.00152580005628447,0.00156941745885178,0.00117293826870167,0.00139749161161365,0.00129509756106395,0.00144353522635084,0.00222458144250257,0.0014039730336423,0.00311084714204707,0.00297640983564489,0.00377508603354934,0.00359529762293871,0.00362530625962772,0.00372243289945093,0.00373840279752226,0.00307507250902868,0.00176526319674201,0.00350713897048627,0.00350020174591969,0.00211524025888857,0.00142484041240447,0.00145346137915334,0.00125490816813372,0.00335185148374279,0.00158524187671803,0.00177511779019744,0.00137537740137448,0.00346964094428132,0.00114578441977888,0.00300360610444074,0.0033928237867728,0.00286094624569438,0.00154304791241829,0.00268529826827385,0.00145709932758598,0.00230776199846351,0.00328591414112526,0.0031432863592721,0.00427828728272157,0.00289053289839921,0.00356735378211537,0.00137102637146299,0.00109382443660646,0.00314878088545053,0.00311601694574697,0.00167456035665313,0.00184103586618017,0.00313280822773555,0.00234648104940882,0.00116114476253889,0.00313610259261443,0.00154725617360123,0.00139332920720827,0.00196981248010251,0.00160566950143682,0.00200217103680049,0.00159012183470555,0.00159921871247119,0.00157613906231555,0.00173541912133111,0.0013176045713372,0.00386993004104327,0.0031345973748277,0.001651232179237,0.00315409367346893,0.00247439577382834,0.00159154846473654,0.0012168511137275,0.00345440017338768,0.00193479518380223,0.00323624271167112,0.00145424603747116,0.00157690536324456,0.00297105615964321,0.00150814804044801,0.00224907335918603,0.00170068936552441,0.00144783615086067,0.00298915952009391,0.00142336477750063,0.00260957501727286,0.00152415304173246,0.00125107193610858,0.00186517224467739,0.00325385411903699,0.00173580904050543,0.00333019587129266,0.00132527735629864,0.00144821764489952,0.00141249416688034,0.00148701036910961,0.00252840159995948,0.00142959429107554,0.00139537377958767,0.00131228533710588,0.00310165594987385,0.00141110588321739,0.00151287721650265,0.00181845284731547,0.00313179559807818,0.00178554903143174,0.00305343882682899,0.00317760762093365,0.00253405804308806,0.00317323791399523,0.00249345624938109,0.00158904121296289,0.00144689526663654,0.00142880353585975,0.00172582466591911,0.00166011314097502,0.00304106427992781
"TT0040",0.00175120830913829,0.00140210273118972,0.5,0.00192802761968159,0.00319387976925558,0.0019468052025306,0.00285043107894129,0.00185145690028397,0.00244376337814439,0.00140300148305365,0.00308950297662569,0.00168326895074526,0.00169489611655341,0.0016671082493659,0.00164655656199883,0.00180381660414153,0.00163549476390218,0.00202490816957281,0.00334715765304064,0.00181581721902227,0.00173968142791448,0.00182936836774592,0.00129772276504976,0.00300247952205134,0.00311658734163986,0.00270420969823279,0.00250200862889342,0.00328465434492935,0.00169039002106432,0.00138662863287997,0.00159699460364109,0.00229872592891758,0.0018011823832526,0.00168729626653081,0.00140716039959521,0.00162584057790367,0.00289428452787443,0.00294242719564408,0.0031930028966411,0.00296166620612088,0.00308880568176273,0.00184418500624006,0.00337098209151508,0.00185116380980206,0.00183171073658536,0.0018199126828831,0.00352475995266941,0.00262787425511366,0.00196191688655637,0.00150817103574734,0.00225499885443635,0.00183635340619206,0.00167317529972906,0.00327648542237897,0.00195643756416014,0.00338438029517068,0.00175379761451418,0.00322956921237066,0.00296617962709977,0.00125806661537531,0.00179172359846724,0.00190647100537632,0.00209692273499231,0.0020475618150964,0.00140546848788482,0.00318712142547488,0.00199442485846608,0.00195474834388771,0.00186077220952626,0.00226163355274139,0.00272960646191667,0.00295307889721458,0.00219371937670349,0.00144365861751179,0.00143112244897003,0.00326425125496498,0.00140293085911907,0.00195288463793635,0.00307073557234437,0.00276023823116323,0.00140706204153475,0.00163305479935344,0.00140134371182314,0.0017644382442493,0.00270322510355451,0.0013203948961503,0.00334667846330077,0.00323814273589153,0.00272215932105402,0.00292944893083149,0.00341895761161381,0.00257695165501552,0.00313828230336604,0.00174027660557533,0.00175890538703519,0.0016995272311179,0.00231997841712611,0.00176613890234553,0.00265852327008978,0.00247139824101407,0.00243658704667322,0.00185966874451718,0.00166774926989778,0.00247410472111205,0.00163174694708505,0.00230421360383673,0.00348139961613167,0.00241932654364657,0.002453617619404,0.00320836873485009,0.00298154085844825,0.00196187237520975,0.00356614624941516,0.00189883931756732,0.00168592168006123,0.00140499753516838,0.0016463477134419,0.00167047164136818,0.001606345121449,0.00158648596025524,0.00185925935767151,0.0029121045483197,0.00190639891344945,0.00164805334980718,0.00163211102915283,0.00307327933225396,0.00304940350899724,0.00274414074461861,0.00208370412584189,0.0031283095528205,0.00278668175670736,0.00350399579458742,0.00165430944579667,0.00224441270270616,0.00180687986936633,0.00180438744772954,0.00248964644888818,0.00390551631834633,0.00316198627696627,0.00353185913141416,0.00308226988559668,0.00144127053582359,0.00179968462288548,0.00140521407675227,0.00300893199137638,0.00167942766466299,0.00180591567344381,0.00177219826327165,0.00187244937933554,0.00198283220576374,0.00177012285325944,0.00328749527831515,0.0018579487629887,0.0026398886486334,0.00243103375922379,0.00183006214348926,0.00149354592631386,0.00317861732075492,0.00254928320096832,0.00315824013547972,0.00291758669135482,0.00334815062959522,0.00299564050067419,0.00361054310684227,0.00346472127684666,0.00270069308719667,0.0013999728770522,0.00178571839732263,0.00215799385176564,0.00170980722051259,0.00220802872942053,0.00215728748638444,0.00222896676469428,0.0018945152445011,0.002538455617856,0.00169405233620638,0.00329525535013089,0.0025325485948416,0.00164863420567065,0.00305975297541652,0.00310623542050417,0.00323176261022974,0.00291238182059638,0.00175003027304246,0.00352743578597272,0.00278474535824539,0.00234617679444786,0.00258339369347005,0.0019474950513657,0.00176663130090751,0.00348429184980095,0.00186683032779117,0.00174473232756108,0.00195963142260114,0.00252510543996738,0.00332519261046637,0.00266016492429791,0.00315266391516015,0.00328098893343037,0.00151786904530489,0.00190378215447009,0.00340049264499679,0.00367276238887246,0.00307351564354145,0.00196122533065153,0.00270164529244783,0.00224079633607325,0.0018197242158092,0.00320017736230625,0.00178368413066843,0.00143593083925582,0.0035016760164891,0.00284053590296315,0.00335677506057251,0.0023778721846061,0.00249579267123821,0.00173290681657618
"TT0041",0.00337628839056383,0.00345897582763826,0.00192802761968159,0.5,0.00189227993467733,0.00372916377655119,0.00185129120371048,0.00183046056867704,0.00135031750246745,0.00315656128746954,0.00177124458539021,0.00315840878603119,0.00315997073107293,0.00336011186750782,0.00334998824821658,0.00182833836675791,0.00333318808829545,0.00198294375010087,0.00165910920056822,0.00177866811296681,0.00316751820301964,0.00173130233457449,0.00321451412504221,0.0021729856334822,0.00146904952392186,0.00167292166997176,0.00264517654126666,0.00186825863566811,0.0014095978279238,0.00318508628750402,0.00333657748876536,0.00148813165028126,0.0033707131782661,0.00335119316427768,0.00315389357462857,0.00332696676353862,0.00147130023598164,0.00172883744294487,0.00137653356061569,0.00170765317136259,0.00188627340106744,0.00342765482920621,0.00177044972813051,0.00151485768989793,0.00349937576730275,0.00342007859045652,0.00169113950028909,0.00184470733572109,0.00192566583686942,0.00366503229848199,0.00131737488472959,0.00337551286904982,0.00348416311748413,0.00147177703319437,0.00360308731013404,0.00131881149736557,0.00318172539147145,0.00163547368371558,0.00142653061394172,0.003184066592677,0.00332497181086271,0.00133634745655947,0.00171468362294083,0.00146608881165129,0.00315714416439725,0.00168900315106276,0.00164127495185332,0.00363290780281167,0.00340266912330259,0.00185674134699856,0.00185035393672022,0.0017758353552872,0.00147726700558106,0.00314578713460121,0.0014833924306238,0.00181453542484936,0.00315654466339596,0.00176174913790091,0.00129019017436016,0.00143780071648065,0.00315382024391844,0.00332192373034641,0.00315387526613966,0.00339270531961647,0.0011818783896632,0.00326285548814127,0.00170465447250798,0.00145177350575723,0.00166613297009002,0.00184025392749859,0.0022257083715961,0.00144275589903828,0.00186722521337395,0.00177607114820855,0.00344866669262147,0.00343237040280114,0.00193581191643599,0.00336806658506682,0.0014717785035397,0.00190959839986891,0.00132349223312237,0.00353409412111346,0.00336187883427845,0.0019624087288666,0.00332135245176524,0.00185586282690298,0.00190438293788612,0.0014074101014065,0.00196932489130494,0.0016584058956949,0.00176638990477423,0.00183920711012801,0.00188102605297073,0.00339281579840245,0.00327744527449167,0.00315492615095455,0.00334835209617006,0.00333346304914521,0.00332826732127811,0.00334300318440556,0.00314985622850338,0.00142641766300256,0.00360361894866011,0.0033785545251471,0.0017043007773017,0.00194878754681948,0.00178569494611245,0.00136568236616168,0.00381926614675948,0.00128425409152983,0.00178880253982858,0.0019581212353744,0.00343828656052717,0.00120077037298141,0.00315576339866757,0.00390597945078289,0.00144679873024059,0.00197581829179702,0.00165098380315882,0.00178491685742732,0.00145666436614092,0.00317718010704854,0.00338851554207421,0.00350289656851114,0.00142968834478649,0.00335338193468376,0.00133600985471712,0.00116731327762606,0.00342238193874559,0.00347139293741802,0.00240885406769785,0.00180698983565928,0.0033856806196742,0.00175670571981722,0.00122262488639252,0.00342130892327107,0.00270028887933523,0.00182967585790716,0.00165754535152885,0.00165663767888417,0.00144113363620251,0.00194215219028163,0.00208069508494992,0.00193429381159855,0.00165749986667097,0.00147599489366545,0.00315299047317237,0.00317966466590675,0.00178637732606444,0.003178218775625,0.00182680786063349,0.00192418662293051,0.00149795118438882,0.00384561075573349,0.00127958114285947,0.00318690793876309,0.00163935386318075,0.00194529148524791,0.00296210940218383,0.00159548600653604,0.00171141807098094,0.00174455756418687,0.00129299074632186,0.00315604496735419,0.00190619764390318,0.00165507701264467,0.001915406636598,0.00131829914078921,0.0017366108589841,0.00346073268055714,0.0021654398016251,0.00357212105909387,0.00181548154331931,0.00176685726716301,0.00167409692953422,0.00183016783213447,0.00170636453783606,0.00169878289136393,0.00175089664233833,0.00182180986144801,0.00363375482620965,0.00185983790968761,0.00178637663403559,0.00178164276894484,0.003475885992758,0.00168174600563818,0.00141082276559964,0.0034581442318187,0.00165393004107577,0.00327041766577424,0.00172047796679488,0.00171805099718919,0.00251006550134754,0.00191813947803676,0.00254106662427967,0.00192272410975615,0.00302820271391373
"TT0046",0.00148205495800455,0.00134723958742719,0.00319387976925558,0.00189227993467733,0.5,0.00212992903816484,0.00289075969689408,0.00251515884134738,0.00277614426700772,0.0011616562190586,0.00284113389170156,0.00116465308583236,0.00116303762590916,0.00117075013285894,0.00116505365390706,0.00153258359652379,0.0013017112987839,0.00170806820938128,0.00329107847632238,0.00178528383378774,0.00157865457061681,0.00170101318762217,0.00147152103271002,0.00366022971124377,0.00334577851281432,0.00214357928963273,0.00276138379783931,0.00286930482838031,0.00154088754657698,0.00132070589206978,0.0011646855418127,0.00184797028455729,0.00133171825695021,0.00130832248075377,0.0011607340561529,0.00116475265551897,0.00209012967688681,0.00289632920741131,0.00390757908876038,0.00238885263317571,0.0039780983292143,0.00176679912263353,0.00341796516019506,0.00161921680022247,0.00174221070755043,0.0016805824406792,0.00327887022307272,0.00348502746556282,0.00212635162459033,0.00202076828313315,0.00272254512717009,0.00170110224767821,0.00162059790847249,0.00227845281970814,0.00169616100526455,0.00285672277014093,0.00119102997800822,0.00232505269902255,0.00212514445728793,0.00128862920198449,0.00120015483360816,0.00331476715856743,0.0025697616213276,0.00309681081547433,0.00116167972959265,0.00390866077287427,0.00292125543391741,0.00203533971582552,0.00171357541521554,0.00274214784140588,0.0037782037393146,0.00399585756875525,0.00275471124250638,0.00199257096684155,0.00121882297072384,0.00290922432157399,0.00116167836091402,0.00206915404534845,0.00295717970532924,0.00239579828530596,0.00116070659068073,0.00116610927838054,0.00116062207973556,0.00132540466974085,0.00341060608185659,0.00152038639536986,0.00301457332841314,0.00269676403465942,0.00322014119257993,0.00276366837388931,0.00241881133983083,0.00244663645772127,0.00275834844391465,0.00123946748653247,0.00132046696623005,0.00172684691108519,0.00283142332826041,0.00163961882630342,0.00335982482636156,0.00315322862936833,0.00422487613592622,0.00173785882578051,0.0011714504027742,0.00277883971267559,0.00116419783757814,0.0028654566100374,0.00403413599441593,0.00382523571256734,0.00295523748335506,0.00269862644957953,0.0026823209920785,0.0020802169227388,0.00363232222981888,0.00163333841377876,0.00168124748135131,0.00116067955500522,0.00116560050273899,0.00116287654395542,0.00116279627413362,0.00171220370600897,0.00174736593728626,0.00257577382780548,0.00190660789115372,0.00116967943162864,0.00125949663773288,0.00373034168245624,0.00254637869057995,0.00314930814010199,0.00201574704579449,0.00228673955865184,0.003238572040205,0.00390484474719283,0.00187063617428211,0.00401117953440453,0.00135688468745632,0.00201273637889535,0.00233854331912259,0.00349637296352395,0.00271583210600018,0.002869724644148,0.00257696181360334,0.00193882581645789,0.00136851948751714,0.00159148129214056,0.00267131716916997,0.00116705893325867,0.00187751650477402,0.00332293206603158,0.00139498162682129,0.00186232994934629,0.00151132462892393,0.00385813467674776,0.00134360376786255,0.00343854026556621,0.00418392438517387,0.00169485582551684,0.00134181545150879,0.00250625637983173,0.0017700764936387,0.0022716686320265,0.00231155076919829,0.00308985758887155,0.00389468452325817,0.00337076882777133,0.00265640536251583,0.00217355985043626,0.00116043479787088,0.0016597732441068,0.00264593071920612,0.00160469736683456,0.00318194045168429,0.00256759763181404,0.00291448110679664,0.00225709315260729,0.00222276489893645,0.00118155150027079,0.00253558543800933,0.00322242316559819,0.00170218211929139,0.00319354209318009,0.0025183563158692,0.00268976346464694,0.0021217714586321,0.00158156369274618,0.00269286277129162,0.00259254041317599,0.00315914247613002,0.00303737565317004,0.00195407487829063,0.00207160278988188,0.00361248515456251,0.0020717488446587,0.00206594290443382,0.00181616632285512,0.00279176588246204,0.00345467764850791,0.00266052713211624,0.00349113405358218,0.00374548633219124,0.00169543474014817,0.00167407397673297,0.00400288682314661,0.00348070382021304,0.00261744646096497,0.00180655236018115,0.00318703717508526,0.00197821953832721,0.00162323254263042,0.00265041241485835,0.00158994385937982,0.00139568255164885,0.00255794827576602,0.00331126945958879,0.00275361584486843,0.00267094166075285,0.00307556433832361,0.00152189636402337
"TT0047",0.00339538720121712,0.00333080489294923,0.0019468052025306,0.00372916377655119,0.00212992903816484,0.5,0.00180478683195363,0.0020931120278385,0.00130516505399869,0.00310287098520196,0.00196303365294889,0.00331679883831883,0.0033141222206718,0.00332540690131554,0.00298217511463684,0.00174937848976589,0.00330863665455998,0.00183133921123016,0.00179624654133779,0.00193233673624364,0.00336938960019937,0.00185565716649118,0.00310923251624558,0.00190675426198111,0.00163566253320161,0.00141933041127587,0.00128767941340394,0.00211730392941918,0.00147512263594364,0.00316144184997535,0.00311840422154188,0.00142152236969441,0.00343644003399325,0.00332242115783283,0.00310183379342895,0.00328499403011733,0.00182229263171135,0.00185738026677101,0.00161232868007749,0.00183729053521951,0.00197399686911839,0.00351270155104312,0.00180592598212219,0.00178739101324217,0.00354966526882556,0.00351504876892996,0.00180316779268115,0.00184510915138582,0.00177587758565835,0.00363287354828106,0.00163716209728462,0.00349280715484469,0.00345984233469544,0.00176153337279508,0.00359523434070362,0.00169390306242965,0.00340633081675895,0.0016488298403634,0.00143441599962611,0.00307754373713214,0.00340074421799787,0.00132169244445431,0.00146248972199324,0.00145622760446448,0.00310409049126963,0.00143592161146835,0.0014408784531346,0.0037988948977762,0.00350556123717608,0.00184488322411063,0.00198186604283941,0.0018700700039675,0.00178846761639915,0.00313475043501279,0.0014759868093959,0.00172011611189652,0.00310283210533232,0.00168754208940835,0.00127652519316226,0.00140211199997539,0.00310174722533832,0.00329713366657032,0.00310013440359721,0.00341974130947297,0.00115320707193137,0.00315564933485349,0.00164772323516849,0.00163973451165693,0.00162135766635144,0.00166230510225583,0.00143184829654272,0.00134764735613072,0.00187821824345685,0.00169025563911146,0.00334058709262026,0.00344179922110909,0.00202086205637655,0.00342659776583439,0.00182544209613904,0.00206151373985688,0.00163266634316885,0.00343154061873141,0.0029743838748125,0.00202704418388415,0.0032963868413149,0.00172536913544709,0.00220605554511334,0.00164127438698142,0.00219338947485804,0.00168474991875529,0.00189919859009935,0.00180267179859139,0.00206754142472912,0.00342933353670351,0.0032952603933506,0.00310212015606544,0.00312193026806115,0.00329756926623037,0.00327159488803424,0.00309368100204834,0.00341884772660643,0.00140457026542598,0.00380482637789238,0.00313887409711347,0.00165469235458435,0.00203036729369387,0.00197688605327234,0.00135422652002244,0.00395063216227818,0.00143371875432133,0.00177382504333284,0.00182089652748169,0.00340134133934146,0.00123010868316362,0.00341130807962598,0.00376904795331008,0.00135139500176703,0.0020629715198876,0.00143302165402335,0.00145974904360169,0.0014169442934335,0.00313776529757076,0.00340978143815805,0.00337152734222941,0.00134770932965197,0.00329957247027886,0.00135982294456247,0.00120044277524738,0.00349015095392092,0.00366608976541718,0.00187811587314264,0.00192383665531256,0.00341971266162631,0.00167364212605676,0.00124262681886085,0.0033948551060986,0.00172095322882906,0.00176408911768961,0.00166278768671225,0.00166745808858878,0.00140340876362004,0.00214519190356459,0.0022869887464897,0.00185762846170877,0.0016632238636133,0.00173223531985733,0.00309891539416887,0.00343251739231505,0.00180087506953847,0.00335855113251172,0.00167296911089925,0.00189698669423743,0.0018647768949934,0.0040319499156718,0.00125702781005251,0.0031689557491394,0.00166494063662003,0.00213367166716112,0.00310482816986799,0.00156914422921999,0.00165564790765047,0.00168460390153003,0.00139400427170074,0.00336697118918879,0.00178045365596056,0.00141462078312583,0.00225722905617115,0.00130772227380991,0.00185064696492135,0.00348730685584578,0.00202670461761932,0.00369328926134284,0.00185803986329533,0.00214245287627472,0.00172734575804261,0.00178818268411912,0.00160297207795601,0.00177466270790022,0.00179118174087839,0.00169022050928758,0.00340648833255768,0.00215273215024844,0.00190052703068327,0.00173941317241204,0.0036709172765832,0.00146307683294389,0.00131459972305883,0.00357042843871532,0.00158778861125455,0.00354246713191316,0.00167012715091019,0.00183505185050278,0.00249079169357001,0.00190797779638603,0.00181750304647748,0.00210503168936481,0.00301915617421229
"TT0044",0.00164906557925996,0.00164434470935239,0.00285043107894129,0.00185129120371048,0.00289075969689408,0.00180478683195363,0.5,0.0020795170669674,0.00481930347737835,0.00138061243534143,0.00405179017427826,0.00138303133557992,0.00138180899395614,0.00158146752125362,0.0016043352852014,0.00181048813509042,0.00159388012867036,0.00145387926354501,0.00249038884813675,0.0017461242279907,0.00168751510846688,0.00169712158475511,0.00139741325604053,0.00232301972864752,0.00213399591574051,0.00353813084915339,0.00485827034341532,0.0035944353821365,0.00160840299380426,0.00134866085923636,0.00138993803307572,0.00410395985054475,0.00159661104040679,0.00162352611178493,0.00137912057996939,0.00138432483247581,0.00413531428698339,0.00453089071720055,0.00312857621393348,0.00421893784851166,0.00246766588729566,0.00178139533454653,0.00279549665287899,0.00168539973916234,0.0017385292657497,0.00172034152933824,0.00275705103680756,0.00221315671443247,0.00189678636474475,0.00184907605110376,0.00198787335478033,0.00174659796498362,0.0016665458097081,0.00299901561762743,0.00174446357010435,0.0023401350643809,0.00137425540123593,0.00284117112044303,0.00333355370448649,0.00136789201052769,0.00137061509230115,0.00243688169245873,0.00210136189129062,0.00209345305118735,0.00138001572059645,0.00302684293142865,0.00199592861590291,0.0018945457067089,0.00173206212626021,0.00205582039545003,0.00262080547347748,0.00245222361583392,0.00172558818260457,0.00190422817704757,0.00141619253224217,0.00303282998455241,0.00138066747627095,0.00220877533458865,0.00264737121910827,0.00399574382340297,0.00137906608308164,0.00138665786029505,0.00138010234366993,0.00165701667223913,0.00434881110661345,0.00140128391448594,0.00269028903947663,0.00305792282912796,0.00217633646288387,0.0045087224086306,0.0040046102944254,0.00358776347123254,0.00373786017701526,0.00170968714994298,0.00163691095139343,0.00176164467808724,0.00207726658354166,0.0017002962769133,0.00183867605112734,0.00209985841841091,0.00251967274458314,0.00178947890572706,0.00161599500223319,0.0020145893448857,0.0013829111675671,0.00216679265374105,0.00285581046674844,0.00234951610933148,0.00209895241123614,0.0031137241361308,0.00414860532094045,0.00196074919836324,0.00289162803277724,0.00168567736876589,0.00173965328355813,0.00137933231710141,0.00160257686187598,0.00157759534660782,0.00138360562050125,0.00183914599748992,0.00181312292735491,0.00349959062849681,0.00187081171342221,0.00159804647087879,0.00144728788015563,0.00240027844244748,0.00361353851523063,0.00403218139595742,0.00182731423159307,0.00335795286380097,0.00226229494263357,0.00275003528436217,0.00195780800795119,0.00248111314523841,0.00140595320090719,0.00182162767931859,0.00336515936285906,0.00289851642939585,0.00253288141942165,0.0023624940738956,0.00264654457045093,0.0019001773477198,0.001676204428625,0.00166206438850617,0.00266335685495251,0.00159711678572037,0.00192976806683011,0.00229637234823799,0.00168101878812473,0.00179619599027252,0.00181642553084437,0.00270228718769131,0.00140226873501954,0.00232783586721497,0.00255507560356912,0.0017627523174668,0.00152233645893057,0.00367032217384447,0.00393721255677034,0.00275080578063209,0.00278213595107105,0.00352583185214183,0.0023137234312978,0.00295047955527859,0.00263620543797675,0.00418736399364921,0.00138045548431513,0.00170152054100093,0.00204690398778903,0.00171421128268805,0.00211695672563041,0.00208106808121951,0.00197368943739977,0.00195370743753651,0.00435583684607254,0.00138465934562721,0.00292526182206686,0.00208910974562149,0.00176845449008095,0.00330250446223736,0.0030330363033735,0.00306178434740101,0.00285500166085632,0.00166627564780177,0.00280929676830067,0.00324213455354793,0.00218607515975597,0.00405154318705739,0.00192533868627484,0.00196592475056148,0.0028460309630723,0.00190452737678619,0.00191060707895153,0.00171307405735798,0.00196561916249636,0.00333044498866664,0.00366157267662564,0.00230579127617395,0.00255347678672212,0.00150252391470932,0.00178314849795116,0.0025243805473897,0.00295720532855256,0.0035206291554589,0.00172595247080053,0.00215298957711951,0.00410661495288058,0.00143287467378898,0.0027858028132531,0.00139252851112221,0.00168639928303459,0.00273752689014203,0.00393234501608118,0.00347149454857055,0.002046278954009,0.00217240102096022,0.00170804595184028
"TT0045",0.00134520686975291,0.00136835535452495,0.00185145690028397,0.00183046056867704,0.00251515884134738,0.0020931120278385,0.0020795170669674,0.5,0.00178401440305414,0.00118054462895594,0.00193465111460675,0.00117092540503414,0.00117043608844621,0.00117781312077891,0.00117430448034501,0.0014135037503695,0.001299072834822,0.00445056902889227,0.00146129865103575,0.00991883668346577,0.00139509576053068,0.00926474713577315,0.00132680928587476,0.00153040929495578,0.00131100881513142,0.00126585273512104,0.00216274486216348,0.00208401804845713,0.00483187354907191,0.00130195326650324,0.0011879780127986,0.00129844910921506,0.00133256408899915,0.00128333634421988,0.00117118402470374,0.00117635166177169,0.00143474900788321,0.0020783889599036,0.00280675927987367,0.00146992597497572,0.00152907434864537,0.00144584729293124,0.00151773678325559,0.0128899703194441,0.00161077075370966,0.00160600378956497,0.00168816021183044,0.00182867855603208,0.00155122126547247,0.00189942437807183,0.00148806153715871,0.00143498825822636,0.00140673728856318,0.0013112876480306,0.00145222870333565,0.00129606750558995,0.00122158762768087,0.00127743081961032,0.0012741105757736,0.00128035301578234,0.00122351924548028,0.00235586611519489,0.00224332200102532,0.0017606258394971,0.00117785317339773,0.00276257309161674,0.0016386004401086,0.00199087533157417,0.00141247299849012,0.00198893451995679,0.00211062108116944,0.00176793294745685,0.00178099499242782,0.00242118546213389,0.00964020383613349,0.00169180276073489,0.00118067985506198,0.0017927481422336,0.0014277631727851,0.00165890332730711,0.00117122163506367,0.00119158215952448,0.00117972495750662,0.00130004025908199,0.00240978690136698,0.00134679369932897,0.00144399581637481,0.00143448524211826,0.0014103510089323,0.00219672685261614,0.00152220950631172,0.00158257214058998,0.00180537608625072,0.00131131156169794,0.00131381850957347,0.00170861009914317,0.00202851864667963,0.00139141783609032,0.00156846842441157,0.00206323825776524,0.00278058202365589,0.00162357672785736,0.00126372166136802,0.00191148942437118,0.00118345062410291,0.00198177375399616,0.00229087055460487,0.00256389495389601,0.0021563337065313,0.00143855240784113,0.00197074557586895,0.00150724925700049,0.00198798403960859,0.00139476860060018,0.00203157185488929,0.00117558311840687,0.00116809006933404,0.00116419750549121,0.00118386566517973,0.00182126869942694,0.00194054074159074,0.00178909666791515,0.00202222599219752,0.00117428669395325,0.0245316975895965,0.00195957607455697,0.00190324006955212,0.00290392107661003,0.00215079205525283,0.00134752580578395,0.00146607112817188,0.00199000664057687,0.00180197359581774,0.00324073120570786,0.00136611838564407,0.00181131258323851,0.00153488300366291,0.00196716247902525,0.00128998550337786,0.00129045359781349,0.00127059275173449,0.00249654857702672,0.00139547477841693,0.0015953138663659,0.00138778899841971,0.00116097609437845,0.00217975850717144,0.00339445609375944,0.00140217707584939,0.00188545660733592,0.0273910246720351,0.0020304444586952,0.0013645652251027,0.00146267251581491,0.00312882509268986,0.00141586450954343,0.00917378959169505,0.00147824785210354,0.00123454879538765,0.0013850198599624,0.00123547015438045,0.00211671927792949,0.00235516222151725,0.00179098675334567,0.00123602022907962,0.00145268631241133,0.00118112691583728,0.00141150666616527,0.00158426555969357,0.00138329824859781,0.00177373847474617,0.00190298416001304,0.00186290973388268,0.0022995297329471,0.00166462923046649,0.00121261010407012,0.00140145382139207,0.0020829542610039,0.00203403775585706,0.00249471831341904,0.00144376832080532,0.0013803316212186,0.00129498849203997,0.00139555704672254,0.00146918604275851,0.00162803898286032,0.00246614565680282,0.00290763158360888,0.00184095280823132,0.00238251416127545,0.00184941936671571,0.00191951656819257,0.0187255904862077,0.00970295243024432,0.00146675128592175,0.00241046157428,0.00175522887089054,0.00145208550190987,0.00152602112366956,0.00720126064836185,0.00147933095222956,0.00202047934750903,0.0022133499253466,0.00149278875095924,0.00184813493963259,0.00140381492223516,0.00135748919712582,0.00157806029786234,0.00139817572202155,0.0015434455950896,0.00917724118291531,0.00136397084981619,0.00180094880055935,0.00181369826986807,0.00190391932997789,0.0021878792691918,0.00136741270137991
"KL0014",0.00124790858559329,0.00126128846237289,0.00244376337814439,0.00135031750246745,0.00277614426700772,0.00130516505399869,0.00481930347737835,0.00178401440305414,0.5,0.00118269539642949,0.00445392939804481,0.00117555793631493,0.00116873914566885,0.00116768520299291,0.00117304152448176,0.00119370359121379,0.00120857009607733,0.00156963120016081,0.00209972008175899,0.00175144240618782,0.0016951316451513,0.00141841409519094,0.00124515696730707,0.00182320411549962,0.00192914761790088,0.00316542769391213,0.00673572831356076,0.00328881385966888,0.00184991013499355,0.00119550886661118,0.00117495904475583,0.00540993786200149,0.00118758980932484,0.00120427522431794,0.00117994125318401,0.00117106726436729,0.00551536636861023,0.00492388883271614,0.00284668639073864,0.00411175434282142,0.00258414613112711,0.00218063666633184,0.00242239738188918,0.00189370511437271,0.00224938223273277,0.00232476690336326,0.00330285382926597,0.00172807253179884,0.00145622730306987,0.0018306785464069,0.00293359165370882,0.00213536395403663,0.00133778024215236,0.00295918380380025,0.00140762894847285,0.00214970034329339,0.00122134098460006,0.0027355311060557,0.00327216135098882,0.00119836314639362,0.00124724172419991,0.00176275510190652,0.00154534804649388,0.00198013816981864,0.00118160965522605,0.00239913121573857,0.00162833806624676,0.00175493344421414,0.00198013602070695,0.00279493382033574,0.0023248310180278,0.00277201237952753,0.00267786677993258,0.00168304707416468,0.00121180659316284,0.00262971936519574,0.00118275352025849,0.00168392552834067,0.00218994465645625,0.00358372065546675,0.00117992604479333,0.00117368874763867,0.0011824737073113,0.00118138182207311,0.0164244969547242,0.001170112346185,0.00268330298030266,0.00309559495936112,0.00175222835465887,0.00492107028018675,0.00450167056672482,0.0046555872925597,0.00374119954758192,0.00115987359621245,0.00116720583241156,0.00132591159035554,0.00239080177759116,0.00210603219982021,0.00177032768381515,0.00159034507840322,0.00233191774737117,0.00203605516651933,0.00131792959804398,0.00153175708780514,0.00117162089648388,0.00255719390132664,0.00295394690560014,0.0018493654671656,0.00169906590557157,0.00321439271403098,0.00379315249819827,0.00165866056641823,0.00276612177967502,0.00174770985499042,0.00125079952592852,0.00118099479966221,0.00117247294864351,0.00116487770169194,0.00117087205056823,0.00124656749481139,0.00126684606360222,0.00306200169288187,0.0012439761582858,0.00117887917916559,0.00125359890937528,0.00196161264578045,0.00338792141171282,0.00351877727793211,0.00133214223986023,0.00412026542557503,0.00177479502429054,0.00358007766438899,0.0015065379006463,0.00207015606034232,0.0013497471069634,0.00179435075107913,0.00330766422618283,0.00247620939295251,0.00233183202946181,0.00216569043339024,0.00221861285756234,0.00142054244136288,0.00236052738948294,0.00127609163178066,0.00249449367975742,0.00116820967296921,0.00146481859403957,0.00161945272857338,0.00136073494509106,0.00138600135358715,0.00144396023700094,0.00224296538266999,0.00134558541625656,0.00187097815375029,0.00193395840022415,0.00219143178289521,0.00249271719498353,0.00374379534273209,0.00519632916363647,0.00259149385474776,0.00260760946986126,0.00316551410467183,0.00192948923305416,0.00315575606002293,0.00220713175105726,0.00543382344003243,0.00118272790975316,0.00204045954493144,0.00208275444858177,0.00233634214150045,0.00171852484912739,0.00276508236197681,0.00227035607032662,0.00141867681904853,0.00516748316971248,0.00125295617146401,0.00256970450799272,0.00156360985717248,0.0013251122985267,0.00287217675689104,0.002709428516919,0.0025942013575017,0.00366077253343086,0.00170774345668076,0.00243772202119725,0.00290304029438377,0.00160560390405659,0.00381337853013271,0.0013746399143841,0.00146846403337148,0.00234133548869071,0.00219644776897485,0.00231915211203457,0.00130163951476917,0.00176105267119196,0.0032706121703591,0.00368459527087285,0.00186353638282507,0.00286870155768609,0.0029565407672945,0.00142257407547626,0.00204578569914336,0.00241576826866383,0.00306770416632117,0.00129765961432635,0.00175536415994695,0.00564085728030811,0.00131575433417304,0.0023430013110746,0.00130818275779335,0.00126169718776349,0.00259201114542553,0.00390296140044765,0.0030736784296346,0.00156235875249639,0.00166612977201869,0.00204673620334238
"DU0091",0.0037424391678644,0.00383959524178569,0.00140300148305365,0.00315656128746954,0.0011616562190586,0.00310287098520196,0.00138061243534143,0.00118054462895594,0.00118269539642949,0.5,0.00138953659871468,0.00387644040170686,0.00382810704508325,0.00383287280680704,0.00393060592573599,0.00228315137524614,0.00382234414198361,0.00124388154529036,0.00137221530879787,0.00129756574008274,0.00353220877582307,0.00130053652264094,0.00400430427530428,0.00140936400753972,0.00192250456254241,0.00213719661608005,0.00114384916527213,0.00138725751294246,0.00181559144287905,0.00381669458707146,0.00401311789840636,0.0022709651582545,0.00361907208197369,0.00377704428361986,0.00409853800380452,0.00392571744508983,0.00129716721849661,0.00119779187209531,0.00113240662686752,0.00146262750432012,0.00135626209366317,0.00314165985009381,0.00170775800595164,0.00167271100019172,0.0030098621243263,0.00303654443543225,0.00124240934382527,0.00175247427143864,0.00197111456109551,0.00312037998804891,0.00184214156138102,0.00313376890657982,0.00356248101245086,0.00169549964105491,0.00315173138507589,0.00193632898185524,0.00370444040116535,0.00193363483037962,0.00208904440115687,0.00411411567744706,0.00361679725560514,0.00109081274176833,0.00136427358587762,0.0018111193118483,0.00414594880587128,0.0011830731021774,0.00198707665517899,0.00311633025237773,0.00316229436644712,0.00113064869640351,0.00119040343535831,0.00119926229452063,0.00117354671038692,0.00295542789981815,0.00237134277386089,0.00192285467559616,0.00418111334599566,0.00216237089686246,0.00211799283805898,0.00199474517316975,0.00409910911212793,0.00392954546079613,0.00417227002370102,0.00354960241220183,0.00110609978436315,0.00396883590615113,0.00186555598407669,0.00187196716491029,0.00200154839900977,0.00134567930260994,0.00121961848766064,0.00196033128272839,0.00140210432838133,0.0024316806830565,0.00371186427095257,0.00372496603615603,0.00116085395341476,0.00347187902466629,0.00120114995104573,0.00135273815311892,0.00111415882689515,0.00345235509176817,0.00394579139603278,0.00130840947925368,0.00393656979226229,0.00124894418877189,0.00119386125686866,0.00113555734095097,0.00131636650225256,0.00185382065890457,0.00175001892636701,0.0019424645168584,0.00136023869572288,0.00319731467508957,0.00346789806472464,0.00413211258334587,0.00392289033376171,0.00388090520556138,0.00398006350126157,0.00366749089777734,0.00314292197362539,0.00193134974513852,0.00343841467153031,0.00387173920842177,0.00213949960003957,0.00142620687695194,0.00174693055355538,0.00112731527394901,0.00301109003090629,0.00164179801882856,0.00186099893684937,0.00116266510306093,0.00343964039459978,0.00105380956683277,0.00346378859798654,0.00302507542115093,0.00217497512746133,0.00121834473314023,0.00215199163210608,0.00198967205378551,0.00217431235027122,0.00298804566864775,0.00321858301439667,0.00375740259899947,0.00222372031032172,0.00384028837520175,0.00189048175264817,0.0010124932490048,0.00314902543410472,0.00309455364230811,0.00139442073773606,0.00165267955458231,0.00347572495707056,0.00198695444524359,0.00106684094896998,0.00319661264941474,0.00133819958135303,0.00142559524335913,0.00224094527949394,0.00195865783020316,0.00233741282477603,0.00122617708446018,0.00118761404749627,0.00135634457604069,0.00204228839850979,0.00186761115810281,0.00415144083539539,0.00343066141968049,0.00161784572979931,0.00353859643889673,0.00197893521856703,0.00131215868176773,0.00116425551328849,0.00315193383906495,0.00212001137939409,0.0038284142729918,0.00192991976046162,0.00119069037785942,0.00342952723279061,0.00116243079500244,0.0019692810972482,0.00207850825674742,0.00190175441922576,0.0035479495468797,0.00179509461225415,0.00205529584953231,0.0011327867161201,0.00112741942740745,0.00186100164682913,0.00292018523774053,0.00138298977296654,0.00309860272368499,0.00116495679909986,0.00171027006797523,0.00182613216575358,0.00116902129406804,0.00196105673404538,0.00172422055670544,0.00140753577471535,0.00115649720870178,0.00316394419546989,0.00138686162858345,0.00118124093281694,0.00176837984323401,0.00341497554754503,0.00202798629563869,0.0023226357202537,0.00306207008797033,0.00210274092197553,0.00307158648976032,0.00209801777787151,0.0012731695040206,0.00124511254494504,0.00145604628647661,0.00133065152935438,0.00131458224169875,0.00358271107247075
"TT0048",0.00172543104799664,0.00140902039640408,0.00308950297662569,0.00177124458539021,0.00284113389170156,0.00196303365294889,0.00405179017427826,0.00193465111460675,0.00445392939804481,0.00138953659871468,0.5,0.00157165587419545,0.00140694163235798,0.00160652905870551,0.001575294708839,0.00169554205550098,0.00161413897033989,0.00175185021387622,0.00269316862577249,0.00186017040105694,0.001801465392746,0.00174962002762042,0.00132308130186944,0.00232200977549492,0.00242526479725663,0.00336893819812639,0.00368220564192984,0.00387394375618702,0.00176063210585158,0.0013323652936589,0.00157704996423605,0.00344002319820029,0.00163883079594091,0.00162396786850955,0.00139133921616593,0.00157655118986751,0.00362071499214248,0.00428155545155831,0.00260959381023754,0.00396027657389654,0.00266583287254174,0.00216857887281309,0.00291073934275712,0.00181267210900938,0.00198176529565563,0.00192309058915641,0.0031899311907869,0.00216505045404423,0.00181191206404032,0.00154133898254667,0.00209887787190342,0.00200425915913225,0.0016293272763355,0.00339948554058038,0.00180357080215775,0.00271267242231227,0.00165472934830073,0.00321267536845811,0.00348637340452751,0.00128825762368557,0.00165614676099528,0.00167016441489559,0.00188273708954388,0.00203775431594137,0.001390627821984,0.00254867303448444,0.00172141534905516,0.00202741937092069,0.00191490759759733,0.00207879799319645,0.00247452637359365,0.00264347674123205,0.00238114486202965,0.00172640936180568,0.00141350676219258,0.00307533024183198,0.0013895201766613,0.00203293483725656,0.00245689468096946,0.00360230374281443,0.00139126153322538,0.00157167741291327,0.00138855455984845,0.00164816974921716,0.00342395680769896,0.00132824739864958,0.00275758271326879,0.00327048394746553,0.00223456783206502,0.0037438900094713,0.00393703233968343,0.00357388486633701,0.00395471626405229,0.00164136796043069,0.0016107433640005,0.00179797181663988,0.00216834680842034,0.00189409291291193,0.00217347476587381,0.00213844662815949,0.00205211375562891,0.00188422341739224,0.00141184107976244,0.00210808270061745,0.00156973651535325,0.00199014231052058,0.00310000828982349,0.00197735897869919,0.00217818747274743,0.00335312628826003,0.00400170292818865,0.00193277397477024,0.00311190178257377,0.00183969184042766,0.00162911928244494,0.0013902474557792,0.00157480496197455,0.00156562783310745,0.00157082830456891,0.00161415008546798,0.00170656587898222,0.00325085908662526,0.00189831205408328,0.00160281781789699,0.00160946497790376,0.00250901846023682,0.00378937473028249,0.00351522920030733,0.00192257479779106,0.0035572131363655,0.00228500975491259,0.00277072843954416,0.00177074360930645,0.00181076382789447,0.00175928465570053,0.00180685979351637,0.00335249545720786,0.00315017296117585,0.0025799484929411,0.00268073066608262,0.00252655548277648,0.00144037847511365,0.0018225269381245,0.00159852677621541,0.0026792299879116,0.00158224117970765,0.00158516459775181,0.00153881444625127,0.00178280823781363,0.00192571742189362,0.00182337228113128,0.0027737739414163,0.00171486248217348,0.00231382297117178,0.00193198465861428,0.00197986018897702,0.00152839052163368,0.00384612149669936,0.00352988962412995,0.00309257360939151,0.00287985572739697,0.00370408404542739,0.00251462490820971,0.00317878765249248,0.00271163493842747,0.00372027250394282,0.00138789947641311,0.00190472416535381,0.00210554546878997,0.00191435471785333,0.00184107824313333,0.00212086716873581,0.00215272522260178,0.0019645868119146,0.00325380261138347,0.00162887964416937,0.00310952398671533,0.00217300905789702,0.00167497819343096,0.00294898719083559,0.00308087399037558,0.00312375271961035,0.00312022046494621,0.00177702405091093,0.00296801491943118,0.00304421268233956,0.00213395548292306,0.00354149488467611,0.00185774511822349,0.00181149752491373,0.00288367197829984,0.00217933431389643,0.00195940923743645,0.00189208900693129,0.00210215897194758,0.00329758389244239,0.00365462790693591,0.00243729436007478,0.00282771976018981,0.00155157959702788,0.00182555097376003,0.00277318350123324,0.00296260110643672,0.00358516720192931,0.00189121532385637,0.00221973891652526,0.00341607310530796,0.00171055629615814,0.002793738211782,0.00173162645162253,0.00144069298049727,0.00311785709454177,0.00393214093700968,0.00364266780735115,0.00190820085996597,0.00225272254065811,0.0018584103721167
"DU0093",0.00354267678332328,0.00367036393525645,0.00168326895074526,0.00315840878603119,0.00116465308583236,0.00331679883831883,0.00138303133557992,0.00117092540503414,0.00117555793631493,0.00387644040170686,0.00157165587419545,0.5,0.0038697615877072,0.0037266566619804,0.00377350093066617,0.00224437952704603,0.00376390672223393,0.00140157988730666,0.00166815747620384,0.00169043485403608,0.0034860237827175,0.00167523868068843,0.00380744891231879,0.00140433336335862,0.00185433084477624,0.00196624875125195,0.00112388143666346,0.00157575272022792,0.0016741582981917,0.00385808013935144,0.00385858671918,0.00207062935786759,0.00363856713380988,0.00366636963817022,0.0038671625501359,0.00380566995347507,0.00185125797192158,0.00119832095547026,0.00112907879689256,0.00176242167259445,0.00157531382791987,0.00335441082402372,0.00171412051163845,0.00182336190759035,0.00333320257466919,0.00337235379187297,0.00160155052103193,0.00182382262866741,0.00192487030997796,0.00309158667625763,0.00169384463744365,0.00338298682463595,0.00362483911455106,0.00184502188412409,0.00340874772507408,0.00189458885584168,0.00364818372378685,0.00185944094992024,0.00189351575576905,0.00386204677733416,0.00360720016732841,0.00109288158736376,0.00152152600732247,0.00176402825520682,0.003877351832203,0.00117326331366066,0.00183933973941986,0.00333304613451058,0.00342350298216905,0.00113107320577228,0.00118589543546399,0.00120382256875791,0.00134643280568211,0.00292849485446062,0.00217195912750409,0.00182485499972386,0.0038764525651678,0.00202848639812823,0.00196868440896314,0.00195680948227711,0.00386769011692689,0.00384685126453529,0.00387282431310445,0.00364926999228291,0.00109581435810564,0.00387062842832177,0.00183793848576686,0.00173358619625192,0.00185720758124101,0.00119326304837313,0.0012135523085385,0.00189587230299906,0.00160982789441108,0.00235369669011833,0.00365070328113627,0.00356634740143491,0.00149949148015098,0.00349119134631713,0.00141633864053716,0.00166609813658397,0.00111397435321877,0.00343532067323956,0.00377624574157671,0.00160189368625716,0.00386759627093201,0.00112752537245494,0.00119622722200648,0.00126233070036774,0.00155324200958416,0.00177110270535844,0.00178243541644932,0.00203752393882664,0.00155434782863993,0.00346412635553312,0.00348579829871772,0.00387463359008633,0.00376517305519338,0.00381797629262732,0.00385581574471188,0.0035821890881655,0.00341401269421064,0.00194102993506331,0.00338052041243769,0.00371527548816297,0.00205625320307892,0.00165814809903689,0.00180300850376751,0.00112085782820032,0.00298891359300295,0.00143492914631813,0.00186363054948669,0.00115295897450343,0.00338451611499026,0.00104913960797231,0.00356309433167164,0.00299746228546048,0.00198859765006927,0.00138007352655522,0.001973905948715,0.00185909342824159,0.00200893310145444,0.00295623026113531,0.00341921169981202,0.00362595533423432,0.00201206871500454,0.00377304036403497,0.001859678264389,0.00101190079689325,0.0034167799326323,0.00334096755814971,0.00140992468888387,0.00170434010087823,0.00356948022659771,0.00187351753355901,0.00106072166614247,0.00336244547377066,0.00114897751178621,0.00170769199377543,0.00220099656524305,0.00188305218883735,0.00213049527832274,0.00157670490723925,0.00119108707098051,0.00123220376338078,0.00202178949510915,0.0018804708695522,0.00387218152246258,0.00346663997450967,0.0016102079897537,0.00346476989564162,0.00183652962252796,0.00119167062159658,0.00134110624046952,0.0030069611996444,0.00202619283077227,0.00363125095058423,0.00182293845332319,0.00160451766899593,0.00340069966862769,0.0011554261651382,0.00189047057123028,0.00189623434269019,0.00183167613134138,0.00347820267454466,0.00186945235072645,0.00189744809693662,0.00114554434828856,0.00111884358163131,0.00196052632653827,0.00289438034255865,0.00159515103716012,0.00310700769630086,0.00114989643065448,0.00181473728078725,0.00179479631912993,0.00116983197502894,0.00184275353825976,0.00184457737276263,0.00161454459022669,0.0011047937767021,0.0033494020145824,0.00163461199883573,0.00151795599127161,0.00175929777428405,0.00344646576868095,0.00192737616849662,0.00209462424925731,0.00341210377613802,0.00194245916603413,0.00324768189803145,0.00200059845607969,0.00176036540416866,0.00123635417423175,0.00171715224940351,0.00158656454013238,0.00117777755093444,0.00350438771737142
"DU0094",0.00353539653725381,0.00362943504751693,0.00169489611655341,0.00315997073107293,0.00116303762590916,0.0033141222206718,0.00138180899395614,0.00117043608844621,0.00116873914566885,0.00382810704508325,0.00140694163235798,0.0038697615877072,0.5,0.00371523405378113,0.00377618379423929,0.00224585708370847,0.00371990301819693,0.00163489171298123,0.00170541214133786,0.0017143108131641,0.00349556200342228,0.00171771279002036,0.00374348461001446,0.00141144544921406,0.00186727257980016,0.00192398912604555,0.001117260235866,0.00140926052470152,0.00171604005489204,0.00381939933252164,0.00381241189947728,0.00200300399071594,0.00366261532256903,0.00367082861010201,0.00382778742713908,0.00379186263636982,0.0019049292921999,0.00119392189003452,0.00112538660153905,0.00178950591954884,0.00158409168468066,0.00335765329591471,0.00170851874099632,0.00183733758309284,0.00335274216444974,0.00341122612079055,0.00164078205599593,0.00182083526113621,0.0018743966176777,0.00308948736747588,0.00169137015059333,0.00339662317925972,0.00363271135162411,0.0018556285902968,0.00343484526273012,0.00189129630923691,0.00364716264556072,0.00185233710114515,0.00188677959693384,0.00378036026367351,0.00362108396831714,0.00109322892211251,0.00135556603330322,0.0017581850831603,0.0038293093177117,0.00126919763287936,0.00180496998342178,0.00332650438040569,0.00343678027712154,0.00113039123115921,0.001181605015723,0.00134550974097398,0.00137379298232358,0.00292466602382793,0.00212858642951868,0.00179483991636338,0.00382810445420501,0.00197126243979572,0.00195796152348502,0.00195695927999856,0.00382760832001492,0.0037994701663847,0.00382447581205811,0.00367294836605022,0.0010879251538546,0.00385017265209185,0.00183088829843421,0.00174278726648587,0.00186323474157495,0.00118530303039401,0.00120879492808478,0.00188151734108408,0.00160524143384914,0.00233085742472617,0.00365669187769215,0.00352580657773289,0.00153325064922003,0.00348599258246473,0.00163872852042118,0.0016614905738806,0.00111331892754843,0.00343890396394969,0.00374390502505844,0.00161649666358932,0.00382257733495498,0.00112770832092352,0.00119336470452885,0.00126426770792578,0.00156546970369771,0.00176428091678406,0.00177701973231697,0.00204067486238145,0.00155417753197913,0.0034751648921285,0.00347464305843061,0.00382669033724761,0.00376786040649158,0.00381911490049093,0.00381040499464681,0.0035456763071389,0.00343906582152952,0.00192639930873104,0.00338889873584554,0.00370361259109962,0.00201483101233879,0.00165996179413643,0.00180825088752175,0.00111371785401589,0.0031308183299163,0.00142653546057232,0.00186965795318821,0.00115114898533227,0.00337757466491581,0.00104663692933341,0.00357485881071997,0.00299511133416458,0.00191862360136156,0.00139036557879907,0.00191503288908037,0.0018628395191511,0.00195782550526908,0.0029506957367036,0.00341333075480803,0.00357286726334335,0.00194324733170121,0.0037758553002043,0.00185305906140066,0.0010083994964417,0.0034502444053903,0.00336788271309054,0.0014101808001152,0.00169517506504528,0.00358167988510141,0.00182695462020628,0.00105794718792319,0.00337344112170537,0.00133152152585314,0.00171439867534587,0.00218496657976805,0.00188879666350167,0.00208392971645978,0.00160726301197724,0.0011902278129802,0.0013825998765973,0.00202806618340393,0.00188098878686693,0.00382364333082383,0.00346962215900496,0.00160571946640907,0.00346003523312856,0.00179369122737672,0.00134227700946971,0.00135685757403041,0.00314534087530263,0.00202680679037577,0.00364343786304173,0.00183159093743147,0.00162727142982395,0.00339182625188837,0.0011497751528799,0.00185935987155028,0.00189433662407902,0.00181937902365217,0.00348489791428752,0.00188238304579495,0.00185065901049797,0.00128706631208831,0.00111060568911877,0.00196607535976243,0.00288975571065766,0.001596633383334,0.0031095532259802,0.00130380752887325,0.00180781202222059,0.00180352731572216,0.00116652712945971,0.00178747909146688,0.00187194953279412,0.00162757200120951,0.00114589534324011,0.00335930589837603,0.00164677399876712,0.00154807867453919,0.00176369713406512,0.00345342788189596,0.0019336643838782,0.00200873299272458,0.00346080619163277,0.00190159262555332,0.00345815601520867,0.00196757861259482,0.00178459864581831,0.00123058422296994,0.00172441303746301,0.00160569664139407,0.00132745446258157,0.00351788196565306
"DU0095",0.00393877692462308,0.00345325635088418,0.0016671082493659,0.00336011186750782,0.00117075013285894,0.00332540690131554,0.00158146752125362,0.00117781312077891,0.00116768520299291,0.00383287280680704,0.00160652905870551,0.0037266566619804,0.00371523405378113,0.5,0.00384812836876173,0.00223715019115806,0.00363722668737593,0.00141593341542973,0.00162441287156476,0.00161263429982928,0.00355059217515185,0.00144757322512964,0.00346058038693725,0.00160879812299064,0.00210384325704221,0.00175244845658954,0.00112737467650651,0.00161737353107318,0.0020482596258327,0.00347639297994186,0.00376073692380002,0.00177773209459086,0.00370246647144307,0.00380219252961881,0.00392184753005667,0.00387950598853817,0.00146740107805078,0.00120254679152226,0.00113526079687632,0.0017340547724295,0.00160916345456794,0.00337595482805714,0.00175414783219107,0.00177951503418549,0.00314964415586734,0.00317876819543222,0.00140243713391743,0.0016227226698657,0.00172509718918934,0.00311029794938679,0.00185694911021321,0.003361067070234,0.00344893216055974,0.00181838779489176,0.00339283613195388,0.00224915042436724,0.00399530080742356,0.00221777574526254,0.00231928632226917,0.00347429299731856,0.00378465725938649,0.00109998873085753,0.00156567337211399,0.00142147797779722,0.00387432522782749,0.00117632289561662,0.00139963993040328,0.00334676169486735,0.00340832954523546,0.00114589704477054,0.00117944652502922,0.00121811803154045,0.00129157485672412,0.0029432380372728,0.00213450812582542,0.00165085678578115,0.00383122584590872,0.00179095959368131,0.00213085075486088,0.00189111475178683,0.00392083565383628,0.00370355605274929,0.00382238294711027,0.00356720383246102,0.00109508188331631,0.00355261781086545,0.00189701572260377,0.00197268977653963,0.0022092100238299,0.0012041587696947,0.00121591457782534,0.00161002767637819,0.00164825103604565,0.00223981259274282,0.00377511237857678,0.0033915813990323,0.00118359892628516,0.00356168205568894,0.00134239486262371,0.00160488825769662,0.00111918294585742,0.0035047111993354,0.00363179889694916,0.00156244803279403,0.00376564337954991,0.00114366590770595,0.00120910938376273,0.00127652098291701,0.00157608595119853,0.00202852376853917,0.00184167240902085,0.00173994128736161,0.0015939047740319,0.00346097691687009,0.00355399311545492,0.00388335945873978,0.0038935890544363,0.0037771809073055,0.00378466119401447,0.00341518814831743,0.00339813686066177,0.00191647840488137,0.00342605684527086,0.0040707974297963,0.00191702870784354,0.00170583332138937,0.0018472408008242,0.00112259135266374,0.00315367944468845,0.00163562637579491,0.00186675154755162,0.00116459445136591,0.00342790632955781,0.00105428987275277,0.00355738418410977,0.00301471830820031,0.00164538410648319,0.0013645366259436,0.00172943041137453,0.00210556010257801,0.00181541246256958,0.00297574347921479,0.00347835364077875,0.00340730398939532,0.001658249998114,0.00380291300425142,0.00187488003322524,0.00101716207200552,0.00338480801979436,0.00331766226277274,0.00159832735518937,0.00159284185598946,0.00356953421966628,0.00168312080430429,0.00106744124798375,0.00341930460967901,0.00137054157638508,0.00168817903966641,0.00213076427850871,0.00223234061857836,0.00216043311193769,0.00152206731023411,0.00134556481508683,0.0015602714923511,0.00213363387150396,0.00197871526679784,0.00379976508113936,0.003520711396816,0.00165285224138859,0.00353950037322644,0.00159349904731069,0.00151810752470963,0.00130045900843422,0.0033205798211133,0.00191633747979855,0.0040486732732125,0.00217424066996587,0.00154397924005654,0.00346001591916261,0.00116545846043434,0.00170919753720261,0.00211158316700129,0.00187977183909421,0.00363814228212595,0.00190146300174798,0.00166699720317363,0.00129883888641365,0.00111533367538134,0.00180283845864733,0.00291266363505144,0.00161814355055709,0.00329261013598571,0.00117440147769709,0.00181636011957005,0.00203382953767766,0.00117636563324828,0.00159138133793294,0.00183433843844494,0.00166409194685178,0.00116780077216455,0.00340916024006174,0.0016479955092041,0.00133416702080057,0.00176290464746209,0.00350805986167146,0.00206793689860926,0.00151676788668228,0.00320128311583594,0.00173564539925632,0.00320619245519416,0.00174550208300705,0.00167629492156572,0.00124214631899088,0.00173672584559245,0.00160453665858922,0.00134175026423687,0.00356871826505999
"DU0096",0.00372157499838684,0.00360613529208565,0.00164655656199883,0.00334998824821658,0.00116505365390706,0.00298217511463684,0.0016043352852014,0.00117430448034501,0.00117304152448176,0.00393060592573599,0.001575294708839,0.00377350093066617,0.00377618379423929,0.00384812836876173,0.5,0.00235136067871706,0.00369214553866782,0.00124477292596389,0.0016615607598607,0.00130171597720941,0.00357220474289444,0.00159498130476794,0.00368121414933629,0.0016167198870561,0.00200034926552413,0.00189684045725133,0.00112909927744558,0.00157209138522527,0.00183100359027976,0.00358437110861721,0.00383805155131898,0.00195127938691298,0.00368574201895683,0.00384506072781643,0.00394798353801913,0.00389661355648471,0.00139242819231566,0.00119843518593041,0.00112986864307029,0.00169067071455132,0.0013966821293057,0.0033205297498766,0.00174277976515193,0.00171650377290905,0.00300383910534906,0.00333934726671517,0.00138402492918487,0.00171545717494077,0.001797601913356,0.00310587070321333,0.00182703826466663,0.00330220957059498,0.00362719622084905,0.00174492032586808,0.00338518652642971,0.00199067066528138,0.00374761992342077,0.00197963098843796,0.00208054790332572,0.00370729222508689,0.00365607945382981,0.00109113677445907,0.00155374482445792,0.00177262698465748,0.00394788606015289,0.00128394336876526,0.00175065187214386,0.00312953289617582,0.00334581890327581,0.00113332622453507,0.00118102573840309,0.00134843451079903,0.00118826738379817,0.00294089134911472,0.00219888513263672,0.0017750558184994,0.0039290881829441,0.00193448518750338,0.00211740415781581,0.00202691960909844,0.0039477675404976,0.00375422420308522,0.00392052281718673,0.00366174223773519,0.00109515517443481,0.00378060182825361,0.00187966773863184,0.00190354813202427,0.0020248385715566,0.00119950523544151,0.00121429250764518,0.00183033295181669,0.00159101423395999,0.00237829585234606,0.00378371026983805,0.00351235508257473,0.00117144469944284,0.00349694107146819,0.00121300245685856,0.00155137417789031,0.00111474161133651,0.003492564780339,0.0038025174016656,0.00134121620120813,0.00381110289079909,0.00113149165488203,0.00119941298884492,0.00113946367350535,0.0015230109787089,0.0018970481356056,0.00178424768606896,0.00186155295397371,0.00139029812445089,0.00342762258383957,0.00349104598652677,0.00394554985998968,0.00398010282518763,0.00386235350429467,0.00384389599405951,0.00353999351318661,0.00340764874915506,0.0019364267284405,0.00344993200922102,0.00388338627824318,0.00197750575736232,0.00165002375215596,0.00182435350658095,0.00112074972848442,0.00336456286308601,0.00162187372321786,0.00194134895557301,0.0011600800151278,0.00342455705887825,0.00105005623360927,0.00349414201911657,0.00301214741444912,0.00184841079564286,0.00122452868194472,0.00187525946202244,0.00204110623921798,0.00193587739158393,0.00309164113661996,0.00343029413879866,0.00354374168818846,0.00186919890879912,0.00392385389974566,0.00188040525421822,0.00100954279951045,0.00334518175953499,0.00311941051645451,0.00158512338360483,0.00165920275717444,0.00350560409777828,0.00179871756891553,0.00106317894570196,0.00342696767530752,0.00133955106677966,0.00162599124325297,0.00217773665326552,0.00201527202097852,0.00219157030466466,0.00122849399224461,0.00119341542833886,0.00155264929982034,0.0021243112819887,0.00190840730154516,0.00389961909386186,0.00346805069608401,0.00163435368109644,0.00351962122503206,0.00174672198902439,0.00150752915246782,0.00117736285094625,0.00332068140155332,0.00211944508822522,0.00384476764172194,0.00199156473314366,0.00133683902400998,0.00344201802293555,0.00115841262553789,0.00183264818649667,0.00206607462916189,0.00186391198467742,0.00358332272418899,0.00183377247752934,0.00181449159894567,0.00114254658249772,0.00111600756404819,0.00187449039389656,0.00290799171652027,0.00157980056103645,0.00311942072753694,0.00116094139914078,0.00175170806845578,0.00188684004766612,0.00117015448651528,0.00174035695964686,0.00185674160126798,0.00162892692547734,0.00113526079494213,0.00338089025520769,0.00160148636937643,0.0011867799678507,0.0018811086019597,0.00346263255515343,0.00206782582528902,0.00191682330930951,0.0031944388834754,0.0018735301948825,0.00306720537757442,0.00191129103520344,0.00158863308888937,0.00123750203473937,0.00170067295321626,0.00158979490582614,0.00151427509221598,0.0036378072104613
"DU0097",0.00207558215408933,0.00199143265080682,0.00180381660414153,0.00182833836675791,0.00153258359652379,0.00174937848976589,0.00181048813509042,0.0014135037503695,0.00119370359121379,0.00228315137524614,0.00169554205550098,0.00224437952704603,0.00224585708370847,0.00223715019115806,0.00235136067871706,0.5,0.00216045320908187,0.0056182802650887,0.00174520401944463,0.00148614105897539,0.0019835867958066,0.00151447105736486,0.00203482401236961,0.0015006592827693,0.00204751468981423,0.0019633473521544,0.00167680099139504,0.00170810241507509,0.00400165163762436,0.00198708776651685,0.00228947708023499,0.00202894431353037,0.00212352385025998,0.00225729253521927,0.00227654388798984,0.00227134365749071,0.00145686908523517,0.00157071351326034,0.00122103163107757,0.00177647518188943,0.00144802410583893,0.0017690266194175,0.00180737216884831,0.00179187323536643,0.00140479304920519,0.00155917587307373,0.00141553914822023,0.00186136037901541,0.0019132676435065,0.00146507466928278,0.00180417696106776,0.00155584643110126,0.00202304862687141,0.0018491740030383,0.00184887598193973,0.0020053805092243,0.00209534509603482,0.00200203521385495,0.0020500657908827,0.0020448333793704,0.00201071740187992,0.00187558106770231,0.00172094577365824,0.00159031948563012,0.00228543494358805,0.0016716254698373,0.00161911549197586,0.00177720228059527,0.00176793391411963,0.00131159551433899,0.00136263175567967,0.00138268856911886,0.00125231377545203,0.00137971489596051,0.0021827727199182,0.00186401192867753,0.00228313351668692,0.00217590203091169,0.00220126839517114,0.00217793139600515,0.00227654181664476,0.00222832351069845,0.00228015327899629,0.00211594919767075,0.00199794095286256,0.00210618446524516,0.00197971373065361,0.0018890745085271,0.00200769282518255,0.00138558353938907,0.0013485049960643,0.00189862692649499,0.00172505180610164,0.0973765304520746,0.00224227606572275,0.00196734387605011,0.00129133802588776,0.00194155187349221,0.00131545932352697,0.00172716511734285,0.00118867395541133,0.00195107602547767,0.0022343201290719,0.00163483407136977,0.00227958687046001,0.00129898507498587,0.00133397475806206,0.00130118036710442,0.00169788693107221,0.00191168116128227,0.00202204174277884,0.00191968822228696,0.00168395309300014,0.00187806152110043,0.00203605247919907,0.00228314595864331,0.00232263074301234,0.00230491247540439,0.00229029910765037,0.00205804755732804,0.00198756187523846,0.00213447667773341,0.00191833595582603,0.00222935314802895,0.00211377985284189,0.00182265400654245,0.00198736866987267,0.0013435922259288,0.00185384640202657,0.00152018198870344,0.00209824358687298,0.00131946924681233,0.00190019157047726,0.00118262252478394,0.00193475102695573,0.00140964794295164,0.00192551950631786,0.00144285231749138,0.00193801956535663,0.0020274161442095,0.00200391701690108,0.00144153618880831,0.00186308103869914,0.00195149115086052,0.00193097590650466,0.00236202782747973,0.00205798947218593,0.00116249704799702,0.00176896399568039,0.00180753385332445,0.00155041948598631,0.00183618669154521,0.0019651302499226,0.00184336278168317,0.00121323025242083,0.00184047643343936,0.00231933118396395,0.00171857227006573,0.00224513836853812,0.00205728202572997,0.00218195424381852,0.00143971626636282,0.00140424295085211,0.0016612514965848,0.0021760564557532,0.00193975793491244,0.00227937005756763,0.00191423035713383,0.00166959420502415,0.0019163344937311,0.00185764208365524,0.00161943284558854,0.00123678300532963,0.00154918184760849,0.00227824504075637,0.00212727671490097,0.00198242038390341,0.00162147520246998,0.0019277212515505,0.00132825879559943,0.00190062559325565,0.00212256054519547,0.00202749258686757,0.00199193452111359,0.00196954816916547,0.00192567576861032,0.00162926042316158,0.0013063817112975,0.00200534349877452,0.00161944416829998,0.00174631897128679,0.00174464239321108,0.00158547156611762,0.00189391436944012,0.00190619430511231,0.00151555504321202,0.00182073128145852,0.00197496849653866,0.00173518961219221,0.00254900213116079,0.00192571989631512,0.00173900275205299,0.00157893136346786,0.00198457401248734,0.00198474276822529,0.00209369409038812,0.00177784285827329,0.0015317492073386,0.00193972384307148,0.00147997646140506,0.00196317233540119,0.00152094046715764,0.00120893687356448,0.00186355703761429,0.00176352669208148,0.00165061494954752,0.00204203502823795
"DU0010",0.00347769168963834,0.0037186716818985,0.00163549476390218,0.00333318808829545,0.0013017112987839,0.00330863665455998,0.00159388012867036,0.001299072834822,0.00120857009607733,0.00382234414198361,0.00161413897033989,0.00376390672223393,0.00371990301819693,0.00363722668737593,0.00369214553866782,0.00216045320908187,0.5,0.00138477248663257,0.00162205386599325,0.00166084471071983,0.00346193319594981,0.00147384324199105,0.00385600410171102,0.00161086624825333,0.00179155246500597,0.0020146286997893,0.00116947552739356,0.0016336463897085,0.0016496405168179,0.003769015594705,0.00380569601560591,0.00209781458614074,0.00351114835938017,0.00362203062113858,0.00378102389900942,0.00372169077732109,0.00144544573647071,0.00133900595787144,0.00119503812481594,0.0017345175913979,0.00161930317930095,0.00335525076708197,0.00175715385357171,0.00177073729883196,0.00331258865978277,0.00333938548042482,0.00158635730767267,0.00184544446579537,0.00198326950500603,0.00320973314237498,0.0016939655634095,0.00333748197548903,0.00362001413566396,0.00178988025782645,0.00336644027486326,0.00182217839404925,0.00355882804770621,0.00183166851344441,0.00182915763125009,0.00390125566079615,0.00349720210056614,0.00115614231701062,0.00154154567074898,0.00180755897123743,0.00382255769376197,0.00127165140342069,0.00194417329603083,0.00332315340150954,0.00337879631554891,0.00127552833118079,0.00132237406746361,0.00136859061283295,0.00132080047655362,0.00304959746452633,0.00211911534294269,0.00189291471480156,0.0038223839234461,0.00205152827646664,0.00189834225580145,0.00193458671862151,0.00378156127950685,0.00380221975307452,0.00381889085762573,0.00356661376988065,0.00109339393552153,0.0038636801223894,0.00185265702987489,0.00172588748948238,0.00181962610989167,0.00132803582841173,0.00133227007918936,0.00192876347589034,0.00165281869681884,0.00228780975234162,0.00357319983707805,0.00361779766614506,0.00133361690260354,0.00346556963444124,0.00135458468109332,0.00163188213811696,0.00119469118839944,0.00342303602496634,0.00377100867662071,0.00157801158582466,0.00378640122353547,0.00128998412823585,0.00134667736814005,0.00127607694998314,0.00156905902179254,0.00175317957989916,0.00176615617701218,0.00200990276773792,0.00160833466578323,0.00341614169882084,0.00345304412755858,0.0038121325346274,0.00368434022205408,0.00372067446237964,0.00379891107834054,0.00358920222285024,0.00333591377474832,0.00190292234131019,0.00339850333557434,0.00363403966097936,0.00208308448032503,0.00168053128783679,0.00179658695165561,0.00111744027100074,0.0031279000661522,0.00162869869859402,0.00188065913779827,0.00124887600349226,0.00342056675537103,0.00107249667684209,0.00347943620438739,0.00312859994016823,0.00205295206900159,0.00139224154930982,0.00202604709385987,0.00179376307915694,0.00205126046555813,0.00305600286175814,0.0034443296730628,0.00369120674010162,0.00206702001842402,0.00370416275643649,0.0018277512535083,0.00102669313307183,0.0033662567260879,0.0032908316854455,0.00161499803192788,0.00174595772228267,0.0034680807682073,0.00195060721568214,0.00106176992901104,0.00340032804671578,0.00133211645434167,0.00168006600466078,0.00208790949025121,0.00183557980473218,0.0020584107901944,0.00138776093352356,0.00134841523275176,0.00157782680871644,0.00189776384193295,0.00178850853217023,0.00381862382940558,0.00347701792007945,0.00166856942433217,0.00344856524507551,0.00189335142858745,0.00154565799921077,0.00133148218720464,0.00316500152769395,0.00197835003685723,0.00356126565463407,0.00179754952642293,0.00156064155585974,0.00341230569475665,0.00127212538734799,0.00194908165567428,0.00183596032631934,0.00177934409897242,0.00344532472096729,0.00176074633542435,0.0019535105709265,0.00130953576549175,0.00111528506054736,0.00191850435283339,0.00301786380743734,0.0016478615332229,0.00329416543072428,0.00132771559498761,0.0017903061652851,0.00174035110714872,0.00130130770950723,0.00191932337042296,0.00178932883133166,0.0016631390369295,0.0012680943133317,0.00337232194972037,0.00163978909985687,0.0013346757422792,0.00181469538150972,0.00344327380587146,0.00189415000688884,0.00214420087419442,0.00319049178624831,0.00200414893924917,0.0031938618272523,0.00203637102361226,0.00144997137276605,0.00135449149855633,0.00170272401127917,0.00162439454568789,0.00135029398398656,0.00347158801024972
"DU0011",0.00135653236104851,0.00132787286928744,0.00202490816957281,0.00198294375010087,0.00170806820938128,0.00183133921123016,0.00145387926354501,0.00445056902889227,0.00156963120016081,0.00124388154529036,0.00175185021387622,0.00140157988730666,0.00163489171298123,0.00141593341542973,0.00124477292596389,0.0056182802650887,0.00138477248663257,0.5,0.00252123688663755,0.00269239037331865,0.00171433945374829,0.00268648627470086,0.00121561327877674,0.00180175057705998,0.00168838331048538,0.00115964043089401,0.00170188322713419,0.00179276338529922,0.0462217990940482,0.00179437480083509,0.00122348584697025,0.0011684649144013,0.00187509000041157,0.0014245666742051,0.00125840413137246,0.00136711191026935,0.00341521878754255,0.00179141878989658,0.00155200286540489,0.00214105118573417,0.00187758495199505,0.00188608173636694,0.00148476437086995,0.00297288160111285,0.00242463247396482,0.00249732355695246,0.00231800350775771,0.00168748458314855,0.00145452714805217,0.001843632405518,0.00180710729574878,0.00204429137654259,0.00170909713715253,0.00195629234977737,0.00197151294276002,0.00174640610486664,0.00177882215828198,0.00168925075545552,0.00136750667332594,0.00112374175537206,0.00194519166250476,0.00151465453325802,0.00147747981993546,0.00137821836761852,0.00125143454084402,0.00138031621435258,0.00149000145417216,0.00181584712476271,0.00193638926132362,0.00217173201474367,0.00168872242223229,0.00195622514374649,0.00254845873659267,0.00176470170645931,0.00187441893665616,0.00136311595905761,0.00124359533854619,0.00119562842542313,0.00125653989339414,0.00133430213355948,0.00125820869161335,0.0013495854048464,0.00124123808773754,0.00193099704697149,0.00125077882072284,0.00125265133737375,0.00139743967521365,0.00168434578455388,0.00146984208899082,0.00170330164967288,0.00234912608609137,0.00141076035800461,0.00185450527115944,0.00564601148488218,0.00141910129376102,0.00137007973694874,0.00224239062550644,0.00178381780125669,0.00267444123385597,0.00182444425551469,0.00164298470893265,0.00175299142769631,0.00120682359382909,0.00209767765568747,0.00135617800168825,0.00207415213883409,0.00181541690730139,0.00179317955330396,0.00187153291350013,0.00171042009086623,0.00144368650439809,0.00192450344843566,0.00174975730573908,0.00195775109370885,0.00138245941120119,0.00125233614742812,0.00125016707910991,0.0013762990411407,0.00122584926321659,0.00127139784851849,0.0017571413410098,0.00132818579898469,0.00136701655478168,0.00128377277120876,0.00363213804866044,0.00173600946036314,0.00175733501146973,0.00134966247026204,0.00195447620963333,0.00170851846904871,0.00143320008949118,0.0020168943800109,0.00140790187334672,0.00124952931415037,0.00200925656339198,0.00195423787403872,0.00122628623006126,0.00220204033011799,0.00116960213605197,0.00198486377422194,0.00121403178175067,0.00160465340961235,0.00187437383208487,0.00154937848646539,0.00121451821981673,0.00137869816920042,0.00133680032472968,0.0012322418071802,0.00250767640170325,0.00210159066531714,0.00462867955106577,0.00164266602869541,0.00215465898790862,0.00137232091462324,0.001267428784711,0.00183071813217333,0.0268124124537418,0.00206859689487817,0.00139772887531062,0.00146581362779728,0.00125280221355017,0.00214600673224873,0.00189235656875644,0.00188067900176911,0.00163285928636839,0.00191621016452507,0.0012369925898757,0.00179327638350167,0.00157187080348856,0.00175279017251472,0.00123778141384405,0.00198254513310538,0.00227419028170121,0.00174715076574528,0.00119876123053164,0.00139369463448441,0.00165747426652501,0.00246738081631016,0.00143543146128909,0.0016618976151636,0.00134393605820829,0.00126267119051897,0.00140075965771808,0.00179298291016891,0.00182058398150922,0.00120194718762585,0.00183941998061767,0.00133352074995632,0.00174889894177625,0.00172758966819361,0.00181293685694931,0.00179196215488869,0.0112948331040577,0.00224357663956499,0.00180137600569001,0.00182088096728824,0.00149451015975269,0.00205500626471032,0.00183461186146096,0.0343408476477866,0.00195590158124244,0.00187386093644715,0.00200854167965914,0.00145385402749157,0.00177709500637607,0.0014441692541386,0.00111843842460068,0.00280730862313815,0.00120135571920695,0.0029406782580342,0.00188416471514978,0.00264297822021786,0.00152981029051312,0.00188414192857145,0.00225061785777846,0.00178453997880865,0.00168716015326747
"DU0012",0.00162603309564489,0.00139623833299197,0.00334715765304064,0.00165910920056822,0.00329107847632238,0.00179624654133779,0.00249038884813675,0.00146129865103575,0.00209972008175899,0.00137221530879787,0.00269316862577249,0.00166815747620384,0.00170541214133786,0.00162441287156476,0.0016615607598607,0.00174520401944463,0.00162205386599325,0.00252123688663755,0.5,0.00206823729521382,0.00178572872056121,0.00212153455999816,0.00129502494449041,0.00329878698713358,0.00353475104714039,0.002555871438461,0.0021892773068785,0.00276808262623113,0.00178250405194754,0.00175606139948652,0.00155519000648194,0.00204510544726062,0.00190095966983669,0.00171167053208242,0.00137552820112329,0.00158924201007641,0.00381792997210901,0.00264296104901687,0.00303151537041841,0.00288146064313751,0.00362224748596599,0.00191698486289278,0.00341552072666664,0.00200940848462582,0.00212355173558473,0.00232486281352259,0.00382410594417074,0.00294961248927514,0.00213164752624603,0.00149690535106402,0.00250329660932174,0.00204029709316711,0.00180043308816872,0.00305867133086598,0.00196136096713531,0.00347559981341808,0.00175462842549505,0.00288580454747815,0.00261980030726959,0.00121591771493064,0.00187662318881283,0.00207028894377669,0.00221855835411526,0.00235034326550305,0.00137429958477742,0.00318207066716813,0.00229736751205524,0.00182069276752073,0.00196640177705013,0.0021534953100245,0.002949543637706,0.00355763831054857,0.00289205637696538,0.00169267547959126,0.00141148902397582,0.00291524420431278,0.00137215675104583,0.00189061558837142,0.00293532060336958,0.00227959424636898,0.00137544347679421,0.00160113586720114,0.00137057578452025,0.00208279592499987,0.00235585187066013,0.00124955210368621,0.00332537520587993,0.00295165229143495,0.00312604383741772,0.00232288574450279,0.00244884024115123,0.00219133035766161,0.00276455905088089,0.00169132889133831,0.0016909824350754,0.00161095053336876,0.0024845736714923,0.00176844969688427,0.00366513024255932,0.00254863060304882,0.00289187783280265,0.00169643751148312,0.00157462380709608,0.00259554074711426,0.0015996282003193,0.00242525690823594,0.00357052361728078,0.00305733717270654,0.00244800244368483,0.00288950471038032,0.00249667161525365,0.00219508018314988,0.00341040099728322,0.00190724033388318,0.00164272216760823,0.00137367870207397,0.00161788205540091,0.00164813674146559,0.00156813574239882,0.00140734723294143,0.00189803969444286,0.0024107355508833,0.00167270933956352,0.0015777859486894,0.00157871881089916,0.00316946930007016,0.00258435339773033,0.00240995009408605,0.00183067313501209,0.00286544742947547,0.00313858328719262,0.00345558865124241,0.00145289885213404,0.00267290545426218,0.00198500458765736,0.00171169721362567,0.00212161949621858,0.00343417983000668,0.00295858274942626,0.00337728777948168,0.00284939111213377,0.00147118342629305,0.00180273195503843,0.00140091303995335,0.00264512954998497,0.00170496086401596,0.00177937077099787,0.00201875167358203,0.00233867709524073,0.00204282384020272,0.00174111734005775,0.00333236995686649,0.0020325293747338,0.00327504040954662,0.00290036677521877,0.00183515104934215,0.00157311914275527,0.00283949134971266,0.00227736216820149,0.00282458304936878,0.00258616247202509,0.00300842613706856,0.00304315298265995,0.00337118067796002,0.00328760686764592,0.0024765744742248,0.00136933254423387,0.00178278990766719,0.00232308358995743,0.00171709014801536,0.00241645973586792,0.00225158668427565,0.0026805526661538,0.00147848543514633,0.00228565607287132,0.00166607498448999,0.00297178583018139,0.00305934229498406,0.00168505826478679,0.00294306459895508,0.00284145473899195,0.00251735147556082,0.00256303227788821,0.00175740439379195,0.00320143816204102,0.00249758397963508,0.0023875022569942,0.00229390462174334,0.00200023742265631,0.00167165261734167,0.00335307852769245,0.00179994710416319,0.00186983999706219,0.00177173607772494,0.00284091337157094,0.00296398377408687,0.00222681364968782,0.00385194484705711,0.00371986986443646,0.00176368477165754,0.00181621042254156,0.00365298266334822,0.00343610487858661,0.00286874535878869,0.00174598802416806,0.00312018873993207,0.00197003452132353,0.00252534657538944,0.00310393699945483,0.0025924822992054,0.0014589920213848,0.00386928572661824,0.00246409909569164,0.00283271014369088,0.00237628988040659,0.002459002613532,0.00181449975307018
"DU0013",0.00160973891844354,0.00162021691918627,0.00181581721902227,0.00177866811296681,0.00178528383378774,0.00193233673624364,0.0017461242279907,0.00991883668346577,0.00175144240618782,0.00129756574008274,0.00186017040105694,0.00169043485403608,0.0017143108131641,0.00161263429982928,0.00130171597720941,0.00148614105897539,0.00166084471071983,0.00269239037331865,0.00206823729521382,0.5,0.00186248623469696,0.0232406340792157,0.00137034973350197,0.00173921743988157,0.0016398196000726,0.00140058479672236,0.00125675813814159,0.0017921447389068,0.0024243697676118,0.00180541576013706,0.00143456788909013,0.00141465390905631,0.00187513362717705,0.0016548249036578,0.00128966710285095,0.00159049423436935,0.00229126172014487,0.00187206799962579,0.00156388189628018,0.00203690458715686,0.00201898089866458,0.00200730172141653,0.00195974982864859,0.0192231645326306,0.00216413045366647,0.002185480907746,0.0022128868003337,0.00174239175823053,0.00175903821907668,0.00191502530285388,0.00172751120555761,0.00211694760980192,0.00181828122206939,0.00189725614351855,0.00199109334860137,0.00169350919743563,0.00170925345448845,0.00165003517386067,0.00141863740318269,0.00133482171296351,0.0018430268101656,0.00133710118649398,0.00145855518614674,0.00209520904601167,0.00129724459698836,0.00137787677469313,0.00143431622274199,0.00194439722743127,0.00207656181992058,0.00151629888674655,0.00177544173280482,0.00204091060323111,0.00241563511755762,0.00173466048178485,0.0220228377082287,0.00166038280322672,0.00129760534750801,0.00144516406044624,0.00124808114997675,0.00137712613464128,0.00128971738156598,0.00162098905222519,0.00129615847310892,0.00189785973729673,0.00118213743681259,0.00138510982978195,0.00165973294344841,0.00174472447756622,0.00162135728467404,0.00154940645652723,0.00141563581474928,0.00131152827531966,0.00191486985980051,0.00162122660918018,0.00166026644761154,0.00167444234182751,0.00205489181284295,0.00184634240551801,0.00274692625369692,0.00185738739603017,0.00160342725185923,0.00176893420642572,0.00128265580322995,0.00198296546039348,0.00161408911598504,0.00171155378311749,0.00187223174738561,0.00162774176894659,0.00183292352866299,0.00173419283069104,0.00164073561793582,0.00203482187188107,0.0018726994949076,0.00192038833592041,0.00161134162562045,0.0012949293406335,0.00128522427339315,0.00162437598363626,0.00158237606712217,0.00137643025037081,0.00177235385394029,0.00138086231319527,0.00169798190477707,0.00142320810560404,0.0105320890777964,0.00172240873833578,0.00181846883574661,0.00127126137950881,0.00183592025314975,0.00166525038110851,0.00167990343327241,0.00142608141304753,0.00175098214515007,0.00119181102044697,0.00212231025973426,0.00182957994906884,0.00133326684696224,0.00190659297248602,0.00141763497322399,0.001426661884646,0.00128038086334188,0.00140714162468951,0.00175925059276176,0.001660942923177,0.00133767302275752,0.00163097047996722,0.00150335306801766,0.00116812241210893,0.00200280303380803,0.0019730492218842,0.0100852612108801,0.0017404819256491,0.0019210830291902,0.0016425572763839,0.00120812984020261,0.00185194643703455,0.00320849040605866,0.00192477370828896,0.00163531779621155,0.00165628679588565,0.00126519615247455,0.00199068542077149,0.00180924968479831,0.00189509153172317,0.00166905003233095,0.00185933577994358,0.00129622933264662,0.00186397667369523,0.00198944439947789,0.00180170882759487,0.00146197545336205,0.00187171787300521,0.00236314943693701,0.00182296732121486,0.00123908779069403,0.00146121187195389,0.00164638918237748,0.00205049879613693,0.0016210976318167,0.0015684729693721,0.0016784901811334,0.00125385431308501,0.00137384698766047,0.00180805006002281,0.00179071952513436,0.00158250338563275,0.00182210690663452,0.00125399590550798,0.00189845169300093,0.00171018333105491,0.00179082966147295,0.00195564991858038,0.00616220408842453,0.022358513913442,0.00176507175887128,0.00176002287509767,0.00161474521339723,0.00188676313191432,0.00187123435471528,0.00264350670650133,0.0017790848621188,0.0018245785610727,0.00186788057811793,0.00177006971800686,0.00174500199800979,0.00166437920446424,0.00133096590893145,0.00216394169114637,0.00158476741143123,0.00223715102492469,0.0223492910994343,0.00210480740696459,0.00151366048324899,0.00178226643433342,0.00178237166200511,0.00181317713057151,0.0019363434982858
"DU0014",0.0036752416776815,0.00315867940916737,0.00173968142791448,0.00316751820301964,0.00157865457061681,0.00336938960019937,0.00168751510846688,0.00139509576053068,0.0016951316451513,0.00353220877582307,0.001801465392746,0.0034860237827175,0.00349556200342228,0.00355059217515185,0.00357220474289444,0.0019835867958066,0.00346193319594981,0.00171433945374829,0.00178572872056121,0.00186248623469696,0.5,0.0019158503365505,0.00311203631011902,0.00163232054343278,0.00188030739448899,0.00143150608841894,0.00119568662161407,0.00174375895000235,0.00199529457565512,0.00304436205533373,0.00350507421897785,0.0013985357565372,0.00362349070904825,0.00359037690603512,0.00353800658806046,0.00350304609118943,0.00137554362012425,0.0018494320050181,0.00134068189691678,0.00189968561908751,0.00188514602099342,0.00360460295897819,0.00189328264338865,0.00194401036308143,0.00352503702079655,0.00353372604299,0.00180644070114773,0.0012387377954502,0.00127185008598813,0.00358172198447522,0.00200344774041714,0.00361417842353591,0.0034289530537937,0.00183270831907546,0.00349490019463625,0.00190018725707318,0.00364375245082888,0.00188750932841335,0.00196471233305866,0.00308863063548158,0.00361985207608786,0.00116032197233975,0.00163459268272385,0.00168618458283526,0.00353641840702483,0.00129541671291137,0.00136450329469173,0.0034222644540385,0.00368622708999154,0.00136746346434167,0.00166221319975628,0.00193433591725292,0.00191164269975646,0.00338120164383497,0.00184011694597639,0.00162298776899056,0.00353206118431094,0.00129719912846658,0.00178937245140288,0.00179362932750456,0.00353781228481674,0.00345313489359037,0.00352840609348381,0.0034052624648719,0.00114025651763836,0.00315741865910537,0.00185518732859842,0.00205728957432243,0.00189799912163907,0.00137421654888988,0.0013496073061849,0.00129454973352345,0.00186593042264604,0.00198734716157792,0.00358143878835849,0.00335569801088327,0.00173247519010656,0.00377174131151129,0.00169049742781574,0.00122435317687416,0.0015764913332459,0.0036720752738035,0.00353613610630531,0.00159568776288744,0.00348645019241827,0.00162652918263718,0.00167875236917664,0.00131586625083893,0.00163099714446271,0.0019743572460594,0.00177335234167513,0.00174424716996429,0.00178369681584215,0.00368503892811781,0.00344490845662969,0.00353491120670334,0.00357191303795274,0.00352497081505974,0.00349695802258935,0.00328523108144205,0.00340143066190395,0.00168909628914588,0.00340882725820415,0.0035818228306874,0.00172837168827699,0.00168313546317117,0.00194636405617271,0.00123639368864711,0.00336633879668291,0.00177082552884893,0.00184164126946443,0.00132540406639831,0.0035182536339942,0.00114057504994477,0.00370267282510208,0.00358643551686427,0.00129707720423008,0.00163057495386883,0.00139618208825518,0.00191748691168265,0.00163496083947142,0.00312303188144861,0.00354641586816486,0.00300499055880713,0.00130415221997762,0.00355473445642628,0.0018827219297622,0.0010905799122755,0.00347847508230344,0.00337040740360495,0.00172584630869629,0.00159740476412669,0.00361276369605528,0.00159581749897687,0.00115155700784499,0.00379294749364672,0.00146347022592946,0.00189697441324247,0.00181196197093832,0.00186528346999982,0.00179330942538483,0.00141770167401538,0.00139838586765623,0.00188455963329417,0.00182789283890746,0.00197451831248826,0.00352563085064873,0.00377953579096179,0.00203054535863475,0.00383104286919618,0.00135488591695854,0.00177688938579082,0.00195059300538522,0.0031991501320467,0.00177607921892388,0.00374608956888003,0.00192670729730003,0.00124724402956852,0.00357103588892185,0.00134707359388636,0.00165526844487168,0.00185428849159363,0.00185569851101414,0.00373687679750266,0.00184587238633894,0.00138504107236314,0.00155648389801774,0.00120612519395325,0.00155479537015655,0.00331483880296109,0.00159139023938504,0.00352416028647222,0.00188778293062009,0.00183630444578017,0.00190194757169731,0.00160808445798108,0.00139300196547185,0.00183212408757604,0.00201034067146523,0.00142596612904721,0.00358087205763649,0.00172617170962194,0.00137787648607476,0.00183233625412563,0.00356402692094812,0.00185743656723641,0.00128865889127919,0.0035239824710761,0.00143650659129509,0.00352111573851488,0.00148865973062162,0.00144839086574111,0.00146804375138986,0.00177583949521614,0.00122057063198434,0.00167774410422902,0.0038974991708856
"DU0015",0.00144883959157916,0.00130518751087444,0.00182936836774592,0.00173130233457449,0.00170101318762217,0.00185565716649118,0.00169712158475511,0.00926474713577315,0.00141841409519094,0.00130053652264094,0.00174962002762042,0.00167523868068843,0.00171771279002036,0.00144757322512964,0.00159498130476794,0.00151447105736486,0.00147384324199105,0.00268648627470086,0.00212153455999816,0.0232406340792157,0.0019158503365505,0.5,0.00128919833481483,0.00147643052805471,0.00169558155477206,0.00126197156379464,0.00137090865233675,0.00172375483473661,0.00238310295730738,0.00173166110137374,0.0013121703546555,0.00128768713571006,0.00187862770693929,0.00172453448430314,0.00129291254212217,0.0013094595836564,0.00221032993168237,0.00199072400603515,0.00156108642013512,0.00196861545781646,0.00197079068536025,0.00198295197262707,0.00186078018418829,0.0185803319595653,0.00212153525673925,0.00222500620349902,0.00220647532888168,0.00175315799618982,0.00172624499351902,0.00189906185593799,0.00168901036904865,0.00208181649365583,0.00197982927224205,0.00188148611461843,0.00196215721262304,0.00168271227761116,0.00172369976381808,0.00162921245846369,0.00140399599130175,0.00127882024935371,0.00184729434943651,0.0019658497490253,0.00147337823905758,0.00216897660372101,0.00130034376387546,0.00139576103159202,0.00143048864170852,0.00181624052336801,0.00211883787223158,0.00174432839839506,0.00169031042510152,0.00210226083783539,0.00252123105760461,0.0018044875746567,0.0217300963040566,0.00144914335250045,0.00130056686414997,0.00130436478238386,0.00125445757519323,0.0014194341975778,0.00129296020281504,0.00146126623910171,0.00129909368081103,0.00191755202949521,0.00157893320523082,0.00130306321926424,0.00144317098835789,0.00170058933989189,0.00144317462916907,0.00137658483928767,0.00142653459443851,0.00123199832904854,0.00192043560390128,0.00151090358001125,0.00167589088608972,0.00147113964319255,0.00214804305812356,0.00185879347167703,0.00294490800413131,0.0018669051517753,0.00164892841041313,0.00172668123552961,0.00141863156974315,0.00197814594692332,0.00145655863701638,0.00173133488181479,0.00178746127066787,0.00175948197661285,0.0018396676443602,0.00168647333170505,0.00146555258420417,0.00203259722750007,0.00181785352114832,0.00198392924118019,0.00161362459939039,0.00129805318536107,0.00143149882956887,0.0016447761067806,0.00131340201805002,0.00124098756918262,0.00188853739133515,0.00138508424464173,0.00151329248016309,0.00129767755348343,0.00959863010412175,0.00169574568752827,0.00182583923590491,0.00133717624507243,0.00191819736854966,0.00164764064477834,0.00151995634960669,0.00139470866806113,0.00150926250391884,0.00127041807741647,0.00213959464089833,0.00191880616390131,0.00124596943886959,0.00196861824762059,0.00127880786762858,0.00130004425969021,0.00128092926336131,0.00165001842425663,0.00174645040970592,0.00165004873867969,0.00126128843081295,0.00166170621134144,0.00152941136278622,0.00126407087848004,0.0019936562019938,0.00194270291124488,0.00937755386022386,0.0018474262435635,0.00187460044589086,0.00145597338431637,0.0012790880544341,0.00190991909862854,0.00330070884334643,0.00195920935907052,0.00146140940487308,0.00160138834304639,0.00126571854048918,0.00196392251765861,0.00178989826057957,0.00188968888349376,0.001714233740328,0.0018918917152727,0.0012990567211382,0.00187879928389,0.00203639144366458,0.00178475443638842,0.00146197592078757,0.0018454531658826,0.00252439526480549,0.00173998725771348,0.00138213364341819,0.00145900052408415,0.00162103213309146,0.00199054329212863,0.00169900543240744,0.00162714028761296,0.00167306347095439,0.00125522554580316,0.00136857990647017,0.00187619150417913,0.00176763375649912,0.00157131479041411,0.00189230464501612,0.00129763367729087,0.00191697544220599,0.00172352753136067,0.00178140010885411,0.00192545345439201,0.00590541565738095,0.0233672325422162,0.00177247484919142,0.0017583373354927,0.0014117029373818,0.00189648266758064,0.00190819565429835,0.0027806094402874,0.0018493390210551,0.00180471403096408,0.00192819173865689,0.00183295947733647,0.00176224783243496,0.00166120472488585,0.00125781671390085,0.0022817199422611,0.00127651239142454,0.00227883387707334,0.0236562879747407,0.00202232173085256,0.00171517898692126,0.00177048985580647,0.00186382736044774,0.00174646500087798,0.00201455722101886
"DU0016",0.00309146488225058,0.00469167326603097,0.00129772276504976,0.00321451412504221,0.00147152103271002,0.00310923251624558,0.00139741325604053,0.00132680928587476,0.00124515696730707,0.00400430427530428,0.00132308130186944,0.00380744891231879,0.00374348461001446,0.00346058038693725,0.00368121414933629,0.00203482401236961,0.00385600410171102,0.00121561327877674,0.00129502494449041,0.00137034973350197,0.00311203631011902,0.00128919833481483,0.5,0.00139168149481638,0.00128881491018318,0.00275838409471575,0.00122525104198447,0.00130090246855201,0.00117889666000968,0.0048409396519051,0.00396015214414996,0.00341856519252586,0.00315956968831669,0.0034951741506858,0.00384528796185985,0.00369735038793452,0.00137383260900856,0.00126840741647999,0.00115317019433229,0.00126668048056012,0.0012004660570122,0.00306224314547154,0.00145944484493408,0.00129500611050899,0.00302041519600961,0.00304725308928808,0.00123290706261687,0.00210647722767075,0.002491219723847,0.0032671904274016,0.00123385476966073,0.00306251620171312,0.00384738728242204,0.00127344251430315,0.00308765943594591,0.00129591331278671,0.00308906671950987,0.00136472589630228,0.00134516686235315,0.00592866784082226,0.00305704723096762,0.00111654935614349,0.00126049949437408,0.00214670791482595,0.00393433266239476,0.00152315325851644,0.00316708164025124,0.00309683943364336,0.00299967781062528,0.00124652324064132,0.00122990481905744,0.00125929488618304,0.00118176647357686,0.00305703460093105,0.00214423671010806,0.00225209405520124,0.00400719954431021,0.00274108583209191,0.00179640440294408,0.001899830139475,0.00384659639287993,0.00396311105988259,0.00401248043342557,0.00357594071540091,0.0011863446809507,0.00439936240152865,0.00148705273351405,0.00133682170764238,0.00144809514027325,0.001206148181121,0.00152567573813829,0.00241030887850972,0.00134393768774127,0.00228441814809361,0.00323852601984656,0.00404826722294841,0.00128165332141087,0.00302488975776852,0.00120941171405174,0.00169774872343133,0.0011348310954034,0.0030755364629479,0.00391951606428464,0.00130308278388885,0.00384713041480064,0.00120397671237431,0.00129567791427988,0.00114808679222146,0.00128547579621725,0.00128307700477817,0.00138531127995213,0.00234590077637339,0.00131778305206414,0.00305702290012349,0.00308846386182203,0.00391091858073345,0.00366595819265994,0.00373223579143722,0.00387566079724157,0.00386553929605957,0.00305657707192317,0.00178592615399754,0.00324980429644467,0.00349087271223305,0.00227151839834607,0.0013434792345496,0.00138038492930622,0.00115903542797937,0.00313548769173153,0.00125736428342095,0.00152831512529532,0.00140525671030139,0.00324388676333557,0.00108244993750702,0.00303523963872303,0.00317444495926656,0.00379536792419406,0.00133675631151853,0.00310970610681197,0.00130454986830793,0.00248514535548777,0.00308981522309312,0.00302654959280044,0.00461715773070645,0.00386309567742013,0.00362971939695453,0.00137064420247984,0.00106323936548258,0.00308405518597658,0.00306890269954689,0.00134963340200594,0.00191230686961043,0.00302939613669459,0.00250113012476095,0.00114445899681748,0.00307310264024263,0.00113970389994816,0.00129720381131888,0.00205754801475082,0.00140499413089873,0.00207616259852649,0.00137715119483084,0.00131093210315544,0.00130644648971918,0.0015323192627779,0.00132090912208984,0.00404995537500008,0.00309304941144652,0.00135236104017704,0.00304316991491308,0.00275188735640945,0.00128114407196459,0.00117277886239933,0.0034398811665081,0.001984142117998,0.00313793431859586,0.00138007309770724,0.00135633115491139,0.00300618532397572,0.0011720567877163,0.00241410540329644,0.00148211744600173,0.00133423049639186,0.00301949856002656,0.00134549032991434,0.00287031956935531,0.0012365801459532,0.00116617105636283,0.00188362246870695,0.0030226084884596,0.00168666866415537,0.00311599580608981,0.0012131616909524,0.00136708895148928,0.00131375632788426,0.00127591751137303,0.00292024448095638,0.00135857894782736,0.00128735749145178,0.00118235455083523,0.00304291075413264,0.00131119438234813,0.00127847218442195,0.00154871311497797,0.00307341420419245,0.00174400561193324,0.00419178572879541,0.00315119483700729,0.00278638748082917,0.00315998015078415,0.00271150844771555,0.00133703292501224,0.00127719533654734,0.00134562896762508,0.0016581848125438,0.00130186921277147,0.00307400007342806
"DU0017",0.00143773168961629,0.00174602241357445,0.00300247952205134,0.0021729856334822,0.00366022971124377,0.00190675426198111,0.00232301972864752,0.00153040929495578,0.00182320411549962,0.00140936400753972,0.00232200977549492,0.00140433336335862,0.00141144544921406,0.00160879812299064,0.0016167198870561,0.0015006592827693,0.00161086624825333,0.00180175057705998,0.00329878698713358,0.00173921743988157,0.00163232054343278,0.00147643052805471,0.00139168149481638,0.5,0.00383005871390535,0.00248101734091134,0.0019760712021897,0.00247551026197121,0.00142912256077267,0.00125129740161931,0.00158630964165211,0.00212665073043903,0.00165935637731598,0.00162799427977441,0.001574123358242,0.00158450444020176,0.00184328770620307,0.00229866508900384,0.00275485330976603,0.0022587615291075,0.00396812237034051,0.00167527795307143,0.00282539447788963,0.00162289399711521,0.00171016698862224,0.00145034820056951,0.00276618542196289,0.00420955855627915,0.00266498280850425,0.00153229828739512,0.00315094730295369,0.00164037987810669,0.00144353598640551,0.00244312673167968,0.00203488624834428,0.00280751806744379,0.0016040474088572,0.00250680147176203,0.00213461505823238,0.00134549551727817,0.0016148639040696,0.00285970784229558,0.00326654696175058,0.00283720911731467,0.00141033370361895,0.00416939575937551,0.00303494451132863,0.00179218467964602,0.00167644886275191,0.00300703587026234,0.0037245622452317,0.00404990930593184,0.00252411095684004,0.00148643895557367,0.00142858164408083,0.00273422642637746,0.00140935712587355,0.00204659692759904,0.00294550130705294,0.00203718597568378,0.00157402473968295,0.00158075638594858,0.00140790835463744,0.0016681098596092,0.0020899497114845,0.00260422153167877,0.00304234638222347,0.00253595685951193,0.00407591730618894,0.00258851629745035,0.00302832850713643,0.00208445391501486,0.00247894108725737,0.00165110844750809,0.0019788827767782,0.00168350025770178,0.00280743547768113,0.00143704399961048,0.00348004543152434,0.00366045766819142,0.00375794267389696,0.00175532976056441,0.00165483132610068,0.0032094479114002,0.00157807320821887,0.00333376893408625,0.0032969829439058,0.00363940324198505,0.00318617826778057,0.00229351553531446,0.00227216640348706,0.0018978921495585,0.00306720410295455,0.0017026717822594,0.0016342305780683,0.00140938377986606,0.0016173052041923,0.00159511251444121,0.00158097762995853,0.0017090936731796,0.00167302558787153,0.00214180905175773,0.00186733424609789,0.00164398617080281,0.00159339187752773,0.00388379297983364,0.00202702521606043,0.00216610912391898,0.00194210520599294,0.00246976539213882,0.00378878224675544,0.00357758902059624,0.00175654947218684,0.0036693379006058,0.00125178107825181,0.00219711773522696,0.00204446012916453,0.00306274531765685,0.00292161680133882,0.00319346392481463,0.00297493966465294,0.00172783764545038,0.00164423015627808,0.00167177668704865,0.0024710636805646,0.00161117366901686,0.00161306412784198,0.00276804975677426,0.00168578052723442,0.00173500282758674,0.00180148853624056,0.00301075623872737,0.00164178842562357,0.00389984318134196,0.00392491729313482,0.00172326352390582,0.00172710788855129,0.00245689063951175,0.00202472077203927,0.00249085226457515,0.00231285527237184,0.00252187525249458,0.00420133682988947,0.00305039676602383,0.00282446056794695,0.00186416769460155,0.00140732318056665,0.00164563809211158,0.00290418869246361,0.00162395389278951,0.0038240135001552,0.00275300613622872,0.00269622979101591,0.00189232577654461,0.00189745700693004,0.00162861818454744,0.00262514923549135,0.0033360629533332,0.00126637951128598,0.00249395639142914,0.00256574979145729,0.00258367215636298,0.00211264615840124,0.00142260653322539,0.00270923189150243,0.00248079068936899,0.00309081402337318,0.00209282783366894,0.00162744159599253,0.0017550018003037,0.00335507923631591,0.00177259275850108,0.00167047869562453,0.00166998971142118,0.00353099886060155,0.00268918223015422,0.00213163656464841,0.00365680202727105,0.00343471012351214,0.00153360226372455,0.00179428087508012,0.00360638370540492,0.00295038405208786,0.00247552030565655,0.00168995957431149,0.00399132853474269,0.00184049773672785,0.00144197246888816,0.00288569277231403,0.00144232369826515,0.00194119343035551,0.0027181229050129,0.00348565930602183,0.00260123248601625,0.00313232124378082,0.00329738462806538,0.00141693874727248
"DU0018",0.00212221576391339,0.00130301836743251,0.00311658734163986,0.00146904952392186,0.00334577851281432,0.00163566253320161,0.00213399591574051,0.00131100881513142,0.00192914761790088,0.00192250456254241,0.00242526479725663,0.00185433084477624,0.00186727257980016,0.00210384325704221,0.00200034926552413,0.00204751468981423,0.00179155246500597,0.00168838331048538,0.00353475104714039,0.0016398196000726,0.00188030739448899,0.00169558155477206,0.00128881491018318,0.00383005871390535,0.5,0.00249403493808931,0.00214965127200886,0.00259579206288945,0.00208076214706763,0.00137065724925928,0.00187935916217863,0.00187628040319699,0.00197837640242733,0.0019992852956932,0.00200681012003245,0.00201964015695943,0.00211109833252093,0.00234112987239281,0.00280903097241151,0.00250896460461491,0.00367441205317718,0.00174333596874392,0.00302852164812552,0.00183282083921488,0.00164410626169215,0.00165933581741692,0.00315290825680089,0.00328464113484276,0.00200520919971069,0.00149499271934075,0.00293425194574941,0.00169620835049214,0.00129346371741162,0.00286187983383263,0.00184338094340485,0.00376614555416021,0.00219832827643791,0.0032172415007277,0.00308252864866029,0.00128294426224541,0.00211970110318837,0.00273026379800596,0.00267510824001268,0.00236135474087644,0.00196863144015988,0.00358170998767476,0.00233083872765987,0.00166512441941536,0.00176368844096927,0.00218719154813028,0.00271710798775289,0.0035306124321231,0.00213416721944764,0.00132377283120774,0.0019579137258361,0.00258986757971101,0.00192067738932849,0.00190953830745476,0.00357660290168146,0.002556483846055,0.00200658382695051,0.00182501030431399,0.00191270495643912,0.00171368066688659,0.00238035029153488,0.00185911833784282,0.00335714363227438,0.00312760617968249,0.00376306410147731,0.0024256384191102,0.00232959475987848,0.00210762083792317,0.00250916192024683,0.00201504305811825,0.00218564375112536,0.00130036543808265,0.00222175945896307,0.00190146080737463,0.00289220676195231,0.00275646946915493,0.00299372336817769,0.00188490704752641,0.00177910587076303,0.00242247312802959,0.00189350431311576,0.00247468287558524,0.00331338986699892,0.00322172039837923,0.0024786988171251,0.00308982349622766,0.00258773317956327,0.00171655832132637,0.00314840258616346,0.00184125420469859,0.00189532232695016,0.00198028381055961,0.00205079290736095,0.00193533757008234,0.00191256527378782,0.00164060403418468,0.00178771904366175,0.00270677143803889,0.00167387880908302,0.00210163766141739,0.00176214729674493,0.00339637577828691,0.00254556806521058,0.00228033342605971,0.00167694585661793,0.00268984730857689,0.00342564185410912,0.003306569996959,0.00146961536123054,0.00292045637010206,0.00188948014223829,0.00131985644670381,0.00204631957326486,0.00287008294942262,0.0027354939656306,0.00377758211367671,0.00310154357466506,0.00166522341442505,0.00181525028721933,0.00129377552070387,0.00255027793130116,0.00196007240847031,0.0020259872091908,0.00220370233945792,0.00175858646661551,0.00170804613099243,0.00165158895657959,0.00303018780614708,0.00191341512502227,0.0033132765589017,0.00317087308746641,0.00179808739580975,0.00167299307336941,0.00259040663944653,0.00248273952100638,0.00315330113002273,0.00306670984990327,0.0022246014693531,0.00303296881762669,0.0030592286780473,0.00343819771830149,0.00259797712253938,0.001887917621519,0.00185254516432551,0.00216251082553604,0.00187479114224394,0.00276523319341772,0.00218066881321962,0.00219396425393978,0.00131670092849218,0.00239143418536981,0.00222589186209271,0.00325536414975769,0.00229798392426658,0.0018628908834181,0.0026262347202546,0.00251243196048945,0.00312927956504609,0.00279994554263284,0.00203395609708783,0.0031952888284135,0.00226953099614079,0.00239729247847356,0.00218474671295938,0.00163467191537637,0.0016264229092624,0.00281218926768356,0.00146399045513903,0.00162272282939408,0.00184997929634158,0.00334441972187716,0.00245483141212113,0.00212607428993135,0.00382737182606759,0.0036689870117888,0.00146978823809364,0.00183779048709705,0.00373034614520605,0.00302667880129867,0.00239422790478817,0.00190030867284239,0.00367181883666685,0.00187377135048757,0.00165002655220283,0.00267990923156632,0.00163670793326471,0.00174229642896693,0.00294477907062365,0.00229066914075768,0.00269974038634425,0.00217294649300782,0.0024772809852097,0.00190547215139658
"DU0019",0.00162722866422744,0.00254643187639685,0.00270420969823279,0.00167292166997176,0.00214357928963273,0.00141933041127587,0.00353813084915339,0.00126585273512104,0.00316542769391213,0.00213719661608005,0.00336893819812639,0.00196624875125195,0.00192398912604555,0.00175244845658954,0.00189684045725133,0.0019633473521544,0.0020146286997893,0.00115964043089401,0.002555871438461,0.00140058479672236,0.00143150608841894,0.00126197156379464,0.00275838409471575,0.00248101734091134,0.00249403493808931,0.5,0.00329260869022284,0.00337511852382567,0.00118381909481216,0.00246621800198936,0.00207473212338965,0.00445844534469259,0.00162062668461188,0.00178312927413819,0.00203356280020967,0.00190116586376597,0.00311918301144962,0.00329604824051897,0.00253628876071147,0.00327974131546865,0.00220025006211346,0.001414894303304,0.0028719193622074,0.00126728830751103,0.00126058714807735,0.00125889930188654,0.00245716037473829,0.00248420064925778,0.00243982243758318,0.00129349500745492,0.00186736346488229,0.00140124635928549,0.00190048505546146,0.00306374925445102,0.00164653937995745,0.00243466850630722,0.00130583522606211,0.00325615385770035,0.00373107754163826,0.00289151667325631,0.00128893653506352,0.00158841584817955,0.00185142695222368,0.00233690308535166,0.00209048077457018,0.00264091938735179,0.00291494482278802,0.00162113174744853,0.00140239289880272,0.00162575313368004,0.00222024339467442,0.00199231297243945,0.0014332380591311,0.00127292369177937,0.00204140425503434,0.00360158048594461,0.00213917140349078,0.00284555552975672,0.00297054492186711,0.0037835244783003,0.00203438868728696,0.00207800477608254,0.00214328936232857,0.00182306706204513,0.00344799401114058,0.0023038517939672,0.00288657932780626,0.00302341999229152,0.00234322644040569,0.00362333154386091,0.00359061190966273,0.00417473927369995,0.00342765691144342,0.00212891883731605,0.0017646562697857,0.00216120870776941,0.00142729184340353,0.00141627863528913,0.00172163643660786,0.00198150243444522,0.00186110384294057,0.00144089015452906,0.00210840699769779,0.0018193532969933,0.00199728917355678,0.00182602504204534,0.00262651611907992,0.00180233724051185,0.00182896233474595,0.00305697903091532,0.0033352445732292,0.00231330847600356,0.00258764936451692,0.00141601017179383,0.00158857900375813,0.00207551799330913,0.00188726561788445,0.0019214629706526,0.00201515213409355,0.00207058493144976,0.00141238330091804,0.00375663237884282,0.00181712362273201,0.00179717106671706,0.00208352542993084,0.00212734028612628,0.00332120275542416,0.00336357309388423,0.00128137120302585,0.00355362612634803,0.002374886371256,0.00253647128735143,0.00177891724257327,0.00178576252685221,0.00127515246742149,0.00144796443638873,0.00468563001501273,0.00256837052563216,0.00388478822090444,0.00277089906741848,0.0035760587016588,0.0012893549410603,0.0014404815899415,0.00244770514764991,0.00427187697914014,0.00185894935272434,0.00176565672338024,0.00147844936298096,0.00158330191732924,0.0014228042986358,0.0014106772593027,0.0028211155954341,0.00141216974437681,0.00306458486984619,0.00191600915033208,0.00142922617383154,0.00153843358052354,0.00338820338957967,0.00358561671440557,0.00315846169301587,0.00362968585248465,0.00346834780122771,0.00197546214167873,0.0028522850347018,0.00297043131221601,0.00292960622890253,0.00216894790589124,0.00142533685572787,0.00185792007758361,0.00143892595623025,0.00289039770917078,0.00178140586679347,0.00144434631444123,0.00166139988655968,0.00368065925804073,0.00164078968346626,0.00313384056516983,0.00185288451383378,0.00142289402690082,0.00301184766170303,0.00374290582890684,0.00333052367299551,0.00322762895540017,0.00140864419184496,0.00278855067153367,0.00426619556158059,0.00159463961267709,0.00325788227341221,0.00198280690078682,0.00140535871593372,0.00287348543821589,0.00160120301784056,0.00119621218091809,0.00142289001631496,0.00181790687167584,0.002784080792548,0.00447739812907458,0.00224716406303113,0.0023367336433637,0.00131566120815467,0.0014229730482991,0.00248411185130875,0.00251535865411965,0.00372772974614021,0.00142727316327971,0.00241296959518188,0.00471771540818284,0.00125873073778162,0.0038495015285432,0.00125817831196045,0.00243346908754792,0.0028055503517799,0.00362428158463195,0.00332040384027831,0.00189330689218471,0.00192781260702447,0.0015908689767865
"KL0006",0.00121508060377217,0.00123265777919498,0.00250200862889342,0.00264517654126666,0.00276138379783931,0.00128767941340394,0.00485827034341532,0.00216274486216348,0.00673572831356076,0.00114384916527213,0.00368220564192984,0.00112388143666346,0.001117260235866,0.00112737467650651,0.00112909927744558,0.00167680099139504,0.00116947552739356,0.00170188322713419,0.0021892773068785,0.00125675813814159,0.00119568662161407,0.00137090865233675,0.00122525104198447,0.0019760712021897,0.00214965127200886,0.00329260869022284,0.5,0.00338611479818525,0.00177391067238456,0.00114231408893636,0.00113320814770851,0.004013589612561,0.00112862048762932,0.00111852904882113,0.00114144602894958,0.001128746146545,0.00415753070207235,0.00461850824656793,0.00343616370649434,0.00398923538864113,0.00206543419030501,0.00122938459798787,0.0023127649777839,0.00127390330575078,0.0013154647147922,0.00118537682389071,0.0023764733896787,0.00182385777190702,0.00219951579957636,0.00242602055516404,0.00286019153171234,0.00123364224180428,0.00118006908861093,0.00300864864045723,0.00121994608068554,0.00226066248531283,0.00114454145590811,0.00284286479179216,0.00336368878131797,0.0012684150140148,0.00118020155563913,0.00603769457228986,0.00260941791664797,0.00169759589318524,0.00114282473536405,0.00325029057696682,0.00166520039424423,0.00173671189117025,0.00118038400501171,0.00344247927646655,0.00255129406963984,0.00203650906948582,0.00161387229061822,0.00200199045379651,0.00118057189075511,0.00266054650023759,0.00114391320188314,0.00230141246109944,0.00278106181316196,0.00416013503245253,0.00114143465201086,0.00113282716260997,0.00114379238594095,0.00112199815535581,0.0055724711560274,0.00121770754884231,0.00231543246591507,0.00278796152619116,0.00179798791066558,0.0050964853286616,0.00428990392936261,0.00525760841915176,0.00337713288166075,0.0013052706505227,0.00112970949995591,0.00121094249473619,0.00256810295970391,0.00123617684159939,0.00225975703834818,0.00175867446166876,0.00276191948102772,0.00127163602901184,0.0011394237582861,0.00166092363280085,0.00113027196005387,0.00364140288399502,0.00267592547986651,0.0025968280202482,0.00179198128025315,0.00283731149353118,0.00433764889204594,0.00152147514760948,0.00245236517665371,0.00122875251439998,0.0017352228425172,0.001142396971903,0.00112880583132073,0.00111753715740395,0.00112891982177686,0.00173233481739129,0.00172278676092682,0.00366607257003198,0.00129162528002283,0.0011366731130373,0.00135342573069301,0.00206629720043509,0.00328643208329954,0.0044465579080636,0.0013576747487488,0.00461669985259241,0.00182181283803285,0.00421106659722526,0.00175107071135083,0.00299986071958483,0.00119094533019622,0.00163280605807075,0.00346176543346839,0.00255087897811813,0.00244199043533795,0.00228858679357941,0.00239276989824708,0.00214057405312209,0.00277104294331223,0.00122913561845735,0.00269102649038873,0.00111920290798184,0.00210826479051186,0.00282106385932509,0.00122878463261754,0.00137725381033632,0.00296622229352575,0.00268142778728226,0.00120599086782909,0.00207486872682523,0.00310658406877162,0.00124069771660383,0.00502039384540607,0.00357547250079965,0.0038089028629047,0.00268276592032905,0.00273930171377224,0.00321605963633447,0.0019437784357437,0.00254348457043971,0.00231966167229068,0.0039764356993204,0.00114415875229467,0.00120241433556766,0.00162858297915201,0.00137461270699712,0.001856806034665,0.00290663013330057,0.00170189970166199,0.00136055722656605,0.00442916455658055,0.00115282136310896,0.00270084276420138,0.00179211205286018,0.00175421303961322,0.00369921300521981,0.00271951102809259,0.00278537348141242,0.00443865819989421,0.0012840505254643,0.00365255884999569,0.00335002642238288,0.00224181148425414,0.00465520500487794,0.00146261084857609,0.00189750279397099,0.00241378026220834,0.00125360725491519,0.00227519266184506,0.00124756459219937,0.00168890176281897,0.00339992232565584,0.00345156069103824,0.00194826718801159,0.00215787615154366,0.00382013279527796,0.00241684754226657,0.00211762055374563,0.00304240778314585,0.0031435807593863,0.00127091103207521,0.00177402258576163,0.00412782459026064,0.00122904244587365,0.00249993378617011,0.00125106461697384,0.00121802556844791,0.00276807467686012,0.00403860275481381,0.00318981029479963,0.00305673649188907,0.00170469184767776,0.00121259489335427
"KL0005",0.00172895357074233,0.00141063587920555,0.00328465434492935,0.00186825863566811,0.00286930482838031,0.00211730392941918,0.0035944353821365,0.00208401804845713,0.00328881385966888,0.00138725751294246,0.00387394375618702,0.00157575272022792,0.00140926052470152,0.00161737353107318,0.00157209138522527,0.00170810241507509,0.0016336463897085,0.00179276338529922,0.00276808262623113,0.0017921447389068,0.00174375895000235,0.00172375483473661,0.00130090246855201,0.00247551026197121,0.00259579206288945,0.00337511852382567,0.00338611479818525,0.5,0.00172618510524997,0.00124576783300962,0.00157257579828571,0.00299126284470165,0.00165064685149452,0.00163538035891658,0.00138997232824257,0.00158306485560926,0.00318591363284441,0.00370916614534364,0.00273581856351258,0.00354371253037371,0.00270000857545727,0.00188378063394547,0.00294875052971969,0.00181856996150298,0.00186174960071842,0.00176663620763306,0.00301577881598132,0.00225017688571408,0.00187998494821284,0.00151268233004247,0.00208147937373822,0.00184291848462037,0.00161205087969478,0.0035518760770687,0.00183974275295964,0.00286253032292387,0.00169818885813406,0.00338479827118328,0.00361797577657717,0.00126351073851104,0.00171798861260459,0.00170234517905899,0.00201164005467061,0.00179781406735321,0.0013888719208422,0.0026715575196157,0.00164004783181116,0.00208763224757246,0.00180187337591884,0.00213868841648859,0.00250890690698614,0.00261235673878502,0.00197252593119455,0.00167070170992822,0.00142414038996474,0.00319176889357572,0.00138721930133774,0.00201394862192257,0.00243821424643256,0.0032224093845367,0.00138988877382788,0.00157656797083096,0.00138602197978757,0.00165676868121856,0.00345555593479544,0.00131164549804654,0.00287182672785423,0.00336217011473837,0.00229197011196443,0.0035651384862477,0.0039216838883866,0.00328366292406751,0.00385237894300379,0.00165080737274669,0.00166189157249201,0.00173629410485274,0.00219489201504652,0.0017895609893938,0.00199060719452304,0.00222340938122061,0.00211345829414778,0.00185787491922013,0.00160790187533887,0.00219559334457127,0.0015752239434328,0.0020923207174642,0.00336412112331996,0.00206052545937949,0.00237268489055026,0.00345085290865407,0.00366870330514948,0.00188848268134933,0.00322806108030996,0.00182317408315322,0.00163856649732004,0.00138845490698182,0.00157225469586683,0.00157311332437913,0.00157638379514274,0.00161375998814507,0.00172310304226225,0.0033554274123211,0.00218620249075416,0.00161757606805602,0.00163001274522529,0.00272633832278485,0.00377027685802025,0.00342277056269391,0.00227749413322885,0.00362087159973735,0.00238047463945053,0.00298606059939951,0.00172071377965751,0.00189301957568398,0.00172686565740657,0.00182629203676266,0.00316601793683883,0.00330104931292344,0.00270547090836085,0.00289728417437359,0.00264893133990921,0.00145101466908427,0.00182921623024902,0.00159591371329067,0.0027995954923544,0.00160279192200022,0.00158331904701291,0.00158088113655526,0.00180476912825655,0.00195207918361205,0.00189995693193175,0.00288019797756518,0.00178120321486552,0.00246085486551963,0.00203284521656659,0.00186609016107944,0.00182178278506094,0.00376016109651131,0.00311787564435074,0.00324135173012687,0.00301106443729408,0.00393983390465869,0.00296421191864148,0.00320118628756449,0.00285555891893638,0.00331701199037793,0.0013850804102159,0.00179264429125548,0.002044000631093,0.00176927242856358,0.00191343263400309,0.00212374861600799,0.00205297393426226,0.00226421536472676,0.00284345742637644,0.00164787597558117,0.00324140762785215,0.00224822870724761,0.00166550956766173,0.0030879155489793,0.0032014873317643,0.00326215704183563,0.003206151499127,0.00176565211036252,0.00315246994019879,0.00301982613221358,0.0024493929933589,0.00327199531490236,0.00183286685921822,0.0018291357698536,0.00301307899717759,0.00194844970885863,0.00185199253365902,0.00214959123871998,0.00218182633438132,0.00336137556902708,0.00336972061150272,0.00256508474916173,0.00285014698439415,0.00160173996151209,0.00188496436243685,0.00302271130587835,0.00314227193544664,0.0036614105689236,0.00201950800564351,0.00228004212956933,0.00294108093101754,0.00167807487916035,0.00274787916410753,0.00168952530954478,0.00144497735233276,0.00325258583487193,0.0035579228021351,0.00379436209112833,0.00205372675033651,0.00236113501509713,0.00171692263940133
"KL0004",0.00224387651154491,0.00120748733550045,0.00169039002106432,0.0014095978279238,0.00154088754657698,0.00147512263594364,0.00160840299380426,0.00483187354907191,0.00184991013499355,0.00181559144287905,0.00176063210585158,0.0016741582981917,0.00171604005489204,0.0020482596258327,0.00183100359027976,0.00400165163762436,0.0016496405168179,0.0462217990940482,0.00178250405194754,0.0024243697676118,0.00199529457565512,0.00238310295730738,0.00117889666000968,0.00142912256077267,0.00208076214706763,0.00118381909481216,0.00177391067238456,0.00172618510524997,0.5,0.00124079468624325,0.00171908213562913,0.0011849021236525,0.00188164786512587,0.00185508441462598,0.00191764052300297,0.00184224345451608,0.0015517798809972,0.00175364266422927,0.00133415963026406,0.00187276665636111,0.00177304738387899,0.00180463800229307,0.00170940949818898,0.00289277724643488,0.00183492419963094,0.001842632691209,0.00181035587855418,0.00119425115518337,0.00122627480788987,0.00190720148333151,0.00218401580110718,0.00179562186680693,0.00125406849492533,0.00181822015601283,0.00172295369188211,0.00225808507434383,0.00225643756761573,0.002167895215489,0.00232637717890839,0.00115620994572321,0.00206090349915729,0.00192447976706977,0.00166871228160659,0.00130475997154857,0.00186215567354783,0.00130201496382876,0.0011638031604516,0.00172028295336928,0.00187933699300583,0.00181026991073166,0.0017039909939644,0.00182799737829541,0.00173649488840137,0.00173902254577005,0.00254537334679862,0.0013208315918427,0.00181374087566923,0.00149433046439667,0.00191899751854035,0.00168346970279109,0.00191655576903168,0.00164554022163283,0.00180559461279654,0.00144276446059015,0.00158946548659383,0.00121871976520344,0.00175605223124407,0.0021292079562008,0.00214037915662008,0.00164715381462046,0.00151883823459021,0.00143104611733891,0.00172147170808548,0.00400076153953017,0.00179176437693829,0.00152224112634829,0.00171633276358414,0.00196629236921377,0.00151971744953701,0.00122178292353166,0.00137447049768316,0.00191365738634553,0.00165497618267983,0.0014304750160657,0.00171157978860221,0.00182781017138685,0.00169917280089563,0.00139082092115652,0.0016306001037579,0.00213036500924968,0.00173122351973671,0.00141823555858154,0.00166280793760697,0.00188551586166853,0.00171992818848583,0.00187386093461429,0.00188138189579951,0.00173482255864082,0.00173667499540928,0.00134301009552638,0.0016665904455077,0.00164576388964585,0.00136671839584023,0.00207618688932418,0.00451117019797227,0.0016482935925819,0.00183868761997609,0.0012804715739423,0.00135487049053348,0.00203451864825282,0.00166787664141746,0.00160900764824633,0.00171354099284702,0.00119776407078466,0.00194912424004556,0.00169527633554071,0.00115984007207663,0.0013287066879955,0.00117755274034272,0.00213281903856151,0.00152933740620402,0.00145552910846042,0.00201186807861314,0.00125069307582061,0.0011583437447897,0.00175591671960858,0.00184739479309178,0.00117534828439885,0.00181042912744654,0.00168575232181996,0.0054120021789484,0.00134070884097482,0.00192463811203585,0.00133701588884989,0.00122224289285164,0.00187484672354656,0.030435883674545,0.0018451789403693,0.00175703989460016,0.00208784706916875,0.00187594849649678,0.00130596978190825,0.00130901722044223,0.00171192770981954,0.00185156765119462,0.00210124154306888,0.001780549133075,0.00189284684187842,0.00176362078515105,0.00207023628838391,0.00118824804634749,0.00184656822444308,0.00175575551382849,0.0013011622934614,0.00164801053469342,0.00234154183427686,0.002164150915182,0.00136500360436033,0.00183957605220451,0.0016006918509221,0.00132174422242263,0.00188562447733141,0.00205359774404069,0.00206927653115506,0.00188525521319343,0.00132417191769285,0.0014464696004363,0.00128895574807596,0.0014320759050404,0.00164318233055793,0.00137421741672677,0.00168047766709206,0.0128864488091979,0.00239097533525832,0.00208085356736525,0.00161749338572123,0.0012081517583484,0.00177639330804402,0.00179404713522814,0.0371767090439405,0.00190214420026282,0.00165168456862502,0.00141769886175482,0.00162419977468158,0.0018201193699582,0.00187671488733762,0.00112402381591073,0.00179457467871198,0.00132776920479704,0.00183761887718776,0.00185633064181777,0.00155028396382539,0.00142375559529731,0.00173977964135201,0.00141018862344402,0.00164945881043579,0.00205488793825281
"DU0087",0.00307410179640303,0.00430582255751436,0.00138662863287997,0.00318508628750402,0.00132070589206978,0.00316144184997535,0.00134866085923636,0.00130195326650324,0.00119550886661118,0.00381669458707146,0.0013323652936589,0.00385808013935144,0.00381939933252164,0.00347639297994186,0.00358437110861721,0.00198708776651685,0.003769015594705,0.00179437480083509,0.00175606139948652,0.00180541576013706,0.00304436205533373,0.00173166110137374,0.0048409396519051,0.00125129740161931,0.00137065724925928,0.00246621800198936,0.00114231408893636,0.00124576783300962,0.00124079468624325,0.5,0.00384264861045755,0.00277077174846954,0.00350742483543626,0.00346318062668593,0.00368373201779994,0.00366115226875039,0.00253060283813321,0.0012102652418958,0.00114630205059903,0.0017212462577448,0.00131693581330379,0.00312070714094159,0.00143175111450274,0.00177517006099977,0.00352464534627941,0.00357517163518752,0.00177107108738668,0.00206293230849537,0.0023841691221693,0.00314265755202886,0.00125327158017381,0.00342060931290496,0.00384174248812658,0.00167006891429086,0.00320246552584649,0.001401058595981,0.0031905910710865,0.00138675287455291,0.00133171192821946,0.00494571712126141,0.00341314449235024,0.00113692057476872,0.00119734708213657,0.00198488905588185,0.00375847363426191,0.00129239450469241,0.00273033156345957,0.0031423427975833,0.00316252822455568,0.00117302284100334,0.00122845242571549,0.00121450128128281,0.00190085392251258,0.00297574342759984,0.00203925245832137,0.00205739016188819,0.0038191040829037,0.00248889777758599,0.00170242408787072,0.00178437060475627,0.00368481324950066,0.00390616450465073,0.00382310782256558,0.0038582601231543,0.00110515678293027,0.00414863780213047,0.00142845364898777,0.00127841991604896,0.00140616685910235,0.00118828111541641,0.00123475491304532,0.00215678868871906,0.00137007852182448,0.00219053684899489,0.00322995532310577,0.0038063415939127,0.0016545960891742,0.00310537168356698,0.00207887742431029,0.00183848989792414,0.00114166479885313,0.00300703692734685,0.00373263029219832,0.00168026614811363,0.00380813080605404,0.00115148917423917,0.00121249076293621,0.00127147595051523,0.00134353591401241,0.00128757266945175,0.00138763370060338,0.00246164266628205,0.00133863568032332,0.0031431747455384,0.00310659201498166,0.00373863329199911,0.00357013543947879,0.00370344209210492,0.00379255926169235,0.00365609757291173,0.00314868057133508,0.00177130828707415,0.00316570208685752,0.00343365308758823,0.00219277514106018,0.00136174702088627,0.0014103749069686,0.0011406997671741,0.00313813206904907,0.00124149748224093,0.00150567171735038,0.00117726374253556,0.00315973927352701,0.00107920408912306,0.00341486943842964,0.00305268536207099,0.00291282932261608,0.00158114231697002,0.00258630944291157,0.00130183536504955,0.00224656027850773,0.00299510276083127,0.00302073142829775,0.00431876909647294,0.00294801951038857,0.00359982988226894,0.00139654443309486,0.00105333046799462,0.0035084993969524,0.00347244059352851,0.00127399510211695,0.00186727260072333,0.0034635509921395,0.00227697375008072,0.00108534345607687,0.00301366327760949,0.00116093527381401,0.00139800090429247,0.00207540322853391,0.00142021438645996,0.00192235759405482,0.00182673798003131,0.00131774703735382,0.0013105092404114,0.00180512020752895,0.00146292523781119,0.00385420440912866,0.00312367246566925,0.0013407073918843,0.00303805005150025,0.00245803067910193,0.00129687952247374,0.00164701044798717,0.00321664582353667,0.00182809542112694,0.00311959569119377,0.0012978634522725,0.00190399219033821,0.00299265157052781,0.00116194597842957,0.00224143352700436,0.00141891688665654,0.00130882481856245,0.00309609026388052,0.00144269072442576,0.00249790603708289,0.00128134252826747,0.00114401811305715,0.00204437286293924,0.00293549448612348,0.00166685622211595,0.00311576882170327,0.00128517812839283,0.00146292607773057,0.00137531919670654,0.00127311166236599,0.0025851743487925,0.00177842130676282,0.0013192193551888,0.00112760216345776,0.00305598325368661,0.00137157736380824,0.00162029148155441,0.00148790148138938,0.00309307477975743,0.00170534988255596,0.00319211132932261,0.00370516288487335,0.00245438824116044,0.0037642019937425,0.00249417748344135,0.00196667879797511,0.0012594229746709,0.00139203169317905,0.00170457465474052,0.00121027791035016,0.00307157915875476
"DU0085",0.00360165706561482,0.00378411944952241,0.00159699460364109,0.00333657748876536,0.0011646855418127,0.00311840422154188,0.00138993803307572,0.0011879780127986,0.00117495904475583,0.00401311789840636,0.00157704996423605,0.00385858671918,0.00381241189947728,0.00376073692380002,0.00383805155131898,0.00228947708023499,0.00380569601560591,0.00122348584697025,0.00155519000648194,0.00143456788909013,0.00350507421897785,0.0013121703546555,0.00396015214414996,0.00158630964165211,0.00187935916217863,0.00207473212338965,0.00113320814770851,0.00157257579828571,0.00171908213562913,0.00384264861045755,0.5,0.00219740400186344,0.00359329078307713,0.00370541419781722,0.00393816831550458,0.00384580526136847,0.00141350797819501,0.00119607616619557,0.00112940416670403,0.00166670369540847,0.0013863825999597,0.00330615166075473,0.00172898893473436,0.00172185401923097,0.00299357418604836,0.0030205341941702,0.00124543430719288,0.00179577681348186,0.00199344530512333,0.00309862174845337,0.00173982754966936,0.00329411483759354,0.00358360619112193,0.00174317365667046,0.00315756991722653,0.00189219902626548,0.00364158019635591,0.00188746644035869,0.00195239620509159,0.00402880584011181,0.00355931965263353,0.00109126276530103,0.00153328624484212,0.00178019338589668,0.00398319373987643,0.00117983508201535,0.00195468949062461,0.00328313203353036,0.00333579475668482,0.00113302076572096,0.00119013748133161,0.00120123129655724,0.00118428159768825,0.00293376736922599,0.00224369092115786,0.00191218858404525,0.00401315316200279,0.00214086384419927,0.00202461065589678,0.00198164324479292,0.00393871282880159,0.00390467917025457,0.00400941834886124,0.00356703505594672,0.00109650014738314,0.00390983166450437,0.00186159078102408,0.00177775244008414,0.00191087328124575,0.00119841834753958,0.0012153616162813,0.00192732395492114,0.00158996070059549,0.00242799237850488,0.00369306369034376,0.00366551895817989,0.00116957687472986,0.00348337406463206,0.00129572325949863,0.00156928537071804,0.00111357219091802,0.00345510256956958,0.00385999787442565,0.00149855364242076,0.00391148811850909,0.00112798869861359,0.00119626858631153,0.00113717802242048,0.00134713589819962,0.00181143193092217,0.00177350343037211,0.00196898841508286,0.00154315102132677,0.00338665038715494,0.00348300538218225,0.00397007218866046,0.00383006686645862,0.00384028597852064,0.00393526494842287,0.00362496077685955,0.0033275947134931,0.00193985939031166,0.00340453516892777,0.00378005534616458,0.00214235766633124,0.00163957405365786,0.00177536967566218,0.00112222705810752,0.00299369523372599,0.00161246114490055,0.00187724123796726,0.00116106593806055,0.0034091380092021,0.00105041265397832,0.00348076705244273,0.00300537974901256,0.00212964290763607,0.00122135003902897,0.0020910274395074,0.00191367388956696,0.00211306642868391,0.00296388666165695,0.00342386465137806,0.00373389671325031,0.0021586633913739,0.00380895707882744,0.00186417271626664,0.00101051877075814,0.00331460775756556,0.00310423090832325,0.00158720674296604,0.00169385714446779,0.00348994869280465,0.00197020113889907,0.00106302776348386,0.00337595479454936,0.00132609505997865,0.00162111373932774,0.00219669123627942,0.00191189862325308,0.00219534827485637,0.00122941602847336,0.00132658999941477,0.00137997745661333,0.00199040509243447,0.00182585400488293,0.00400906388727782,0.00344563781032126,0.00161978778018303,0.00349339634812043,0.00194622696648823,0.00133877186251839,0.00117363988236233,0.00330409255906279,0.00205246092890871,0.00369328534735391,0.00187029477879692,0.00148326966951543,0.00341826556408223,0.0011573650919214,0.00197875636342236,0.00195386490389534,0.00185574588748347,0.00349119680672519,0.00181954147812722,0.002005974580012,0.0011396775592513,0.00112101762646951,0.00188700518486545,0.00290051417715773,0.00158609168118459,0.00310954850888927,0.00116033787927802,0.00175742644236713,0.00178922993466874,0.00116845165590194,0.00195033528377765,0.00175927535810119,0.00160467767472522,0.00112312483965465,0.00334679786753216,0.00157983573400542,0.00118374800066191,0.00177647575863034,0.00343092185752004,0.00197530779017912,0.00225649459937315,0.0030468162143493,0.00204855631293525,0.00305724052736527,0.00208109705626289,0.00160071887132768,0.00124171158400059,0.00166755626045725,0.00155083167219434,0.00132185422916905,0.00352511888950641
"DU0084",0.00143330575482129,0.00283120286099425,0.00229872592891758,0.00148813165028126,0.00184797028455729,0.00142152236969441,0.00410395985054475,0.00129844910921506,0.00540993786200149,0.0022709651582545,0.00344002319820029,0.00207062935786759,0.00200300399071594,0.00177773209459086,0.00195127938691298,0.00202894431353037,0.00209781458614074,0.0011684649144013,0.00204510544726062,0.00141465390905631,0.0013985357565372,0.00128768713571006,0.00341856519252586,0.00212665073043903,0.00187628040319699,0.00445844534469259,0.004013589612561,0.00299126284470165,0.0011849021236525,0.00277077174846954,0.00219740400186344,0.5,0.00144833341048877,0.00178401597837062,0.00213896195074723,0.00197858005577595,0.00527763819867547,0.00378510673799907,0.0021757094087189,0.00372465358009001,0.00185834341895149,0.0013721526318091,0.00230025227476997,0.0012967777972045,0.00138497969966663,0.00127690382110309,0.00211418578208638,0.00234549135826269,0.00254595632246598,0.00130399601410005,0.00144651242618816,0.0013769598066926,0.00202170632696815,0.00281684862058782,0.00139901388627188,0.00209385328586951,0.00131407071783589,0.0027007724595248,0.00339345212954712,0.00362864272111052,0.0012987601057919,0.00142167652482381,0.00149171280128684,0.00227882877983879,0.00221154659522666,0.00215822519937968,0.00308744502732447,0.00141799915669318,0.00126737955242732,0.00138198340943183,0.00185041798684289,0.0018448043270618,0.00133519392196769,0.00127891493120704,0.00216856187721383,0.00332108387658064,0.00227345442108972,0.00302306387470558,0.00267965295110745,0.00405233496163365,0.00214004197264388,0.002204867797049,0.00227926533946794,0.00186244873216991,0.00320793465177995,0.00243951861971858,0.00252864895858329,0.00261768545442877,0.00206293691965852,0.00393334632244837,0.00375942982872703,0.00429731420657741,0.00315818443652017,0.00223627484546581,0.00169225349868584,0.00227243814046107,0.00133406295451732,0.00128221148858425,0.00153529266717525,0.00186225708610271,0.0016288753152097,0.00128816961213855,0.00219478980205222,0.00152170072955066,0.00210378884371751,0.0015218230380504,0.00212562188220589,0.00159110377717896,0.00148655121008812,0.00266343551147724,0.00369449094923795,0.00244109109911517,0.00220650595056138,0.00137934682362574,0.00143785736017385,0.00219297305474374,0.00193826081853721,0.00199297191137171,0.00212474897789948,0.0021424994210349,0.00140013421578638,0.00347998469954339,0.00173801352807054,0.00180843957466705,0.00223391936023877,0.0018444996495166,0.00320653195019205,0.00314429810763264,0.00140572236914271,0.00296439866507219,0.00191122540042121,0.00203791816803156,0.00153677615951098,0.00157805545186903,0.00128323467119708,0.00129975039483458,0.00521590233499102,0.00220586320319457,0.00399386595863976,0.00223243434986557,0.00335416863978026,0.00142204131016364,0.00141406100436373,0.00269931149257948,0.00456135706350102,0.00190709219975495,0.00156816216237479,0.00135864540409487,0.00138023080543166,0.00139019495303841,0.00143957729750074,0.00258233488168477,0.00128498518005121,0.00294296536040662,0.00167158203583958,0.0013838955110589,0.00158372376883964,0.00317982454684352,0.00640312224048163,0.00265394749202423,0.0033668355732913,0.00296239531441511,0.00173850479542503,0.00226924633078841,0.00263570059350915,0.00563683064284198,0.00231170070367221,0.00139553722249068,0.00151287767708814,0.00139818311732872,0.00290665795624835,0.00146549947058267,0.00133532737399655,0.00147055659155346,0.00573898442970167,0.0014558813969921,0.00257611108293486,0.00157986859935635,0.00129354942810075,0.00262125956309977,0.00353803458111021,0.00294853433505548,0.002930557467498,0.00128129641423856,0.0024049917759835,0.00422225590773871,0.00146430878931092,0.00326432007271863,0.00198062027711941,0.00139208567984161,0.0025247758889025,0.00142791763864023,0.00131385060214638,0.00141261374884275,0.00160674507400258,0.00241663367681619,0.00450311453847408,0.00193724095786761,0.0019762819431159,0.00120721690841763,0.00138034991309263,0.00196021849234813,0.00228451073185495,0.00335513188728104,0.00138201274663919,0.00217757126979021,0.00767975819647698,0.00127962382676518,0.00367273521795641,0.0012807447183568,0.00265328709697422,0.00275936187020946,0.00354814982633371,0.00293333016625429,0.00178375746704005,0.00154914507713844,0.00130342562493779
"DU0083",0.00365323082316117,0.00316572150369517,0.0018011823832526,0.0033707131782661,0.00133171825695021,0.00343644003399325,0.00159661104040679,0.00133256408899915,0.00118758980932484,0.00361907208197369,0.00163883079594091,0.00363856713380988,0.00366261532256903,0.00370246647144307,0.00368574201895683,0.00212352385025998,0.00351114835938017,0.00187509000041157,0.00190095966983669,0.00187513362717705,0.00362349070904825,0.00187862770693929,0.00315956968831669,0.00165935637731598,0.00197837640242733,0.00162062668461188,0.00112862048762932,0.00165064685149452,0.00188164786512587,0.00350742483543626,0.00359329078307713,0.00144833341048877,0.5,0.0036959835500769,0.00362524009420345,0.00364354406321745,0.00213207612037892,0.00155401651073036,0.0012140395946241,0.00196689840749217,0.00169019977732744,0.0034268726530523,0.00172732612085156,0.00199943495974976,0.00353625529687551,0.00361514254235539,0.00183031360622711,0.00159392189099118,0.00163414037243826,0.00324411488717337,0.00184663772178674,0.00355513961365213,0.00346651932796238,0.00197382835684043,0.00358187395058068,0.00201741624229978,0.00376805248766129,0.00195160381175365,0.00198194335954511,0.00314563539946196,0.00380775012829339,0.00114678115671327,0.00159021308204064,0.0012701108274793,0.00362339051984654,0.00128312142567532,0.0013579165716044,0.0033972885830052,0.00355294745035165,0.00131996007967091,0.00133343807920888,0.0016168263115257,0.00179433153543165,0.00294185803177168,0.00193449036233424,0.00158285154735394,0.00361892743162327,0.00146001666236017,0.00187801857534554,0.00183726217408232,0.00362503003376249,0.00355719455753786,0.00361515678623618,0.00367817072066643,0.00109067816740068,0.00321139109615733,0.00180135757734376,0.00188176649652944,0.00192777339712364,0.0013448592319596,0.00122758895302814,0.00132663514425745,0.00169388439892887,0.00211331154447019,0.00372871073957428,0.00298985586007819,0.00171811681917834,0.00358487993549197,0.00186333470231871,0.00163123026377507,0.00123453565185667,0.0035053495654298,0.00352254184724988,0.00178077575546651,0.00361697610029824,0.00154094958485355,0.00138166835501106,0.00130675145831341,0.00168482667441647,0.00189631187199779,0.00182651817942272,0.0018129872171533,0.00166098177637531,0.00357919280473994,0.00350089321557784,0.00362183845200473,0.00368482624040495,0.00367369978687791,0.00361842758300372,0.00329946756643701,0.00355316951813344,0.00177515341067208,0.00341202533696728,0.00368242612740458,0.00180301057079589,0.00173332378515377,0.00191901944572172,0.00112407209226943,0.00339600271894813,0.00144363679671027,0.00184707538791603,0.00126725918245067,0.00337646041614396,0.00107106786197725,0.00370553107825491,0.00317711231067704,0.00134608567906785,0.00167006047543254,0.00142619263514563,0.00196716498771278,0.00166451276231376,0.00308407511068672,0.00347298945751219,0.00314984950708694,0.00135865079752876,0.00369597920194247,0.00185065461484536,0.00105316624585365,0.00360132492421285,0.00350914086966611,0.00163470845191125,0.00140003970562107,0.00371303667597885,0.00158696877879559,0.00107948122117652,0.00348450013983735,0.00141801525926079,0.00182157273235064,0.00200312255925967,0.00197188878069873,0.00188628287574383,0.00176136481157205,0.00138564430290267,0.00164810461523009,0.00204072948960499,0.0020041719463386,0.00361244453911021,0.00355587812160504,0.00175316286554149,0.0035601516890401,0.00136370905555841,0.00163253521969448,0.00169743095940393,0.00316518804636808,0.00181828254045933,0.00374740997327033,0.0019472149286192,0.00179738644515509,0.00345897175613826,0.00116736280338123,0.00165264009909916,0.00192211655763818,0.0018144424741152,0.00362289711419109,0.0019743714905542,0.00138996124035759,0.00157777851519808,0.00111023548232427,0.00187055313846423,0.00305657508000633,0.00157219766856173,0.00335991052713712,0.00158201688693528,0.00186993707483271,0.00193015782487339,0.00133401010929959,0.00124827445020356,0.00204147367290485,0.00173424992648457,0.00135017081206089,0.00345355376417409,0.00175080517907835,0.00168883807182359,0.00175781846699953,0.0035220750185473,0.00189461382264076,0.0013574657746704,0.00369437402675884,0.0016115611164181,0.00366931032800689,0.00152393210846488,0.00192332118017913,0.00137105848021928,0.00181002654421362,0.0016274523709639,0.00159740216517072,0.003639001270604
"DU0082",0.00369185695707109,0.00347818988191973,0.00168729626653081,0.00335119316427768,0.00130832248075377,0.00332242115783283,0.00162352611178493,0.00128333634421988,0.00120427522431794,0.00377704428361986,0.00162396786850955,0.00366636963817022,0.00367082861010201,0.00380219252961881,0.00384506072781643,0.00225729253521927,0.00362203062113858,0.0014245666742051,0.00171167053208242,0.0016548249036578,0.00359037690603512,0.00172453448430314,0.0034951741506858,0.00162799427977441,0.0019992852956932,0.00178312927413819,0.00111852904882113,0.00163538035891658,0.00185508441462598,0.00346318062668593,0.00370541419781722,0.00178401597837062,0.0036959835500769,0.5,0.00379411015228162,0.00378036267931345,0.00143752275522307,0.00136459949476045,0.00119283424563386,0.00174539885781282,0.0016348189275994,0.0033677675309259,0.00176089831033481,0.00178377721844902,0.0031557653297158,0.00341534231090659,0.00162192594229874,0.00168032120474928,0.00174270526788401,0.00321563531379343,0.00185452488588091,0.00336898247669555,0.00355922518602826,0.00179245072770706,0.00342277696970329,0.00201351472895956,0.00374748746405508,0.00199179008010296,0.00205654051967118,0.00331219293041902,0.00367909698398266,0.0011022113350013,0.00138094982780279,0.00167041034502481,0.00379312597045051,0.00128878338816858,0.00166599696357993,0.00332184004089871,0.00341224885045985,0.00128471143489095,0.00131837185638273,0.00159448039042408,0.0013531447355253,0.00304777488033656,0.00208371609845859,0.00171134666458104,0.00377556067432743,0.00178736660607716,0.00203285992484042,0.00194187608134081,0.00379389273122639,0.00364326738067553,0.00376727040738067,0.00361986219985311,0.00108962123851477,0.00358055376316146,0.00188210777276934,0.00192157490364279,0.00201711633860153,0.00119483879010356,0.00131791850220072,0.00168356995452262,0.00166650180359132,0.0022499481851488,0.00374442306933766,0.00341980007961961,0.00135831484272625,0.0035437091297806,0.00136360860701053,0.00160594431948387,0.00120575025355443,0.00348280363926521,0.0036604326832543,0.00158988106596401,0.00369895537972038,0.00131020596793907,0.00136109103936021,0.00128914320249159,0.00158723332230898,0.00193303599638203,0.00180489476352996,0.00183770238698735,0.00163152678751273,0.00347914947037153,0.00347046531935222,0.00379112967353481,0.00383685959813966,0.00375041849105125,0.00372584202957656,0.00342481664128334,0.00342635489256918,0.00187450822322594,0.0034249010089652,0.00380396956514863,0.001879422647167,0.00169283676824284,0.00187770016684826,0.00119714789065814,0.00336323721146385,0.00164902479496258,0.00194748240739818,0.00125687418003563,0.00344634044245405,0.00107882752797465,0.00353292198879096,0.00316106424771422,0.00150060243313349,0.00140796363917289,0.00175504619122817,0.00200255013033191,0.00182525570403811,0.00306983280411788,0.00347370816844732,0.00345059035665389,0.00151025529292794,0.00379773208363402,0.00186524844671256,0.00101680117851667,0.00339945212076413,0.00331816583907816,0.00142515437641477,0.00166301927195424,0.00353661327673296,0.00173584215543545,0.00106651489022826,0.00346369843718116,0.00134639431995797,0.00170037807807201,0.00207495446463722,0.0020073394773231,0.0020573519884933,0.00157008030683911,0.00135587542274656,0.00161984123160235,0.00210007016685651,0.00194774270618286,0.00374684189333823,0.00351685566797484,0.00169060878542689,0.00354223926517262,0.00164153715886173,0.00158130471947257,0.00134537245709749,0.0031742816458473,0.00195393041319047,0.00380247158052232,0.00199226688876142,0.00138216678268988,0.00346359186217309,0.00127965279907756,0.00178488345478401,0.00201914853171827,0.00182568895027395,0.00362245653853168,0.00185702767550476,0.00171436345845212,0.00151395946945071,0.00110925488057764,0.00186145804678986,0.00303668156392975,0.00164779006864707,0.00333188680390897,0.00133065849742144,0.00180448830888007,0.00192161208233742,0.00131522260046767,0.00165164164630187,0.00187036462051016,0.0017102239836302,0.00129258511654819,0.00343625390213257,0.00166941615037677,0.00152066292978573,0.00187851592224981,0.0034891438567665,0.00204944497078874,0.00153079827750754,0.00344365739388967,0.00177678761076815,0.00322129154045197,0.00180859138920486,0.00145653683083574,0.00134908119789495,0.00173960532551993,0.00166039118348654,0.00155320110408519,0.00364258276172862
"DU0081",0.00384844168259871,0.00373056827706295,0.00140716039959521,0.00315389357462857,0.0011607340561529,0.00310183379342895,0.00137912057996939,0.00117118402470374,0.00117994125318401,0.00409853800380452,0.00139133921616593,0.0038671625501359,0.00382778742713908,0.00392184753005667,0.00394798353801913,0.00227654388798984,0.00378102389900942,0.00125840413137246,0.00137552820112329,0.00128966710285095,0.00353800658806046,0.00129291254212217,0.00384528796185985,0.001574123358242,0.00200681012003245,0.00203356280020967,0.00114144602894958,0.00138997232824257,0.00191764052300297,0.00368373201779994,0.00393816831550458,0.00213896195074723,0.00362524009420345,0.00379411015228162,0.5,0.00396742245596019,0.00129519318654953,0.00119743056829194,0.0011319417583321,0.00162732906652712,0.00136083002390215,0.00314378295567778,0.00170963921220435,0.00167091370291836,0.00300916347217766,0.00303570274971352,0.00124367701276709,0.00174607943646917,0.00187099447559259,0.00311841730406321,0.0018509276461164,0.00313532589630246,0.00355489978752753,0.00170149851439052,0.00315309340022293,0.00203929051866038,0.00380424538578492,0.00203160941601331,0.00220835728145047,0.00393899001702959,0.00370168126364183,0.00108998225551641,0.00153174084576322,0.00180447892331921,0.00413865831301124,0.00118104943966141,0.00185524705790936,0.00311589107914422,0.00316493788014642,0.0011301076949639,0.00118552990862973,0.00120158897700407,0.00117335118387895,0.00295351251112113,0.00236620618517604,0.00183652156850474,0.0040969608883506,0.00205141739567261,0.0021931168314223,0.00199530231701983,0.00418404270091609,0.00384951450453768,0.00408800815136815,0.00354670394514828,0.00110500889267873,0.00395765355797472,0.00187008377522557,0.00196300932137086,0.00209658900937773,0.00148596474174221,0.00121801416991556,0.00195088583506613,0.00140389574642305,0.00239700304993809,0.00371670183389044,0.00363281869803228,0.00115994411576779,0.00347781658304882,0.00120166650152277,0.00134767005267755,0.00111423839279308,0.00345812087246536,0.00388544877118165,0.00130832527370202,0.00390850826541332,0.00125021881081563,0.0011939667522491,0.00113657028252059,0.00131816050950263,0.00194356268854412,0.00175591246490367,0.00191826403472913,0.00136206088393387,0.0033725874257287,0.00347240292866794,0.00414714178351444,0.00398656721276717,0.0038816785614095,0.0039434964346682,0.00364396631667341,0.00314547464250173,0.00193296145439705,0.00343711847669259,0.00396318565798256,0.00205499216190414,0.00160346460161169,0.00175343811785155,0.00112581829249909,0.00300941148593261,0.00164540323380625,0.0018653916192484,0.00116183188947084,0.00343788088512636,0.00105365941182924,0.00346909782511903,0.00302247083444277,0.00202380627829225,0.00121831916702931,0.00203610350780823,0.00205991087805704,0.00207802753261563,0.00298690039093905,0.00338860495914287,0.00364945681279103,0.00206712519697812,0.00384199750482308,0.00189694983014217,0.00101142564804639,0.00315039470469149,0.00309489977155895,0.00138757576215469,0.00164748485270554,0.00348158351467852,0.00189292320512472,0.00106702632856063,0.00336164567518992,0.00134627485665892,0.00142965555478902,0.00224142076089537,0.00205386897251972,0.00240833113537345,0.00122440730213931,0.00118738231027595,0.00135858969402388,0.002082181709494,0.00189337666117318,0.00406628062291316,0.00343569660260153,0.00162086541389897,0.00354457592618548,0.00186613804615624,0.00131258395595682,0.0011643124994791,0.00314774112011697,0.00211854221254045,0.00394063338042714,0.00202613255146965,0.00118889232519433,0.00343413722119491,0.00116246307905038,0.00188026433198586,0.00212919844523737,0.00190399904733448,0.00355973477135888,0.00180321017451557,0.00194680358020568,0.00113239624919219,0.00112467093095381,0.00185829386088595,0.00291847694437381,0.00137935939007278,0.00309684774954917,0.00116384824400472,0.00170796606915143,0.00191749691907594,0.00116858355967595,0.00184682260163951,0.00173118696954437,0.00141269662741512,0.00116664125569314,0.00316708136378612,0.00139041467027259,0.00118137050767196,0.00176838000906161,0.00342035099539153,0.00206844920177034,0.00214265683906835,0.00306094998363943,0.00200142169665904,0.0030708757040507,0.00198573559175037,0.00127389728875023,0.00124320172446975,0.0016390789578142,0.00132633540070334,0.00131441562415503,0.00358844584586273
"DU0080",0.00372024473077061,0.00360076377610498,0.00162584057790367,0.00332696676353862,0.00116475265551897,0.00328499403011733,0.00138432483247581,0.00117635166177169,0.00117106726436729,0.00392571744508983,0.00157655118986751,0.00380566995347507,0.00379186263636982,0.00387950598853817,0.00389661355648471,0.00227134365749071,0.00372169077732109,0.00136711191026935,0.00158924201007641,0.00159049423436935,0.00350304609118943,0.0013094595836564,0.00369735038793452,0.00158450444020176,0.00201964015695943,0.00190116586376597,0.001128746146545,0.00158306485560926,0.00184224345451608,0.00366115226875039,0.00384580526136847,0.00197858005577595,0.00364354406321745,0.00378036267931345,0.00396742245596019,0.5,0.00145650287779698,0.00119599839611029,0.00112920624200883,0.00169555895379717,0.00157143783280408,0.00333179071394025,0.00172440062983441,0.00174502656639299,0.0031221109562481,0.00315136957705617,0.00138193898707375,0.00175965553411926,0.00185685036551289,0.00309320138275047,0.00181020971333368,0.00331798702424482,0.00357212301378482,0.00177596054210762,0.00334756253385785,0.0020390917452637,0.00378081462983338,0.0020184007311688,0.00208910979379942,0.00373950426137878,0.00368544005406519,0.00109325285390306,0.00153388545998746,0.00176245047993174,0.00396299804132741,0.00117628165550345,0.00173903447103997,0.00330379740427179,0.00336106948028209,0.00113512162110037,0.00118199315391754,0.00120689912300853,0.00127373976635253,0.00292849566933098,0.00223104717208664,0.00176863058116941,0.00392424891903363,0.00195309589176305,0.00211753070550152,0.00196775671482603,0.00396720014386725,0.00378855279598838,0.00391583647056038,0.00357901069896332,0.0010943675031282,0.00381354218728848,0.00185819512869078,0.00188334444106677,0.00201695577109898,0.00119819206249291,0.00121320890238537,0.00187239442886007,0.00161385462634319,0.00233555070717182,0.00371913589508098,0.00350983619463392,0.0011725115658729,0.00350688261486398,0.00132887637480183,0.00159231042448805,0.00111467343946242,0.00345395091985202,0.00373085919640557,0.00152751162775645,0.00384289134476971,0.00113187234519931,0.0011978552971874,0.0012625654845871,0.00153676600564205,0.00191504733424657,0.00179707124823254,0.00190708386473532,0.00156062079598195,0.00341133873133112,0.00350452901677594,0.00396484545345296,0.00391299404154362,0.00385025493188294,0.00386431671772121,0.00352846218994658,0.00335168588703576,0.0019531276245422,0.00339317579138375,0.00387542428195707,0.00201669910385671,0.00166650206888119,0.00180148896747098,0.00111968728853314,0.00312738407348735,0.00161191520933825,0.00188118302464522,0.0011606034426953,0.00339546237538768,0.00105080783779155,0.00350576181286477,0.00299949496288047,0.00188117350357959,0.00122374010378583,0.00189860117446966,0.00203875270523435,0.00194987593473132,0.00295958074588396,0.00343363197958289,0.00355335689189651,0.00190191185223246,0.00383637149070867,0.00186654354190875,0.00101113526367651,0.00334105331804358,0.00327498413600487,0.00157624827454812,0.00170370983817204,0.00351494497116924,0.00181407089206037,0.00106343702740335,0.00337423352691842,0.00133559858911319,0.00164867149662754,0.00221935109702896,0.0020382184803683,0.00222118998430122,0.00149688012084973,0.00132745898697185,0.00138231732088263,0.00210088771109132,0.00193016176571069,0.00389559263422985,0.00346862693165879,0.00161985434672235,0.00349170628781458,0.00176154933238433,0.00133957791575127,0.0012819669295588,0.0031497448008891,0.0020316883464223,0.00381878532597068,0.00197962990493198,0.00151469682736093,0.00341519050017468,0.00115741050865767,0.00183030751459725,0.0020596415679849,0.00184861323448029,0.00357798311285781,0.00184989633001047,0.0018258939290832,0.00114293458597876,0.00111580882871676,0.00189500826516727,0.00289627204208186,0.00159639628089786,0.00325791490248707,0.00116093193711015,0.00177889726785004,0.00192036074059179,0.00116878898644702,0.00176265986122169,0.00178879981167058,0.00162537301947042,0.00113769251175016,0.00336209620960204,0.00160773932628075,0.00118643615537493,0.00176740958362842,0.00345452234138418,0.00206496307463734,0.00196201710586351,0.00317508742059928,0.00187937166698185,0.00317953052526148,0.00190207318171384,0.00164341611739028,0.00123864858911773,0.00169354049864045,0.00157834122155936,0.001322720267386,0.00352292295121875
"DU0088",0.00130566540815046,0.00134781836803629,0.00289428452787443,0.00147130023598164,0.00209012967688681,0.00182229263171135,0.00413531428698339,0.00143474900788321,0.00551536636861023,0.00129716721849661,0.00362071499214248,0.00185125797192158,0.0019049292921999,0.00146740107805078,0.00139242819231566,0.00145686908523517,0.00144544573647071,0.00341521878754255,0.00381792997210901,0.00229126172014487,0.00137554362012425,0.00221032993168237,0.00137383260900856,0.00184328770620307,0.00211109833252093,0.00311918301144962,0.00415753070207235,0.00318591363284441,0.0015517798809972,0.00253060283813321,0.00141350797819501,0.00527763819867547,0.00213207612037892,0.00143752275522307,0.00129519318654953,0.00145650287779698,0.5,0.00396321027434291,0.00229684647967916,0.00495162126927252,0.00211266183549795,0.00180188508693891,0.00225312997129471,0.00246896432705414,0.00256952477413244,0.00290068159043197,0.00341600081813717,0.00188950413820269,0.00161687950632314,0.00148448391275982,0.0015293704640752,0.0022276633458084,0.00157542745148393,0.00369269972759957,0.00208184953637248,0.00259523301077431,0.0017804644461616,0.0028335443491679,0.00321408193814533,0.00131238419329536,0.00212289346206935,0.00154374441874501,0.0014712746745229,0.00157751503984945,0.00129680362810146,0.00225762634977639,0.00160464765452501,0.00180496277194883,0.00201829058009687,0.00157579530225759,0.00176729719931117,0.00203368802792016,0.00306273012575997,0.00138613548714403,0.00136457982867041,0.00254299597108255,0.00129719451208067,0.00168807870790038,0.00220588570860676,0.00358472873001689,0.00129517379047963,0.00148786565203718,0.00129672783745157,0.00246021483847931,0.00332129936786605,0.00129624046227746,0.00221600247356884,0.00263548615811908,0.00177396149634178,0.00392776805331296,0.00401537610657799,0.00342339049319772,0.00335684029656586,0.00144819456324376,0.00144417565521362,0.00128880660707506,0.00230163824571046,0.0015080279274698,0.00348419300418767,0.00215273269791271,0.00174497493036534,0.00142200863151442,0.0012966407382961,0.00229295494654668,0.00148483907003331,0.00157832418938242,0.00222898404059326,0.00213389982336911,0.00170492151342332,0.00279141822734498,0.00382387592814477,0.00235807338402355,0.00236904000442772,0.00190585543958438,0.00146270402243983,0.00129621356917631,0.00138970249575286,0.00148604968846129,0.00143488939614629,0.00132724021351156,0.00196232131185246,0.00313643430496413,0.00129521989956894,0.00139153667903667,0.00144748788830696,0.00195196838249184,0.00339139620052057,0.00327813880381648,0.00152548946806271,0.0029032341902206,0.00181907720155073,0.00213974208968934,0.0013144987239095,0.00166324135509047,0.00218462720327164,0.00143374428354608,0.00324518342906361,0.00295288307080862,0.00229663571658243,0.00225887817358612,0.00223003551038499,0.00138311965696035,0.0015028695451243,0.00139221197964017,0.00248740019475746,0.00146152026629679,0.00145477774569986,0.00145943855161222,0.00323050353265394,0.00245367872118107,0.00142484244873765,0.0022266698556432,0.00251187757671545,0.00188770585528904,0.00175342548974552,0.00145982482011123,0.00141658095840203,0.00386015026714746,0.00554341692653005,0.00273431133379632,0.00260243963731721,0.00399861022795506,0.00186027009663708,0.00240838551951058,0.00274970698116699,0.0057132621915554,0.00129663191882965,0.0015248196120878,0.00150247949970751,0.00133064404300708,0.00163121663898767,0.00156456691709497,0.00241090926187816,0.00143230344588944,0.0050757932428671,0.00134192995411049,0.0026303275619463,0.00328954061621236,0.00137658843893811,0.00261542356947695,0.00266920792046738,0.0025797000264583,0.00266853668606418,0.00149930564933146,0.00300678892784949,0.00277411332035489,0.00166821042630408,0.00337826145930694,0.00208624707087741,0.00141838742349774,0.00238069906598094,0.00149577168329256,0.00179065967997671,0.00158980079130751,0.00180776896600987,0.00269655582016872,0.00327172083209877,0.00303752897994083,0.00216219616962827,0.0015062994074253,0.00148896464495676,0.00242263689695117,0.00312921508675064,0.00302863646709504,0.00149899803239642,0.00183110713847886,0.00532584172485498,0.0038793223038156,0.00231001052322937,0.00426178636677456,0.00145381855794193,0.0059554480464084,0.00370740215149779,0.00317827096224876,0.0017146838815423,0.0015371114659831,0.00133722424524058
"TT0050",0.00166856620606158,0.00136634762820549,0.00294242719564408,0.00172883744294487,0.00289632920741131,0.00185738026677101,0.00453089071720055,0.0020783889599036,0.00492388883271614,0.00119779187209531,0.00428155545155831,0.00119832095547026,0.00119392189003452,0.00120254679152226,0.00119843518593041,0.00157071351326034,0.00133900595787144,0.00179141878989658,0.00264296104901687,0.00187206799962579,0.0018494320050181,0.00199072400603515,0.00126840741647999,0.00229866508900384,0.00234112987239281,0.00329604824051897,0.00461850824656793,0.00370916614534364,0.00175364266422927,0.0012102652418958,0.00119607616619557,0.00378510673799907,0.00155401651073036,0.00136459949476045,0.00119743056829194,0.00119599839611029,0.00396321027434291,0.5,0.00308372878049547,0.00427355416865779,0.00263237840142226,0.00197470650489168,0.00281843263784979,0.00179360477708709,0.0019514466569903,0.00188909470612788,0.00302111420001114,0.00213388660682949,0.00178024943232253,0.00186320970006721,0.00207269796860738,0.00195841575132073,0.00161917384532698,0.003261605230186,0.00171174236580097,0.00239584245990916,0.00153105815977156,0.00306575239605432,0.00338579501929195,0.00119343897343028,0.00156262053359781,0.00254397739818658,0.00199984192658651,0.00212096625500532,0.00119785884891664,0.00290850222419469,0.00172216898267535,0.00189602151265143,0.00192819508345237,0.00215423576529029,0.0026654406279181,0.00275380620757489,0.00236599096676857,0.00193116808319325,0.00125205551842964,0.00302327447454756,0.00119780739715004,0.00209452054167102,0.00257453662099158,0.00391101669900472,0.001197396146376,0.00119615942212887,0.00119737210313688,0.0013762135932467,0.0044652425901312,0.00119865670334182,0.00262200695983965,0.00320193180387856,0.00210640408558015,0.00450134001631543,0.00409358975913674,0.00345429467654212,0.00392795840877926,0.0012708553544657,0.00120921229556145,0.00173486555179382,0.00224842026594164,0.0018712470837839,0.00222601433760778,0.00204779368989833,0.00255277343386081,0.0018597972320612,0.00120351414041707,0.00211347371462802,0.00119507865726557,0.00222434888970849,0.00302901145942088,0.00234775321470342,0.0021305872569924,0.00322924042449581,0.00419828491891607,0.00195089228376164,0.00302197226380315,0.00180599059591408,0.0016346429061773,0.00119753392506714,0.00119822957206861,0.00119280158830107,0.00119321209707092,0.00165500210279352,0.00175226315178995,0.00321842083125448,0.0018299037642889,0.00120645169494384,0.00127369414566053,0.00239677619630413,0.00370339939313891,0.00400769166181379,0.00187747002457803,0.00344617089526993,0.00220114247140666,0.00281588682255301,0.0018528955732204,0.00234172615196917,0.00170027571101136,0.00194579317228729,0.0032320353578797,0.0030640587039495,0.00249625232799106,0.00240960960292316,0.00229613921176595,0.00184207705035565,0.00169290059310776,0.00154841221319577,0.00254147914340474,0.00119663770603657,0.00185954740987558,0.00212729071416547,0.00171111356018133,0.00185420727924281,0.00180662125520547,0.00280355028669603,0.00161062728839817,0.00223802665376524,0.0024318467262217,0.00197729370563142,0.00158888901980763,0.00382711484241732,0.00353524211332649,0.00293077451631643,0.00266079159298708,0.00360834609441916,0.00242437294460045,0.0031925107584777,0.00230449122772514,0.00404122104704281,0.00119712831250837,0.00184822408533398,0.00220832658136116,0.00188394074171345,0.00199413801613457,0.0021892437884805,0.00232985129552852,0.00187643371650492,0.0039496368573691,0.00138135221090728,0.00296552991777507,0.00210360230455938,0.00176721228062045,0.00333070946188362,0.00302056614871193,0.00297310911125722,0.00305349469709808,0.00178424934541862,0.00281614064977146,0.00317184022445198,0.00227160559390689,0.00400150814731373,0.00190059848610775,0.00197833479686803,0.00281575398097267,0.00214393591392171,0.00222119618526841,0.00177276933843826,0.0020132412676096,0.00341048188092076,0.00360582004860526,0.00231326432435334,0.00281450826263551,0.00179891183440675,0.00184925676014992,0.00262434489792821,0.00305693258938738,0.003540796745385,0.00177775988638603,0.00210507697408518,0.00372011632742757,0.00173784371901865,0.00269289586131738,0.00175980803443016,0.00143089394363901,0.00282698034793095,0.00396766069980425,0.00353370239064472,0.00189577947077643,0.00225202660054433,0.00186530321178938
"KL0009",0.00127619132704701,0.00123986640755292,0.0031930028966411,0.00137653356061569,0.00390757908876038,0.00161232868007749,0.00312857621393348,0.00280675927987367,0.00284668639073864,0.00113240662686752,0.00260959381023754,0.00112907879689256,0.00112538660153905,0.00113526079687632,0.00112986864307029,0.00122103163107757,0.00119503812481594,0.00155200286540489,0.00303151537041841,0.00156388189628018,0.00134068189691678,0.00156108642013512,0.00115317019433229,0.00275485330976603,0.00280903097241151,0.00253628876071147,0.00343616370649434,0.00273581856351258,0.00133415963026406,0.00114630205059903,0.00112940416670403,0.0021757094087189,0.0012140395946241,0.00119283424563386,0.0011319417583321,0.00112920624200883,0.00229684647967916,0.00308372878049547,0.5,0.00251339628882837,0.00319731357260475,0.00134713885212193,0.00325230929911417,0.00130517945230908,0.00137557909857635,0.00132681159023062,0.00330786950984872,0.00249786649589353,0.0017298210274706,0.00217161980432211,0.00210197515295531,0.00133833016659911,0.00128514344459414,0.00278312644104422,0.00136487972946088,0.00306098495212458,0.00115391771176198,0.00279769611735269,0.00254515212783563,0.00114472402106341,0.00122655047152697,0.00331402966908555,0.00291030459048323,0.00248574562821725,0.00113266941186354,0.00491617206141117,0.00242155769303392,0.00138051324440036,0.00136820550255325,0.00203243925663464,0.00339586277134758,0.00309976907192489,0.00219039945660328,0.00353819069200311,0.00114933167332441,0.0029954865159174,0.00113241850445913,0.00178592712326978,0.00319909162000694,0.00262010900487684,0.00113191606887923,0.00113048034439294,0.0011315033554931,0.0011402047477503,0.00434154165544419,0.00117301776640087,0.00316015499027411,0.00292456518867766,0.00253247331144871,0.00388719383859149,0.00278312351582664,0.00270394007139978,0.00266718789786724,0.00114688120089024,0.00114751710737333,0.00127539054628163,0.00196266216193817,0.00133882231952047,0.002684450330789,0.00211880570208328,0.00569800717055147,0.00135924473227184,0.00113520460554042,0.0019886268630961,0.00112905517478853,0.00271107866181167,0.00347607658792526,0.00497049298493554,0.00226973232458533,0.0028315056263028,0.00257766652683982,0.00166196287219631,0.00355008569895428,0.00131141177880976,0.00241437892771218,0.00113191560022081,0.0011306711067104,0.00112456308457811,0.00112668898635507,0.00195181888232258,0.00206685668374614,0.00318561020957545,0.001306343790327,0.00113774149648863,0.0012202579421541,0.00269895877380691,0.00245461944149815,0.00574949619567144,0.00140573508300917,0.00281143990889301,0.00254491067368234,0.00354147092143103,0.00196471472571535,0.00670741683053344,0.00129413617988904,0.00179927443730441,0.00243084728109586,0.00335861087816951,0.00314647820623433,0.00308634015735064,0.00298119262043497,0.00386477953435498,0.00130638470017003,0.00128230078836395,0.00299141181508774,0.00112825744966302,0.00272152545555538,0.00648287269724746,0.00133660703163827,0.00138571983445555,0.0014183600237551,0.00343770171014544,0.00127114176301989,0.00273849021021744,0.00662456391186157,0.0013461985225581,0.00129480786121436,0.00265494506515945,0.00207173470951882,0.00266787901537591,0.00273537169895151,0.0030028361716501,0.00265166257685141,0.00332423609435232,0.00306744810747541,0.00227338220773465,0.00113121522084044,0.00130081689193788,0.00196733402292595,0.00134406842073469,0.00233955128294285,0.00189866089320098,0.00228562477867334,0.00165062799257194,0.00266835832534351,0.00116209573161795,0.00291961906662981,0.00217309992679396,0.00248423104902185,0.00546510349182276,0.00283535524137297,0.00279257185000881,0.00259756242923277,0.0013370230623556,0.00303273150045689,0.00280660035462269,0.00260943005290832,0.00583477740413197,0.00164632901605593,0.00287028143228127,0.00357357946195185,0.00140517955903967,0.00194406943865239,0.001303643100303,0.0022146879748492,0.00427327171944617,0.00285037410940063,0.0027648432459776,0.00302607466660361,0.00159776254392646,0.0014144347160358,0.00298431383085762,0.0040537599093939,0.00270956775856455,0.00132792091714498,0.00249063665202429,0.00220964658842183,0.00133620110299357,0.00313478431353909,0.0013081826337447,0.00119221125849033,0.00299100531494986,0.0034433705227967,0.00273546624022375,0.00193642937865095,0.00211451983913865,0.00130878996098816
"KL0008",0.00179812112150087,0.00127615517499146,0.00296166620612088,0.00170765317136259,0.00238885263317571,0.00183729053521951,0.00421893784851166,0.00146992597497572,0.00411175434282142,0.00146262750432012,0.00396027657389654,0.00176242167259445,0.00178950591954884,0.0017340547724295,0.00169067071455132,0.00177647518188943,0.0017345175913979,0.00214105118573417,0.00288146064313751,0.00203690458715686,0.00189968561908751,0.00196861545781646,0.00126668048056012,0.0022587615291075,0.00250896460461491,0.00327974131546865,0.00398923538864113,0.00354371253037371,0.00187276665636111,0.0017212462577448,0.00166670369540847,0.00372465358009001,0.00196689840749217,0.00174539885781282,0.00162732906652712,0.00169555895379717,0.00495162126927252,0.00427355416865779,0.00251339628882837,0.5,0.00257961507232876,0.00191272483510317,0.00280681628751132,0.00209036801365965,0.00212304693615892,0.00214073909904012,0.00314981622076006,0.00201586890132394,0.00156525211422021,0.0015569112348822,0.00206545614330724,0.00202622550262496,0.00167705299411338,0.00360597532295641,0.00200215864537809,0.00278078979882425,0.00186521373552377,0.00323996276933673,0.00371302238960268,0.00125987561669139,0.0019461676857106,0.00158699985922986,0.0018076703593521,0.00173350986567618,0.0014649360490958,0.00227231200541547,0.00153470194701875,0.0018556169331894,0.00206353236130547,0.00164313267238388,0.00226766232966449,0.00244084240382342,0.00233082490143399,0.00174847084011564,0.00148609546965408,0.00287360585157057,0.00146256029433235,0.00160652687134337,0.00259068415735309,0.00388133079479265,0.00162719418108795,0.00170313481242897,0.00162070983237083,0.00192852124176518,0.00327935822048453,0.00126669236373536,0.00270293870476678,0.00321567924308737,0.00222740889797504,0.00403272369239725,0.0039715373312538,0.00339552169874176,0.00369906598526578,0.00176053984240314,0.00176026408996583,0.0016061636303502,0.0020121519003255,0.00192229541800503,0.00264450432550833,0.00190466751682526,0.00217529918825287,0.00186727281759052,0.00167846221941708,0.00200657384072606,0.00170215546477121,0.0018521475386819,0.00257894942374751,0.00190869079136204,0.00197544439870544,0.00326079146091085,0.00409240545870983,0.00202664384181015,0.00275666132377243,0.00199175838058484,0.00174588658931248,0.00162447339314489,0.00168992634209269,0.00171985309308414,0.00167592725759997,0.00127238726042939,0.00184725381972406,0.00342455249141987,0.00146714164461253,0.00170031011979974,0.0016651824192323,0.00232678109085493,0.00369816761463761,0.00336566067409489,0.00172073189607517,0.00344681003899931,0.00222250172208182,0.00231120217002412,0.00172839456513633,0.00172411338727952,0.00206536721531107,0.00178650820101781,0.00319002860178917,0.00291292092099558,0.00234406959725708,0.00271542057308038,0.00244608354622,0.00144752597722094,0.00188220660632459,0.00127127214912389,0.00250946253139051,0.00173946281183124,0.00185653103257578,0.00146449446328886,0.00207315997801666,0.00195933398117352,0.00170575606404321,0.00227093575178579,0.00204904661750052,0.00186252782118581,0.00183522774715329,0.00192352890029271,0.00151989142118156,0.00393121468799873,0.00406812060098432,0.00313192475795065,0.00299890426848656,0.00360259756515686,0.00191877024465174,0.0028424240020931,0.00280164708445347,0.00428410517028649,0.00161947403419417,0.0018980099931615,0.00199432442299188,0.00187375186792792,0.0016003000137953,0.00188416508407165,0.0021440331005115,0.00170924735125294,0.00401585986241737,0.00179950653906525,0.00307861440280293,0.0021779893257719,0.00177892044487778,0.00281221108647697,0.0029573637390913,0.00303666281834522,0.00314150677440166,0.0018816990116758,0.00302364347357372,0.00280273924711151,0.00188864079945011,0.00341585481863481,0.00190041208957513,0.00165853593709277,0.00269020537977278,0.00178774082016648,0.00181331751887977,0.00185951176376406,0.00217135039420793,0.00298343370478051,0.00319066546389259,0.00265239726746706,0.002634377990116,0.00152776492312979,0.0019016818318987,0.00254244343211605,0.00285380907954177,0.00346225298738159,0.00184786613941541,0.00223658732319129,0.00375911443500148,0.00207710311617526,0.00251796846330112,0.00212384513935368,0.00145299154853413,0.0033745220849275,0.00423029721761469,0.00355414252708879,0.00163239835308606,0.00190756144795597,0.00189871713595404
"TT0055",0.00168717201319086,0.00138053157439124,0.00308880568176273,0.00188627340106744,0.0039780983292143,0.00197399686911839,0.00246766588729566,0.00152907434864537,0.00258414613112711,0.00135626209366317,0.00266583287254174,0.00157531382791987,0.00158409168468066,0.00160916345456794,0.0013966821293057,0.00144802410583893,0.00161930317930095,0.00187758495199505,0.00362224748596599,0.00201898089866458,0.00188514602099342,0.00197079068536025,0.0012004660570122,0.00396812237034051,0.00367441205317718,0.00220025006211346,0.00206543419030501,0.00270000857545727,0.00177304738387899,0.00131693581330379,0.0013863825999597,0.00185834341895149,0.00169019977732744,0.0016348189275994,0.00136083002390215,0.00157143783280408,0.00211266183549795,0.00263237840142226,0.00319731357260475,0.00257961507232876,0.5,0.00211331761797528,0.00342633455260768,0.00188066579706116,0.00196821883982027,0.00192254865065087,0.00339575506534888,0.00340159649107376,0.00232187625241921,0.00203461107755581,0.00302539186598155,0.00202828631589065,0.00166630888749862,0.00272409766777601,0.0019811524053078,0.00322699434901802,0.0017322961288624,0.00269448754711135,0.00244368400600949,0.00118428117430415,0.00173936694971723,0.00249217105739465,0.00250708541403057,0.00301728925987468,0.0013587720771967,0.0028717077847264,0.00263055648810326,0.00190877228256368,0.00208963634024573,0.00245718177310032,0.00352910769866632,0.00424435291401517,0.00303067166539114,0.00176334010143977,0.0013894911129496,0.00276000662915821,0.00135619068198515,0.00156065624084145,0.00270094732386967,0.00207789637160615,0.00136073232600877,0.00157450608351942,0.00135456801639237,0.00168401515613353,0.00222069921134279,0.00123066290368961,0.00315858798912956,0.00284700025516589,0.00357989474977735,0.00248848197428287,0.0023109058363929,0.00206501595274677,0.00278024993757689,0.00157559887527996,0.00165413652298149,0.00162392564849958,0.00270660531152506,0.00195542304157069,0.00373279378572727,0.00285932836305321,0.00367568405670662,0.00191491279193299,0.0015509204015206,0.00275742492558191,0.00157426802507845,0.00276355882715451,0.00353809433440793,0.00355073748688418,0.00282092896305402,0.00278904702904922,0.00235907906793013,0.00211373905867298,0.0033847132405178,0.0019299398916156,0.0016490027766229,0.00135828354682168,0.00139718048057952,0.00158380980249131,0.00155117976235795,0.00157421575153294,0.00172138005766946,0.00221801223789008,0.00168606726077406,0.00158166439538526,0.00156594929021172,0.00363683179205172,0.0024404779776746,0.00223699026927798,0.00177049465181804,0.00271793169693832,0.00357186252941583,0.00330980504368518,0.00182182006151728,0.00319071291455066,0.00191923222021046,0.00214046980453078,0.00191895687909997,0.00314984655571239,0.00270410879801817,0.00317404076498656,0.00262073764897131,0.00149272705780759,0.00184188132637097,0.0013938259470499,0.0023954654971741,0.00159221480338967,0.00183241631667289,0.00239287605114401,0.00188907706759355,0.00181238174382501,0.00176994504192291,0.00334758833783249,0.00178733043786105,0.0037226103254493,0.00342048295974641,0.00197355182431013,0.0015234930004542,0.00269632335699921,0.00208523514575384,0.00260280256630869,0.00236705151365451,0.00266724602062548,0.00359260238518079,0.00332994310450351,0.00294017685078528,0.00235407383287162,0.00135312318820271,0.0019225591864274,0.00284709061123282,0.00193491034875021,0.002962354727072,0.00261538150528107,0.00308890434931479,0.00184866068619882,0.00176630205043179,0.00165532794812583,0.00276473321457278,0.00293758450470246,0.00170351519938571,0.00277846583205866,0.00263183192092964,0.00265166204750679,0.00239230754826294,0.00186030912395828,0.00290360385552158,0.00227835012502598,0.00274727781081006,0.00214789712658853,0.00189874621465735,0.00176717747837844,0.00345230397782142,0.00196758740614348,0.00200539316434035,0.00178708940300883,0.00325767185296538,0.00295259787053366,0.00219703943156379,0.00380488338200873,0.0038143469625356,0.00156110968504142,0.00187047053120049,0.00378168669439261,0.0030385553575402,0.00262203392399243,0.00179373336595599,0.00356850665754843,0.00174748072862854,0.00182247745530684,0.00269006236351406,0.00191235909472618,0.00140812043219155,0.00289607553977099,0.00365505800466564,0.00265640054878612,0.00262055524989248,0.00283576321623332,0.00192914189845893
"TT0054",0.00344847120002559,0.00312611677601117,0.00184418500624006,0.00342765482920621,0.00176679912263353,0.00351270155104312,0.00178139533454653,0.00144584729293124,0.00218063666633184,0.00314165985009381,0.00216857887281309,0.00335441082402372,0.00335765329591471,0.00337595482805714,0.0033205297498766,0.0017690266194175,0.00335525076708197,0.00188608173636694,0.00191698486289278,0.00200730172141653,0.00360460295897819,0.00198295197262707,0.00306224314547154,0.00167527795307143,0.00174333596874392,0.001414894303304,0.00122938459798787,0.00188378063394547,0.00180463800229307,0.00312070714094159,0.00330615166075473,0.0013721526318091,0.0034268726530523,0.0033677675309259,0.00314378295567778,0.00333179071394025,0.00180188508693891,0.00197470650489168,0.00134713885212193,0.00191272483510317,0.00211331761797528,0.5,0.00194396855886305,0.00195907507291893,0.00379485218448283,0.00376517425665608,0.00221313267007778,0.00165398922371909,0.00167051777277504,0.0033334018566737,0.0018756783682261,0.00383923269448342,0.003429727112636,0.00185168665811552,0.00357970592138113,0.00178153556845103,0.00351674501137494,0.00175424911055328,0.00169383442124993,0.00299407559928099,0.00350600887616567,0.00129701681524267,0.00170184048936287,0.00177247399768984,0.00314438329653233,0.00133569343711494,0.00136057761056886,0.00357655127502221,0.00376192554357901,0.00172287231985806,0.00175752626917995,0.00200760455236337,0.00244530750800971,0.00338387238805663,0.00148152112799503,0.00169414753929781,0.00314155463634418,0.00143849038210036,0.00128563754617081,0.00141702504197993,0.00314366556399149,0.00333568429618183,0.00313858136918296,0.00344194857453591,0.00117486788848673,0.00303850465317378,0.00171718354288591,0.00186099966046268,0.00168524439873457,0.0014064562493203,0.00145436039781048,0.00121610712794598,0.00201559596552787,0.00173605740322717,0.00338502663542261,0.00337307392956937,0.00192393686507761,0.00368746184303898,0.00203442975023083,0.00170657690332487,0.00140511967627461,0.0036305303366998,0.00331764422765747,0.00181291547446224,0.00333772252487185,0.00165230535130212,0.00189095482686998,0.0016126041367058,0.00183347545454501,0.00187617593199695,0.00172326081848329,0.00183845773481947,0.00188280636364582,0.00365226423722886,0.0033387295810823,0.00314278431021212,0.00331938416866528,0.00334481647837043,0.00331563573984658,0.00328239317060902,0.00343048861511931,0.00141845107188817,0.00341553089624025,0.0033589157695234,0.00163363946409506,0.00178332338879179,0.00186515584443967,0.00128973320823315,0.00346414137719413,0.00179244972555195,0.00175102227148995,0.00141772626850792,0.00344727150142825,0.00118694638719797,0.0036515295966977,0.00352076078342257,0.00128593853080294,0.00183770741879459,0.00137924100670742,0.00171999972556684,0.00142475393168713,0.00313015066957359,0.00355766581710864,0.00313435537587068,0.00122534781486826,0.00335259171646795,0.00171120617231922,0.00115424681430401,0.00361249551273358,0.00351732047557938,0.00176886203164769,0.00166302583149326,0.00353926558168129,0.00161789852243553,0.00119405544512534,0.00376063961465005,0.00148800405539275,0.00194617991750484,0.00169782717996698,0.00171197332374615,0.0014306282240977,0.0017700189248897,0.00174013268777786,0.00203656512062562,0.00169384608775111,0.00191581170155966,0.00313647711599836,0.00368394035036683,0.00202451196368534,0.00373742156890074,0.00139319332888332,0.00191628563722897,0.00216421006631116,0.0034655186414153,0.00126799056484372,0.00344455277388149,0.00173314600238006,0.00173358407981143,0.0033843480160373,0.00157187418852801,0.00164308704481096,0.00164856103394388,0.00162202943160445,0.00357059509738207,0.00178942252353999,0.00137192049174043,0.0017202201837963,0.00127044590562585,0.00181134906887057,0.00339218126123976,0.00174415666774599,0.00373700600336224,0.00199829009073018,0.00184203442489143,0.00185814635182667,0.00178434293983866,0.00141220843478819,0.00180631278645833,0.00207520969697184,0.00148383144816371,0.00356778326851066,0.00188161562075628,0.00170024891342249,0.00179916063228815,0.00351684423933306,0.00171196855135039,0.0012258316892678,0.00358341231559542,0.0014191494727935,0.0036909969859011,0.00144774011356558,0.00179067065966386,0.00146821870849647,0.0018325048166144,0.00172732687313083,0.00177109747230554,0.00371576925750968
"TT0057",0.00171645055621722,0.00172259111315149,0.00337098209151508,0.00177044972813051,0.00341796516019506,0.00180592598212219,0.00279549665287899,0.00151773678325559,0.00242239738188918,0.00170775800595164,0.00291073934275712,0.00171412051163845,0.00170851874099632,0.00175414783219107,0.00174277976515193,0.00180737216884831,0.00175715385357171,0.00148476437086995,0.00341552072666664,0.00195974982864859,0.00189328264338865,0.00186078018418829,0.00145944484493408,0.00282539447788963,0.00302852164812552,0.0028719193622074,0.0023127649777839,0.00294875052971969,0.00170940949818898,0.00143175111450274,0.00172898893473436,0.00230025227476997,0.00172732612085156,0.00176089831033481,0.00170963921220435,0.00172440062983441,0.00225312997129471,0.00281843263784979,0.00325230929911417,0.00280681628751132,0.00342633455260768,0.00194396855886305,0.5,0.00178229652637268,0.00179098488552648,0.00174547944884158,0.00357281883729569,0.00277866056740978,0.00211586117886657,0.00152579791926159,0.00244401623729244,0.00188560906431809,0.00173522708042455,0.0030047166698581,0.00180660449818243,0.00330222995732023,0.0014918520936384,0.00304444068560489,0.0026347640789118,0.00144001559081901,0.00167056643080213,0.00192502562214791,0.00211319795900764,0.00298057140545931,0.00170898599020894,0.00332871181070237,0.00249668455256924,0.00181481740424273,0.00189908786836819,0.00195786446585764,0.00291881370629196,0.00331852402626802,0.00236076504146871,0.00171475963632885,0.00173226925841658,0.00325104074600173,0.00170775415879524,0.00206457914542086,0.00353011750381217,0.00271397958845706,0.00170952451799108,0.00171907014860728,0.00170589104009419,0.00175787627361383,0.00252308151186152,0.00148908094707354,0.00366965512790363,0.00320450574630711,0.00299096928543278,0.00246859186332887,0.00257063288791591,0.00256849147193925,0.00303302519045512,0.00180301545204917,0.00174098264176724,0.00178561005414831,0.00220333849022228,0.00182685190986402,0.00289280072630859,0.00239121347245493,0.00304486741554085,0.00182931115746179,0.00174157349056815,0.00223548645299078,0.00171623810362573,0.00203419443586519,0.00359954161382922,0.00254600986888412,0.00224857047227325,0.0031059108675357,0.00268498564330926,0.00215037654409703,0.00364103564661701,0.00188648311643634,0.00166785768284292,0.00170785062018307,0.00174219221802696,0.00171219462736583,0.0017206561771562,0.00172458891503895,0.00167988942585556,0.00284939806695914,0.00178658420702903,0.00177153721278186,0.00172409941434458,0.00299591693401214,0.00271113632095144,0.00250956678800624,0.00149180010238479,0.00304207523871889,0.00297185791148291,0.00322726256142348,0.00189346686976462,0.0023953301157944,0.00185983758751239,0.00177648598682749,0.00249107155751715,0.00345113652188186,0.00343080618990394,0.00331931506552826,0.00335892169594446,0.00143715777020301,0.00178985377203165,0.00172681946416715,0.00302214771985434,0.0017382512211237,0.0016406442232881,0.00183750636375269,0.0017316001851679,0.00171548767009623,0.00176743667028164,0.00344751616782164,0.00171232311203368,0.00313944879517385,0.00259413894581746,0.00190053264049846,0.00143653550759238,0.00290051207466273,0.00247528864828492,0.0029847322057912,0.00306533023303255,0.00293005472943192,0.0026285234884211,0.00360278009275865,0.00340924745393408,0.00252140383202643,0.00170529045829595,0.00183846591061141,0.00252890654412139,0.00186813553025091,0.00242342029665255,0.00221541284053195,0.00251132590094494,0.00183275458216295,0.00249935128839202,0.00149772147901357,0.00316733395664364,0.00216118787592812,0.00169418345323607,0.0029124381424694,0.00311713771651626,0.00316395427501105,0.0025823214000075,0.00178470497792139,0.00325356247628568,0.00296196380042309,0.0019593895887599,0.00241017667816575,0.00188006482825624,0.00171885840153423,0.00364191444437824,0.00188919031629747,0.0018237520599095,0.00175473909646481,0.00257144356309326,0.00322220301211208,0.00289555536149883,0.00316866046955064,0.00350242176515968,0.00143602837005913,0.00180357786329456,0.00335725352442104,0.00312636501590944,0.00309463355105388,0.00173506015114926,0.00298687277228864,0.00227736578182101,0.00147887293725096,0.00341561347100213,0.00150427389484198,0.0017553670109002,0.00298355621293214,0.00271549336006262,0.00294044256361374,0.00224831379231965,0.00234322818751404,0.00191655128989451
"TT0056",0.00177474409945708,0.00130965467966488,0.00185116380980206,0.00151485768989793,0.00161921680022247,0.00178739101324217,0.00168539973916234,0.0128899703194441,0.00189370511437271,0.00167271100019172,0.00181267210900938,0.00182336190759035,0.00183733758309284,0.00177951503418549,0.00171650377290905,0.00179187323536643,0.00177073729883196,0.00297288160111285,0.00200940848462582,0.0192231645326306,0.00194401036308143,0.0185803319595653,0.00129500611050899,0.00162289399711521,0.00183282083921488,0.00126728830751103,0.00127390330575078,0.00181856996150298,0.00289277724643488,0.00177517006099977,0.00172185401923097,0.0012967777972045,0.00199943495974976,0.00178377721844902,0.00167091370291836,0.00174502656639299,0.00246896432705414,0.00179360477708709,0.00130517945230908,0.00209036801365965,0.00188066579706116,0.00195907507291893,0.00178229652637268,0.5,0.00221065252522185,0.00219421044381897,0.00210893144508966,0.00129776281945429,0.00133147606310112,0.00153941465113623,0.0018682027520426,0.00209642643301349,0.00175444516721355,0.00205556812113252,0.00197007162634881,0.00186629640098023,0.00192747642843422,0.0018098770181592,0.00177786430355108,0.00128712117287823,0.00204650444075351,0.00129652438396189,0.0016499136236067,0.00132430878619276,0.00167451649301549,0.00122265609511715,0.00125132498540887,0.00183005161846936,0.00208742991202591,0.00144912727950315,0.00164344641050315,0.00186786006891409,0.00231785244885381,0.00143449102243317,0.0191273881153327,0.00143363282113289,0.00167267927343616,0.00130276424505569,0.00163768641529775,0.00166338144112154,0.0016708548837773,0.00176281238874094,0.00167049351056635,0.00197853159936159,0.0011823831874402,0.00131003506491343,0.0017503595491963,0.00181776710713167,0.00170103540928163,0.00139421575370379,0.00144737270276193,0.00123395151829588,0.00185670843678733,0.00180308870804624,0.00181046547032432,0.00132200997395892,0.00193704949156642,0.00201887989810681,0.00221928593545675,0.00167140270901344,0.0013445042930975,0.00194471640251182,0.0017114274275534,0.00186710979451022,0.00175898672567953,0.00166691545828955,0.00175078615374967,0.00138255619322532,0.00175282521244602,0.00187047914129957,0.00174379782596193,0.00186301453653615,0.00180278026144016,0.00204366088543689,0.00177592865947039,0.00167265498224768,0.00170354960468968,0.00175740918298066,0.00173264152142629,0.00125570550477462,0.00183509241185812,0.00165952033133872,0.00168174003262823,0.00175341283003874,0.0139997062235694,0.00174651616916824,0.00188838567003448,0.00117111788467246,0.00173678635856856,0.00171218103493851,0.0017174755201022,0.00134966095924609,0.00173198129388916,0.00114498291196285,0.00209450820573568,0.00175361146576483,0.00123982071610226,0.00173912676644644,0.00127201332191626,0.00180392900608131,0.00143166171074325,0.00139610217202809,0.0018580731541413,0.00133030818962009,0.00125001342415546,0.00175897803766991,0.00179896467779536,0.00111550502286109,0.00210082427314403,0.00200164515372311,0.0132459660289798,0.0016338865959555,0.00214418846259684,0.00158947698337452,0.00116376886562914,0.00198899464646281,0.00402807600397686,0.00198001694164157,0.00177520610980931,0.00177737915486528,0.00162655418913275,0.00186464128024931,0.00149560025315584,0.00184927106750112,0.0017852907951287,0.0020045251689044,0.00166957184751846,0.00203724860888864,0.00190266759058702,0.00196202090324554,0.00127751814368239,0.00179539482211909,0.00210794300478472,0.00152226301937385,0.00160983518548682,0.00183719989875665,0.00177633233619584,0.00192440025314867,0.00180167457326234,0.00135282543031517,0.00164021967769637,0.00164882379316439,0.00173099570509808,0.00196804276255964,0.00187750424124976,0.00126959534613874,0.00166844091200629,0.00121883617357242,0.00187995587782403,0.00164997804379734,0.00161567444065642,0.001861112956342,0.007966425972899,0.0184827457033682,0.00184797768687924,0.00164636030215352,0.00126658886107608,0.00203246876813352,0.00193098069580925,0.00319331127111125,0.00186918290758352,0.00180833872252705,0.00175535903236465,0.00169798454205996,0.00189012236025712,0.00171352707790392,0.00126090549176539,0.0021639759072866,0.00127456307499644,0.00219269418529113,0.0180069805461239,0.00211440233858144,0.00142480788932387,0.00182021588227082,0.00148518831699355,0.00167162791744489,0.00196507049568465
"KL0003",0.00332005932502543,0.00329134466553057,0.00183171073658536,0.00349937576730275,0.00174221070755043,0.00354966526882556,0.0017385292657497,0.00161077075370966,0.00224938223273277,0.0030098621243263,0.00198176529565563,0.00333320257466919,0.00335274216444974,0.00314964415586734,0.00300383910534906,0.00140479304920519,0.00331258865978277,0.00242463247396482,0.00212355173558473,0.00216413045366647,0.00352503702079655,0.00212153525673925,0.00302041519600961,0.00171016698862224,0.00164410626169215,0.00126058714807735,0.0013154647147922,0.00186174960071842,0.00183492419963094,0.00352464534627941,0.00299357418604836,0.00138497969966663,0.00353625529687551,0.0031557653297158,0.00300916347217766,0.0031221109562481,0.00256952477413244,0.0019514466569903,0.00137557909857635,0.00212304693615892,0.00196821883982027,0.00379485218448283,0.00179098488552648,0.00221065252522185,0.5,0.00421355871064476,0.00246585823252748,0.00165705417756307,0.00169504311521652,0.00355582861945063,0.00180026410512354,0.00393735113411568,0.00350555856555622,0.0019044328474321,0.00363379644740965,0.00169277331230726,0.00344341785455304,0.00168208953596687,0.00144279519891225,0.00301273041951898,0.00360056242115738,0.00132859097895385,0.00144519343041815,0.00162871934231154,0.00301137840739289,0.00122523118252282,0.00138608425893294,0.00356712784970779,0.00376797367580682,0.00168073453924846,0.00174675237973552,0.00204166735609532,0.00267831315530188,0.00350848211957946,0.00136667190609865,0.0016541208102686,0.0030097980158418,0.00126254433945787,0.00126983890867864,0.00138300805723841,0.00300909156571376,0.00312381339200994,0.00300717085915965,0.00363002606938866,0.00121294271381967,0.00305194488157449,0.00145313993621178,0.00174878539077491,0.00144489647893927,0.00160171911240508,0.00184151795536899,0.00122560302158235,0.00193082726566999,0.00133336557023762,0.00316281635389817,0.00330020180948707,0.00214101957761764,0.00366529711556898,0.0024223376655022,0.00177872050268309,0.00165896625609369,0.00355398143133482,0.00312610318472782,0.0019897649526457,0.00312611896447395,0.00178012589734724,0.00192482370873741,0.00166470028047999,0.00181905987188352,0.0017916695620083,0.00145014223590079,0.002044226506031,0.00187510890559554,0.00370174421234807,0.00311124917024026,0.00300957228883758,0.00300316491990601,0.00312951228903491,0.00299097684861897,0.0029335921537573,0.00342284802332368,0.00137251949026689,0.00317837620175217,0.00301448453671383,0.00145966473506974,0.00172878371665537,0.00179143265357489,0.00126945978647856,0.00354752665532672,0.00167081650421169,0.00148532205331795,0.00141667621923252,0.0034067177411502,0.00120649072342161,0.00367393532972735,0.00359942833762499,0.00122586944305592,0.00199777186297549,0.00125801983083421,0.00164990872299874,0.00126811314160438,0.0031555294705169,0.00346594267779104,0.00331409693120793,0.00123565856786563,0.00314377254771865,0.001367319908931,0.00118298708238515,0.00384025052654679,0.00370617796237606,0.00181288998376622,0.00171716332975565,0.00373064031643834,0.00163607184533162,0.00122013049632834,0.0037451189037284,0.00182899639492629,0.002023602355913,0.0014768721907032,0.0016297105931277,0.00128882907795346,0.00202320512686264,0.00180966191774297,0.00202020823607899,0.00164205746026296,0.00193018282538396,0.00300556802788696,0.00365420367673328,0.00193465268475559,0.00366256682544103,0.00139977264355787,0.00193655142718627,0.00227605703638302,0.00349669740164919,0.00126370576862846,0.00319608968059401,0.00162516804194445,0.0020735828839881,0.00331808386466113,0.00158231779061054,0.00165300056768685,0.00129154230127281,0.00126665408561651,0.0035439096461031,0.0017650065876504,0.00137601310005009,0.00176058529167,0.0012598319723149,0.00183903424570665,0.00341302928978207,0.0017857847486406,0.0037391696263127,0.00211472249551332,0.0017543730069775,0.00176756683875929,0.00181871954950363,0.00157855173154941,0.00193708771335306,0.0019990941552276,0.00179269778051119,0.00355220625035835,0.00184010510436065,0.00189892174633005,0.00170844973479044,0.00343761108932453,0.00146222305647678,0.00124315151159088,0.00401770387480583,0.00126284466411975,0.00413749390398269,0.00147805084008176,0.00220048988657089,0.00146968674262339,0.00179067167690098,0.00181049572196547,0.0017362373791892,0.00357821581204239
"KL0002",0.00306370228511215,0.00315588200283426,0.0018199126828831,0.00342007859045652,0.0016805824406792,0.00351504876892996,0.00172034152933824,0.00160600378956497,0.00232476690336326,0.00303654443543225,0.00192309058915641,0.00337235379187297,0.00341122612079055,0.00317876819543222,0.00333934726671517,0.00155917587307373,0.00333938548042482,0.00249732355695246,0.00232486281352259,0.002185480907746,0.00353372604299,0.00222500620349902,0.00304725308928808,0.00145034820056951,0.00165933581741692,0.00125889930188654,0.00118537682389071,0.00176663620763306,0.001842632691209,0.00357517163518752,0.0030205341941702,0.00127690382110309,0.00361514254235539,0.00341534231090659,0.00303570274971352,0.00315136957705617,0.00290068159043197,0.00188909470612788,0.00132681159023062,0.00214073909904012,0.00192254865065087,0.00376517425665608,0.00174547944884158,0.00219421044381897,0.00421355871064476,0.5,0.00256386007644269,0.00165830563775568,0.00165644499764273,0.00357284651133319,0.00175894169318305,0.00390835261969956,0.00360492193323486,0.00190681746307364,0.00368302913441263,0.0017064796031657,0.00347315406139624,0.00166429272505925,0.00144388558003998,0.00304069459734391,0.00359579628753963,0.00122489142729367,0.001264938311084,0.00141225840574839,0.00303810966579919,0.00120822769359366,0.0013801798592931,0.00355799029406859,0.00377186031928058,0.0016311853695719,0.00168580880836714,0.00200524977019057,0.00264371954659001,0.00352325891708729,0.00139426326698233,0.00161885106394878,0.00303647615779852,0.00126245066519593,0.00126983700017608,0.00140693557112204,0.00303563255399301,0.00315340834735112,0.00303378293866605,0.00377723359324141,0.00125469265985872,0.0030783567975869,0.00145282887802502,0.0017311159177266,0.00159338057164818,0.00122726248833968,0.00143899659637945,0.00122145802741003,0.00180982335067969,0.00167928464378873,0.00337953180361197,0.00315416482821091,0.0020676724208599,0.00363311585991466,0.00240365315934097,0.00174691845743795,0.00156537785820491,0.00350684212984756,0.00332013085062549,0.00190108900394119,0.00315612741466378,0.00160178021857719,0.00185405100849032,0.00163670167946867,0.00174893327325302,0.00178589421668998,0.0014403518354425,0.00203256191697902,0.00181460989224622,0.00366377826688106,0.0031321249234113,0.00303623741954361,0.0033210548822336,0.00335016860861665,0.00314260401112,0.00295262376658194,0.00353710600344962,0.00137363553939765,0.00317446743765155,0.0030399464289133,0.0014726297073302,0.00147264768819937,0.00183219647680563,0.00127362443901165,0.00356088353777619,0.00165487204756181,0.00171969213866709,0.00134046616257851,0.0031986051957148,0.00117907457740588,0.00370366082168568,0.00352797637990742,0.00122511477938002,0.0019606125315917,0.00125714601379706,0.00145435860945942,0.00126819427945921,0.00316611512210959,0.00350103903297888,0.00331701324252841,0.00123631222931857,0.0034007776207828,0.0013505405648236,0.00113811022493564,0.0039792806477811,0.00374805817977691,0.00177108336007852,0.00166183625261446,0.00377449887120574,0.00142068663319373,0.00114530488182863,0.003695590972003,0.00178887018289049,0.00190288714155844,0.00148791763546335,0.00165364178499439,0.00129146490206684,0.00199396553515372,0.00168932323004586,0.00189253859026031,0.00172224596940758,0.00191448460838691,0.00303211995514324,0.00364527417115097,0.00179949918940417,0.0036119672716563,0.00126134969478951,0.0018241812777879,0.00219217191731095,0.00344183091275879,0.00126742954650346,0.00337991791397808,0.00163179824831152,0.00216224897988016,0.00333425323046134,0.00153902953191377,0.00167222709923135,0.00129014637560641,0.00126389070213128,0.00353926257122838,0.00175094328017268,0.00137693605977485,0.00173866407921895,0.00123635969085015,0.00181252719107183,0.0033730714244079,0.00169815552037981,0.00369641079837011,0.00204450646812295,0.00177856740282931,0.00178128855644905,0.0017489027857434,0.00154943998327566,0.00205980085434829,0.00192188694482514,0.00174598977438699,0.00347961375284342,0.00177521730157683,0.00187479952805122,0.00175396880639488,0.00342519049058981,0.0014667709636079,0.00124670678127723,0.00425467351191266,0.0012617406939548,0.00425260401020151,0.00165560772508316,0.00238105618723374,0.00143591522605087,0.00175606197438101,0.00174897852853062,0.00169665442003107,0.00368043437599718
"KL0001",0.00128676379915883,0.00139367326670971,0.00352475995266941,0.00169113950028909,0.00327887022307272,0.00180316779268115,0.00275705103680756,0.00168816021183044,0.00330285382926597,0.00124240934382527,0.0031899311907869,0.00160155052103193,0.00164078205599593,0.00140243713391743,0.00138402492918487,0.00141553914822023,0.00158635730767267,0.00231800350775771,0.00382410594417074,0.0022128868003337,0.00180644070114773,0.00220647532888168,0.00123290706261687,0.00276618542196289,0.00315290825680089,0.00245716037473829,0.0023764733896787,0.00301577881598132,0.00181035587855418,0.00177107108738668,0.00124543430719288,0.00211418578208638,0.00183031360622711,0.00162192594229874,0.00124367701276709,0.00138193898707375,0.00341600081813717,0.00302111420001114,0.00330786950984872,0.00314981622076006,0.00339575506534888,0.00221313267007778,0.00357281883729569,0.00210893144508966,0.00246585823252748,0.00256386007644269,0.5,0.00270692366523965,0.00200891019614373,0.00174220865480545,0.00238527053133543,0.00222209364312183,0.00178417358841364,0.00323411883439861,0.00193873119076974,0.00346841055037747,0.00168342470464935,0.00305527732014785,0.00261457608092027,0.00121842924720932,0.00182552763151958,0.00191060653361914,0.00172482409500664,0.00235734861838886,0.00124370979525089,0.00318597578181818,0.00211671004742218,0.00186185141025691,0.00207983493107251,0.00219842150021893,0.00283711255597281,0.00343621184832318,0.00332677225641898,0.00188688624479583,0.00131965122089012,0.00314592585146701,0.00124237494211426,0.00157388869361208,0.00303677587278833,0.00243767220732727,0.00124362953842667,0.00138865554596761,0.0012410871809855,0.00191947664238793,0.00268700965300347,0.00124270057514606,0.00322376422666514,0.00319594584542099,0.00275511468020195,0.00237834343663626,0.00269224829635066,0.00241645038579251,0.00302339691720457,0.00140665122508202,0.00142362483968284,0.00142457683018504,0.00252421385695101,0.00190108026161092,0.00338616898976073,0.00240988891247401,0.00284439375428961,0.00177741215826314,0.00137383820905442,0.0024367889609459,0.00138816654287004,0.00221960748729679,0.00363914923203146,0.00280834997399122,0.00227046202837344,0.00315995878291799,0.00246916014056611,0.00228943679793249,0.00364429004255812,0.00197340201349446,0.00141638026162052,0.00124298589486903,0.00138330714008338,0.00140905574589832,0.00124459671242383,0.0012442508027268,0.00179169260954011,0.00258259371942474,0.00143355808796978,0.00125876463797539,0.00142222024430231,0.00268788186745316,0.00278288116588015,0.00262724628069556,0.0017805695992864,0.00301972403710046,0.002597616037786,0.00320579265060255,0.00146610277888586,0.0024015426280556,0.00198537781844982,0.00179205881751315,0.00232805002529016,0.00378360690984978,0.00304912618682713,0.00323108870085642,0.00291327149892925,0.00147477039263614,0.00176158211744059,0.0015633384513427,0.00288115710698909,0.00158379250904337,0.00143785570794576,0.00187375124933971,0.00208316437718163,0.00199523510903614,0.00177873179598027,0.00335665554898191,0.00194287775957476,0.00277688504844181,0.00259718428621853,0.00200038128982296,0.00181189090171121,0.00308734671691525,0.00237976286732293,0.00298395657686432,0.0026794658470392,0.00330417451236065,0.00281154105268994,0.00371044227676342,0.0034096770357219,0.00268718825229686,0.00124013355740019,0.0019042846381551,0.00226270928803793,0.00189356492618207,0.0021722429673939,0.00221268353085473,0.00276378054545212,0.00170731507868571,0.00210006214010949,0.00157039987366571,0.00311175461654241,0.00267918171670096,0.00162139457461875,0.00317926013996182,0.00308402214884125,0.00273022592543105,0.00243542578705612,0.00179985722142314,0.00336038440003868,0.00271823594896102,0.00227876343670393,0.00249348470984855,0.00189877349262171,0.00172397959445983,0.00356372999761913,0.00206162853225296,0.00213629341771137,0.00175100962899326,0.00257726884377304,0.00334741897421149,0.0027542900435424,0.00336378134499144,0.00354218412946529,0.00181047700882885,0.00180265327077352,0.00331169570382181,0.00368778838784536,0.00297415326676088,0.00169843074697687,0.00278419786075715,0.00212924012197268,0.00224779574648784,0.00298953786323413,0.00230112439085724,0.00163248174477385,0.0037852599763545,0.00271873418314525,0.00301037826791428,0.00225242094885313,0.00229650320799207,0.00189513937304755
"CH0050",0.00124052699024891,0.00199037924115849,0.00262787425511366,0.00184470733572109,0.00348502746556282,0.00184510915138582,0.00221315671443247,0.00182867855603208,0.00172807253179884,0.00175247427143864,0.00216505045404423,0.00182382262866741,0.00182083526113621,0.0016227226698657,0.00171545717494077,0.00186136037901541,0.00184544446579537,0.00168748458314855,0.00294961248927514,0.00174239175823053,0.0012387377954502,0.00175315799618982,0.00210647722767075,0.00420955855627915,0.00328464113484276,0.00248420064925778,0.00182385777190702,0.00225017688571408,0.00119425115518337,0.00206293230849537,0.00179577681348186,0.00234549135826269,0.00159392189099118,0.00168032120474928,0.00174607943646917,0.00175965553411926,0.00188950413820269,0.00213388660682949,0.00249786649589353,0.00201586890132394,0.00340159649107376,0.00165398922371909,0.00277866056740978,0.00129776281945429,0.00165705417756307,0.00165830563775568,0.00270692366523965,0.5,0.00338137228551935,0.00175619535717987,0.00331589035555283,0.00162291725535193,0.00204520051667241,0.00221487869376895,0.00177083866037898,0.00248712560860353,0.00137424479147311,0.00191696194912375,0.00176967902385755,0.00209371219718326,0.001244224969152,0.00337101552450043,0.00329437435457121,0.00394002089758519,0.00174977306891033,0.00333467405553367,0.00419074783732062,0.00180509112266558,0.00158458816962312,0.00353062133101187,0.00334268384104026,0.00367254478290783,0.00335327100681788,0.0014643339777969,0.00177953662226958,0.00274261909996578,0.00175264003326662,0.00235106775678005,0.00270509543760938,0.00217514175163052,0.00174603028030338,0.00183615758745142,0.00175124465562242,0.00179019733159235,0.00189321505264774,0.00259914734372636,0.00273482587792683,0.00193855729313378,0.00366051666784106,0.00173256581915252,0.00199403182214048,0.00261185734998087,0.00223731749561594,0.00191514117637056,0.00179228853746471,0.00199286381364941,0.00337521855181035,0.00123494787684846,0.00449183698362619,0.00441740754972514,0.00399113920020168,0.00140646432113688,0.00178091949880496,0.00359688879064728,0.00182411155191522,0.00314882703743831,0.00300949898604891,0.00428759541006135,0.00355190522032225,0.0019025167507689,0.00212374754550162,0.00257731842475258,0.0028041889803584,0.00141084005377092,0.00125312422699819,0.00174749833114419,0.0017045946704931,0.00180734896845053,0.00180038306711801,0.00188743207652878,0.00161840462006105,0.00224618414857722,0.00180416553030371,0.00158509381526364,0.00184320494242666,0.00349236505799894,0.00212011279874401,0.00205390135022003,0.00185589200840926,0.00186341014587485,0.00417728914314807,0.00331509524052132,0.00168126890322148,0.00424485320433073,0.00124808021789889,0.00177621464911473,0.00255912746913431,0.0028610016379329,0.00294450371860521,0.00235845705562579,0.00289833784254271,0.00132863512779702,0.00123424616308824,0.00206168109724064,0.0029347544175419,0.00173744257213621,0.00154174209300386,0.00325947121347968,0.00164391616031923,0.00175075662986553,0.00168579439235791,0.00333591472840154,0.00124634204277173,0.00378902620510046,0.00374834281222938,0.00124895444244241,0.00123542970325957,0.0020978166681985,0.00214292985225404,0.00204350213198469,0.00243879025298497,0.00248121850583427,0.00464518571978341,0.00264177217063047,0.0026297612487066,0.00157028680692434,0.00175279410284132,0.00141031734323769,0.00300095287273026,0.001228976705054,0.00483161987322467,0.0030095135252566,0.00348369018181663,0.00195031732792505,0.00207916658381548,0.00122857817483953,0.00198164107750833,0.00405685176325258,0.00124545572373686,0.00220910289628392,0.00263286828367495,0.00231995963925817,0.00177245535215382,0.00123652721951092,0.00245483554116437,0.00257868420272087,0.00348985241551233,0.00194658359054699,0.00216279637768469,0.00171886233005071,0.00302761730469675,0.00178784204505437,0.00169353972116577,0.00173026645634006,0.00387165332995836,0.00250836944497349,0.00260424819604006,0.00328317109876488,0.00303260856425415,0.00144693962501383,0.00141076672941466,0.00327505913557561,0.0027204283735362,0.00236131601550448,0.00167570508653384,0.00395399798122362,0.00247655430371958,0.00172597556542211,0.00285517180652037,0.00168654956159801,0.00218724727370728,0.00247261511570145,0.00206260367990657,0.00230301501123528,0.00365012072477794,0.00367267428657685,0.00123782728030141
"CH0051",0.00126812750369466,0.00234255940777523,0.00196191688655637,0.00192566583686942,0.00212635162459033,0.00177587758565835,0.00189678636474475,0.00155122126547247,0.00145622730306987,0.00197111456109551,0.00181191206404032,0.00192487030997796,0.0018743966176777,0.00172509718918934,0.001797601913356,0.0019132676435065,0.00198326950500603,0.00145452714805217,0.00213164752624603,0.00175903821907668,0.00127185008598813,0.00172624499351902,0.002491219723847,0.00266498280850425,0.00200520919971069,0.00243982243758318,0.00219951579957636,0.00187998494821284,0.00122627480788987,0.0023841691221693,0.00199344530512333,0.00254595632246598,0.00163414037243826,0.00174270526788401,0.00187099447559259,0.00185685036551289,0.00161687950632314,0.00178024943232253,0.0017298210274706,0.00156525211422021,0.00232187625241921,0.00167051777277504,0.00211586117886657,0.00133147606310112,0.00169504311521652,0.00165644499764273,0.00200891019614373,0.00338137228551935,0.5,0.00149542383621551,0.00409789595005304,0.00166375068677269,0.00200947233670811,0.00182976486200487,0.00168480006035397,0.00180126145103446,0.00142572867487069,0.00181923836631234,0.00154777959611133,0.00254890142919215,0.00128062433177468,0.00551276097132856,0.0078821436660441,0.00339522647543874,0.00192573965437582,0.00189566111060401,0.00387530461738186,0.0018153537719699,0.00161498790050819,0.00651986921701348,0.00209916662056061,0.00246746205870687,0.00627411525073492,0.00145492656316869,0.00194361206017116,0.00236458747695492,0.00197302826363415,0.00248300116544962,0.00209154467128302,0.00191853467366496,0.00187179122036435,0.00202785826410276,0.00197775530366557,0.00184513378003139,0.0014595629395363,0.00221721208336259,0.00207184731932119,0.00148390262532226,0.00257397517057206,0.00158989957857046,0.00166386107034851,0.00229500493239334,0.00186308223394033,0.00203677532243451,0.00169183569531359,0.00211251961033076,0.0076936334472532,0.00142951106131985,0.00313973212197492,0.00489424625529681,0.00249932125551443,0.0014321782603346,0.0019366918095191,0.00559322731273361,0.00194912043073678,0.00526802985554647,0.00217796875577596,0.00276955982122188,0.0056057685812599,0.00162241648858973,0.00181585972043272,0.0024139397239886,0.00208689072973748,0.00144145130935195,0.00161063548465214,0.00191197033935275,0.00178606699948576,0.00186401106346657,0.00195461338227118,0.00197983876306895,0.00145728769462822,0.00195280949664123,0.00177695379565002,0.00170114093524957,0.00210580410913679,0.002374908733063,0.00160288611305288,0.00158145365001843,0.00176744503152562,0.00164979161983347,0.00281346203516194,0.00202926006493993,0.00172933303519248,0.00268860253815848,0.00143596279329346,0.00151296606875008,0.00261559511968071,0.00202733270845763,0.0026853884678734,0.00178608802756254,0.00249141912570753,0.00146975738567701,0.0016486684279104,0.00232012511340051,0.0027500073083939,0.00181348989640637,0.00161498153722559,0.00507234515923406,0.00166294071998472,0.00169326779484058,0.00191370048230347,0.00241344580761496,0.00144574849902293,0.00299257829749564,0.00235358605435881,0.00128278105276592,0.00191106359665477,0.00179740240331681,0.00199345358037664,0.00182738568064225,0.00209235938372313,0.00191697351253989,0.00304355356494295,0.00200693928532489,0.00203494863039139,0.00137787489667193,0.00200247456240522,0.001451735956041,0.00664243306929336,0.00126700461990879,0.00406147120984919,0.0101083882393492,0.00591012808197421,0.00182731029052578,0.00191630607818941,0.00138391665580462,0.00181217097658005,0.00461025509891317,0.00125997193184919,0.00171473176713867,0.0024101675344287,0.00187151540554188,0.00146783909985197,0.00142936053054905,0.00199952674244787,0.0024928490517655,0.0060614398758803,0.00156724883834065,0.00212167026519238,0.0016532392301287,0.00221309747260354,0.00173316440441847,0.00172294312744625,0.00169616447006666,0.00345011946630997,0.00190931170354234,0.00247437737982862,0.00227998111230142,0.00215323130842475,0.00150839723557164,0.00170015509984743,0.00225611786723023,0.00201151966628955,0.00197883412789162,0.00146066664025134,0.00271013108478707,0.00268153114400783,0.00167091322051422,0.00257112311162057,0.00149544026241245,0.00234944362991034,0.00200396664603285,0.00164114036358216,0.00185670550816902,0.00650995223681255,0.00528838592861159,0.00127299262375319
"CH0052",0.00314666970347723,0.00326864671499595,0.00150817103574734,0.00366503229848199,0.00202076828313315,0.00363287354828106,0.00184907605110376,0.00189942437807183,0.0018306785464069,0.00312037998804891,0.00154133898254667,0.00309158667625763,0.00308948736747588,0.00311029794938679,0.00310587070321333,0.00146507466928278,0.00320973314237498,0.001843632405518,0.00149690535106402,0.00191502530285388,0.00358172198447522,0.00189906185593799,0.0032671904274016,0.00153229828739512,0.00149499271934075,0.00129349500745492,0.00242602055516404,0.00151268233004247,0.00190720148333151,0.00314265755202886,0.00309862174845337,0.00130399601410005,0.00324411488717337,0.00321563531379343,0.00311841730406321,0.00309320138275047,0.00148448391275982,0.00186320970006721,0.00217161980432211,0.0015569112348822,0.00203461107755581,0.0033334018566737,0.00152579791926159,0.00153941465113623,0.00355582861945063,0.00357284651133319,0.00174220865480545,0.00175619535717987,0.00149542383621551,0.5,0.00154535625086803,0.00331853307236432,0.00361906603374769,0.00151776653566064,0.0035882975736084,0.0014878509628952,0.00328159234695477,0.00145436542195725,0.00133509466872027,0.00320605043708719,0.003272539600414,0.00335939670090302,0.00153057339031144,0.00131844750171264,0.00312129218591582,0.00176318280837938,0.00166149673212679,0.00361489868865825,0.00369366432930044,0.00184411724866975,0.00186169774753136,0.00194942867324107,0.00176569632224719,0.00369412608660669,0.00135053172450879,0.00148055583308118,0.00312033859720742,0.00155045673454054,0.00146239355375096,0.00145838343261313,0.00311835522442817,0.00308683543035762,0.00311772680911841,0.00310652913530165,0.00196651944417244,0.00330848511808875,0.00148256041166165,0.00148233102941188,0.00149894597973201,0.00185919948090998,0.00173069741006305,0.00142294947964206,0.00151502385322585,0.00137116141711597,0.00324950830630595,0.003242944767128,0.00181613854128143,0.00362251629614221,0.00198823357131735,0.00180948039351806,0.00185824800901429,0.00363997847143436,0.0031004882936092,0.00152712489115047,0.00308963281785813,0.00190677914188232,0.00180783891906574,0.00183691170853863,0.00190947490659235,0.00149534811635199,0.00151889206227733,0.00156550506133168,0.00188136990144798,0.00328262829912286,0.00326304781099877,0.00311929118777189,0.00310591690938209,0.00309014202029385,0.00309441365830536,0.00323932213634368,0.00326479186776415,0.00144260294013347,0.00329146702738597,0.00311796354407208,0.00134498768909034,0.00181771248779466,0.00153277214932701,0.00168735952139273,0.00367534395949143,0.00147934605334392,0.00150989266005531,0.0018013384323922,0.00404923286388504,0.00167343365082251,0.00332479341644672,0.00397166805665995,0.00139276087582278,0.00173492060056227,0.00128897980748896,0.00133087949420118,0.00129344484079767,0.0036273861861036,0.00364075074815143,0.00350066448546085,0.00136917203767179,0.00309871090613948,0.00170670043341927,0.00146262916175844,0.00333623671174471,0.00356466007766078,0.00183547071574684,0.00182140939162478,0.00329216794067962,0.00147702875716674,0.0016598184662723,0.00333317391202786,0.00157841946113851,0.00178833999160889,0.00133187611927499,0.00131235885681612,0.00131182248486564,0.00176439574749432,0.0018310540803205,0.00177002649175688,0.00131528313396605,0.00178965996699832,0.00311641110716093,0.00330304383196083,0.00159914156517589,0.00357526691024946,0.00166649792080201,0.001834327023942,0.0019101136577923,0.00368867117026323,0.00130920652005394,0.00331811561960411,0.00146335590318091,0.00181687463951255,0.00354205962209144,0.00172750987291155,0.00145580712235732,0.00131398702444741,0.00241069096337798,0.00355083221043064,0.00147801559943455,0.00165445825425433,0.00190411834994957,0.00174235146111202,0.00151644547716214,0.00361951869719332,0.00198235999245909,0.00356812018868566,0.0019219064362801,0.00154084869550555,0.0015171918926707,0.00186291438326099,0.00173824768945096,0.00133376464347195,0.00152768702779697,0.00188260822121583,0.00332916789120936,0.00152273951834274,0.00171431416883675,0.00152979398883685,0.00331366269120216,0.00146416503110882,0.00136131918201174,0.00376525116666778,0.00129051642692483,0.00374174477995626,0.00147286691263106,0.00170201085520436,0.00270610446536049,0.0015383927156641,0.0015304317602729,0.00178944225068288,0.00315367682560614
"CH0053",0.00203885442314999,0.001265277833482,0.00225499885443635,0.00131737488472959,0.00272254512717009,0.00163716209728462,0.00198787335478033,0.00148806153715871,0.00293359165370882,0.00184214156138102,0.00209887787190342,0.00169384463744365,0.00169137015059333,0.00185694911021321,0.00182703826466663,0.00180417696106776,0.0016939655634095,0.00180710729574878,0.00250329660932174,0.00172751120555761,0.00200344774041714,0.00168901036904865,0.00123385476966073,0.00315094730295369,0.00293425194574941,0.00186736346488229,0.00286019153171234,0.00208147937373822,0.00218401580110718,0.00125327158017381,0.00173982754966936,0.00144651242618816,0.00184663772178674,0.00185452488588091,0.0018509276461164,0.00181020971333368,0.0015293704640752,0.00207269796860738,0.00210197515295531,0.00206545614330724,0.00302539186598155,0.0018756783682261,0.00244401623729244,0.0018682027520426,0.00180026410512354,0.00175894169318305,0.00238527053133543,0.00331589035555283,0.00409789595005304,0.00154535625086803,0.5,0.00183553051326109,0.00127020803053705,0.00216609619043102,0.00174706171327068,0.00262960789546979,0.00197293249241997,0.00234173683635264,0.00237002530270477,0.00122312887023144,0.00194739219042816,0.00526387115622176,0.00480760996148562,0.00376902414194001,0.0018462163789433,0.00202057155923111,0.00355779799805666,0.00174412768903911,0.00189831201312888,0.00542200922578664,0.00278440631028806,0.00316486024778835,0.00509747763271918,0.00172294062655655,0.00183331461618898,0.00187147543322303,0.00184202603029481,0.00147885641407676,0.00248402404873568,0.00194837982190474,0.00185072677244815,0.00166403282296171,0.00183477776449149,0.00142372910792978,0.00168778318670428,0.00127197359225666,0.0024604724958646,0.00248186427699365,0.00349917404143068,0.00198055395536964,0.00177384794512133,0.00202442927750449,0.00209422634093382,0.00179225899165266,0.0018329205348845,0.0016261053511538,0.00488814157049069,0.00202334241319806,0.00395928586676177,0.00509864358198511,0.00331098192005125,0.00199235617440425,0.00173392955873313,0.0049272035244608,0.00173038372829762,0.0054963597536513,0.00254323744811041,0.00336898781184784,0.00507017437963031,0.00243469776930444,0.00202217544296428,0.00183943405166156,0.00239743811612523,0.00188013740503372,0.00172877383790117,0.00184613544881813,0.00182807641292333,0.00174789413817157,0.00175802589730651,0.00141988238968409,0.00148072205784834,0.0019739245757505,0.00166999375691501,0.00188963577790198,0.00164791480615609,0.00281548134473301,0.00208431528719227,0.00172481503684116,0.00132972555066444,0.0024683659187861,0.00342019043777379,0.00286795834204427,0.00174616234051283,0.00351352646921427,0.0019074856445865,0.00176524108241747,0.00148914443038128,0.00203046613998953,0.00195325646459513,0.00266404175863255,0.00211994638871374,0.00148455537645614,0.00202591089631826,0.00126395718873099,0.00171498252112627,0.0017706119562653,0.00207221178272274,0.00499196067656982,0.00172335989081163,0.00166724837984086,0.00172793487834512,0.00206363700768259,0.00187944058144917,0.00262993206209954,0.00301878369003028,0.00192981573078181,0.00217770215174073,0.00213646552238628,0.00196620934334306,0.00226166958456871,0.00223696410067245,0.00178712225512872,0.00349220484713333,0.00240050589355058,0.00237538250481163,0.00222726717927777,0.0018109290902673,0.00193064848894535,0.00506103845868723,0.00215936974168572,0.00383665517584385,0.00470195376723718,0.00520032807106741,0.00165396385351048,0.00190040318332428,0.00204706678406595,0.00238043895566809,0.00509408497028804,0.00185330425106604,0.00210037683023663,0.00180165790594432,0.00233889761367373,0.00240538746839674,0.0020454991243377,0.00234471264151672,0.00160759069249124,0.00467172006161103,0.00168995322933368,0.00169736567571863,0.00167315484570818,0.00208156844562509,0.0017791793849811,0.00185952411871032,0.00177354298324805,0.00471296257439073,0.00216242852313429,0.00155767277644655,0.002825986830273,0.00277836452328535,0.00231535504460316,0.00182646694554677,0.00267450458059003,0.00187899944123916,0.00203339184459343,0.00183179052409576,0.00345121034767189,0.00142206794902244,0.0014682899938721,0.00210963701270681,0.00148145041700442,0.00128495795759528,0.00177405383165268,0.00182648074020428,0.00208503784031753,0.00466839311183538,0.00532000005531058,0.00207265156120698
"TT0042",0.00340325963714853,0.00310858597074046,0.00183635340619206,0.00337551286904982,0.00170110224767821,0.00349280715484469,0.00174659796498362,0.00143498825822636,0.00213536395403663,0.00313376890657982,0.00200425915913225,0.00338298682463595,0.00339662317925972,0.003361067070234,0.00330220957059498,0.00155584643110126,0.00333748197548903,0.00204429137654259,0.00204029709316711,0.00211694760980192,0.00361417842353591,0.00208181649365583,0.00306251620171312,0.00164037987810669,0.00169620835049214,0.00140124635928549,0.00123364224180428,0.00184291848462037,0.00179562186680693,0.00342060931290496,0.00329411483759354,0.0013769598066926,0.00355513961365213,0.00336898247669555,0.00313532589630246,0.00331798702424482,0.0022276633458084,0.00195841575132073,0.00133833016659911,0.00202622550262496,0.00202828631589065,0.00383923269448342,0.00188560906431809,0.00209642643301349,0.00393735113411568,0.00390835261969956,0.00222209364312183,0.00162291725535193,0.00166375068677269,0.00331853307236432,0.00183553051326109,0.5,0.00345096138765537,0.00194372732861852,0.00362992633703141,0.00175792387945537,0.00348365079442741,0.00172175334736217,0.00167132942118417,0.00303070665274163,0.0035897867279341,0.00127109127186821,0.0016640324118967,0.00170798058152696,0.00313621223388277,0.00131047417717491,0.0013596797715289,0.00355055689701668,0.0038231992417713,0.00144965930417068,0.0016997385550452,0.00199881935901248,0.00248014610526599,0.00336799304653818,0.00149320759627214,0.00163860674907439,0.00313367547443971,0.00142519566972872,0.00127925605562692,0.00142132106837067,0.00313521331313537,0.0033224994175025,0.0031307488098932,0.00357427287633962,0.00117379776150136,0.0031021018077897,0.00169907387118894,0.00183042442489736,0.00166291813504094,0.0013820295502574,0.00139882836385747,0.00128296871737774,0.00197769706546966,0.00168643280607718,0.0033505852083118,0.00332544403559686,0.00200953699069203,0.00367795525942571,0.00223803893616708,0.00172285170647337,0.00139298943874182,0.00354456383139253,0.0032837191557405,0.00189604757555668,0.00332411849779582,0.0016792299002764,0.00183592802450907,0.00158883781160434,0.00178649532049235,0.00184783505392333,0.00168264977300414,0.00196977722079058,0.00189245805301952,0.00367689791929821,0.00332151445152868,0.00313454542535207,0.00330070381686437,0.0033259000230705,0.00330269740721602,0.00323530563069768,0.00347234930417329,0.00141078441571839,0.00335101955115697,0.00332832032786094,0.00163371630984712,0.00173721245846457,0.00184418417842652,0.00125156787788793,0.00341072714289311,0.00175711209387727,0.00172928821082053,0.00137319464677631,0.00346263839325968,0.00117104317645366,0.00372396581870745,0.00352334863466033,0.00128691325424566,0.0017980007541749,0.00137686429969774,0.0016691145201781,0.00142098774056981,0.00310400641823871,0.00352105240291542,0.00312136073672807,0.00128427421331429,0.00333328074791232,0.00170981038962821,0.00114001299437298,0.00371754550284159,0.00360771603380867,0.00177561310385849,0.00168863851723531,0.00363635795734066,0.00160382945256145,0.00118429267776634,0.00372799004325568,0.00148917974644522,0.00200140815198012,0.00169943362282795,0.00169344247693889,0.00142522947300076,0.00188338602078154,0.00169120833419216,0.00200051631382045,0.00170501089221602,0.00193116287383707,0.00312881005646765,0.00367189677693424,0.00199329641534025,0.00369427158367068,0.00138024234154749,0.00189538046789692,0.00223335553367912,0.00341655248966639,0.00126712739587225,0.00340285186918724,0.0017144741837505,0.00188301673776018,0.00336627642538267,0.00136946907795178,0.00165559600576901,0.00161526542626193,0.00159934762072635,0.00356484881038522,0.00182247107774981,0.00136573352347731,0.00169211942119258,0.00124268790598793,0.00191953771576183,0.00334129077259083,0.00169791475605697,0.00369903681823779,0.00200881640948458,0.00182575440325484,0.00181489299669037,0.001736935345552,0.00157146356284384,0.00190278899784022,0.00203364574366362,0.00147342573773204,0.00353503573182186,0.00183828651513983,0.00177805984923157,0.00178789070208987,0.00345626047135889,0.00168286064322174,0.00126839769516742,0.00380681926106326,0.00141349782008169,0.00390119610569639,0.0014599938383753,0.00199840850848813,0.00146510368383952,0.00179344213927093,0.00168551423366048,0.00171340503680177,0.00366818487121157
"DU0009",0.00304527545413023,0.00373095108840829,0.00167317529972906,0.00348416311748413,0.00162059790847249,0.00345984233469544,0.0016665458097081,0.00140673728856318,0.00133778024215236,0.00356248101245086,0.0016293272763355,0.00362483911455106,0.00363271135162411,0.00344893216055974,0.00362719622084905,0.00202304862687141,0.00362001413566396,0.00170909713715253,0.00180043308816872,0.00181828122206939,0.0034289530537937,0.00197982927224205,0.00384738728242204,0.00144353598640551,0.00129346371741162,0.00190048505546146,0.00118006908861093,0.00161205087969478,0.00125406849492533,0.00384174248812658,0.00358360619112193,0.00202170632696815,0.00346651932796238,0.00355922518602826,0.00355489978752753,0.00357212301378482,0.00157542745148393,0.00161917384532698,0.00128514344459414,0.00167705299411338,0.00166630888749862,0.003429727112636,0.00173522708042455,0.00175444516721355,0.00350555856555622,0.00360492193323486,0.00178417358841364,0.00204520051667241,0.00200947233670811,0.00361906603374769,0.00127020803053705,0.00345096138765537,0.5,0.00166928637931561,0.00347549641192061,0.00145449800835659,0.00321687536375867,0.0012889007927769,0.00130528543090539,0.00386044842270892,0.00338031761962735,0.00121463959249251,0.00121264858242825,0.00200138285679638,0.00356061381084338,0.00133803813047376,0.00204539159612678,0.00342610769164083,0.00347013778443084,0.00137497052308929,0.00137773446229829,0.0017634198311895,0.00180182981946642,0.00312878451777995,0.00185791433547234,0.00192148637573839,0.00356258385491241,0.00195043066236017,0.00168992615101517,0.00183455711536238,0.00355482205998561,0.0036124104343243,0.0035596781756858,0.0037775079728387,0.00110191625641465,0.00395093920011678,0.00170103621100462,0.0012784568616193,0.00146529212715727,0.00118047631694452,0.00135394531493276,0.00203113942093791,0.00171330867951319,0.00207969494448731,0.00345225927853925,0.00364010180659302,0.00180043481269868,0.00340943304677202,0.00173142720376023,0.00186901883917528,0.00130756772087744,0.00299923801890722,0.00364559598458651,0.00172048083798959,0.00360516857766127,0.00135419952785222,0.00161189809682834,0.00134790210138432,0.00166885803146035,0.00144279992805327,0.00143401704621287,0.00224263780077772,0.00170600131268419,0.00343167939697126,0.00296547543778354,0.00355731451517622,0.00357343595014098,0.00364284582101512,0.00358567134935878,0.00354125795223791,0.0033934051755155,0.00172485926467093,0.0034225447076939,0.00342509669441528,0.00187701625518992,0.0016364107255359,0.00173532686721115,0.00122298794448925,0.00353901614080147,0.00123339555830432,0.00185811693114101,0.00132090560089201,0.00354515031025014,0.00111952795426769,0.00340650804806575,0.00354242698142954,0.00200495552414459,0.00175970230229521,0.00195253566996212,0.0012956658076453,0.00187226158017151,0.00310698657813496,0.00338987390449003,0.00376224428869659,0.00202391628915035,0.00365959306915521,0.00137922411436854,0.00107426335598244,0.00345049670499223,0.00340982242651692,0.00166927534585771,0.00198296944943788,0.0033869555068891,0.00193792680159232,0.001130443510362,0.00343092108853275,0.00137199165615169,0.00168158544322729,0.0019429947429008,0.00144806443094607,0.00180114858918742,0.00177273711145772,0.00164524223833097,0.0016859894115566,0.00181133851251219,0.00168266746053682,0.00356025891639275,0.00343885835552185,0.00171043755220721,0.00318252182831259,0.00197802080864545,0.00167930206974048,0.00180894174055617,0.00352707315753007,0.00187994563031196,0.00319741879348254,0.00143483978148572,0.00174933217779759,0.00296717651038615,0.00129400986581159,0.00199942889236989,0.00144874882866787,0.00127104361622337,0.00338607543075194,0.00162175261780833,0.00193157135674058,0.00163669277479526,0.00119901106305294,0.00197277308728165,0.00328280586260793,0.00182598983546388,0.00347862392827209,0.00171490228074508,0.00135587493911574,0.00163309110949291,0.00158938072355374,0.00198121151358775,0.00175672075287593,0.00169272481049931,0.00133223677982758,0.0033453877987424,0.00167134276053188,0.00163828091674933,0.00198653742901056,0.00317204775012334,0.00176258448061034,0.00208961467764148,0.00374210404421932,0.00190781803352829,0.00360840331698318,0.00204461817485409,0.00174438873254206,0.00144091330999444,0.00168095874114774,0.00187124696515557,0.00163796966304309,0.00342854438981665
"DU0008",0.00182040827905109,0.00128543344924501,0.00327648542237897,0.00147177703319437,0.00227845281970814,0.00176153337279508,0.00299901561762743,0.0013112876480306,0.00295918380380025,0.00169549964105491,0.00339948554058038,0.00184502188412409,0.0018556285902968,0.00181838779489176,0.00174492032586808,0.0018491740030383,0.00178988025782645,0.00195629234977737,0.00305867133086598,0.00189725614351855,0.00183270831907546,0.00188148611461843,0.00127344251430315,0.00244312673167968,0.00286187983383263,0.00306374925445102,0.00300864864045723,0.0035518760770687,0.00181822015601283,0.00167006891429086,0.00174317365667046,0.00281684862058782,0.00197382835684043,0.00179245072770706,0.00170149851439052,0.00177596054210762,0.00369269972759957,0.003261605230186,0.00278312644104422,0.00360597532295641,0.00272409766777601,0.00185168665811552,0.0030047166698581,0.00205556812113252,0.0019044328474321,0.00190681746307364,0.00323411883439861,0.00221487869376895,0.00182976486200487,0.00151776653566064,0.00216609619043102,0.00194372732861852,0.00166928637931561,0.5,0.00194143775834667,0.00319440565570399,0.00194809007585171,0.00362308954223052,0.00363319069008143,0.00126823759669652,0.00203457305664029,0.00173382183552049,0.00191945883536586,0.00172876649457241,0.00169861689924882,0.00260478782924544,0.00167570246800931,0.00178132874449905,0.00196549035360684,0.00172983963364533,0.00267956259472011,0.0025659775976654,0.00213144395028676,0.00143986869201815,0.00171267848907367,0.00301472488687869,0.00169541311086785,0.00167327776136965,0.00300200314717035,0.00333167406689894,0.00170135698026236,0.00178312713830736,0.00169356018144381,0.00188338976044583,0.00329611391102375,0.00127980227672841,0.0030499149954494,0.00349368949382147,0.00250206319316536,0.0031291880687239,0.00326426605682509,0.00302041144827968,0.00347124134697718,0.00183585308896696,0.00180040884081202,0.00128149729473783,0.00201803084187963,0.00188677963336795,0.00259074506649794,0.00203281285298674,0.00208388291511737,0.0018512631085422,0.00169206500373921,0.00214410456334587,0.0017826694670823,0.00196292129859134,0.00281701827189624,0.00210414067951054,0.00203212666704955,0.0035811980805236,0.00340071619008999,0.00199733971740605,0.00302329057847251,0.00194124870810209,0.00181675410077476,0.00169826197996301,0.00174499106848764,0.00177771016258983,0.0017536645697428,0.00143520947644459,0.00186633234062331,0.00351188844933725,0.00147094334176347,0.00178228861057865,0.00174042904310655,0.00256891775023755,0.00345909277592859,0.00306740043037441,0.00168345947709863,0.00368872908201736,0.00245793553031095,0.00260537163814488,0.0014776906907835,0.00198047621754009,0.00204820573968287,0.00146546446924027,0.00291614932805903,0.00315425888194917,0.00282257345476358,0.0031153440235551,0.00296627870922273,0.00147053721110022,0.00189382719289072,0.00127698515730577,0.00286731517547391,0.0017804962503008,0.00198563334075038,0.00155917164429129,0.00198075043434852,0.00188121926573367,0.00172891132460178,0.00240878283211337,0.00202859977468406,0.00245810765785475,0.00209172623049226,0.00184119165564458,0.00150525906448424,0.00364406927212413,0.00315597024746392,0.00347290603601452,0.00340248279861647,0.00361362038180206,0.00211642342123867,0.0030729073576902,0.00319348537460309,0.0033066977504208,0.00169186731973886,0.00188579227573172,0.00197166322885249,0.00182941438275214,0.00178188749760834,0.00188303189630968,0.00210882247750999,0.00130010711181965,0.00308032348606739,0.00186435349571217,0.00347558837858407,0.00217962919528102,0.00182434896621714,0.00316581070310001,0.00326140839599354,0.00344462508414336,0.00344966016185361,0.0018702535258889,0.00343268342475449,0.00312677909923456,0.00191805299401585,0.00304239469839059,0.00196307985025027,0.00162819292966243,0.00274603482908771,0.00168609048441658,0.00169908087552642,0.00192668493832194,0.00234752636732102,0.00307842798436461,0.00302390050853874,0.00291284951083197,0.00285956178559837,0.00149319775090018,0.00183627752788854,0.00281908702723146,0.00317974712598657,0.00351247424966489,0.00188255178541857,0.00247593375248275,0.00273357850515652,0.00194376851291795,0.00286288269020757,0.00193132719008204,0.00147570588653109,0.00364854161054408,0.00332842007967196,0.00364609744933747,0.0018841648924639,0.00195552024806796,0.00182720481318651
"DU0007",0.00342072526615868,0.00314046866932043,0.00195643756416014,0.00360308731013404,0.00169616100526455,0.00359523434070362,0.00174446357010435,0.00145222870333565,0.00140762894847285,0.00315173138507589,0.00180357080215775,0.00340874772507408,0.00343484526273012,0.00339283613195388,0.00338518652642971,0.00184887598193973,0.00336644027486326,0.00197151294276002,0.00196136096713531,0.00199109334860137,0.00349490019463625,0.00196215721262304,0.00308765943594591,0.00203488624834428,0.00184338094340485,0.00164653937995745,0.00121994608068554,0.00183974275295964,0.00172295369188211,0.00320246552584649,0.00315756991722653,0.00139901388627188,0.00358187395058068,0.00342277696970329,0.00315309340022293,0.00334756253385785,0.00208184953637248,0.00171174236580097,0.00136487972946088,0.00200215864537809,0.0019811524053078,0.00357970592138113,0.00180660449818243,0.00197007162634881,0.00363379644740965,0.00368302913441263,0.00193873119076974,0.00177083866037898,0.00168480006035397,0.0035882975736084,0.00174706171327068,0.00362992633703141,0.00347549641192061,0.00194143775834667,0.5,0.00177353178339902,0.00349657332252748,0.00175476686510943,0.00151434443385052,0.00305569905307797,0.00357037449182336,0.00128808656162715,0.00180195521112501,0.0014175830367664,0.00315409519430374,0.00167948611002876,0.00139480579561599,0.00355707592309481,0.00364931691489487,0.00146735564036921,0.00176138127976832,0.00179616952400876,0.00193736143855203,0.00311458181049242,0.00151637405095502,0.00170210827534803,0.00315164565207137,0.00144087938794179,0.00144941818815101,0.0016474048136241,0.00315298084899693,0.00335221934589069,0.00314873016399232,0.00358854308667753,0.00113731217958249,0.00321753782606258,0.00173991809892777,0.00176391542881065,0.00170219852167618,0.00164588867267708,0.00151490459506869,0.00131768491066056,0.00185423392179339,0.00181931747311606,0.00356901220691643,0.0033174329534706,0.00193169122763109,0.00351466298661642,0.00194586185484673,0.00185989848612751,0.0013526257983782,0.00353040819417499,0.00340615800089381,0.00193261848590938,0.00335325297615253,0.00166274933173089,0.00175087499588162,0.0013960156143578,0.0019048029703432,0.00177540119867425,0.00173648679308968,0.00187122096856248,0.00182794121096072,0.00358686997333221,0.00335059605072212,0.0031523925032119,0.00338357954812359,0.00339468553142508,0.0033329091983028,0.00327977188282237,0.00353264580641492,0.00161776131436621,0.00346519340042425,0.00337834975528268,0.0016592038978051,0.00184861517277336,0.00189164744755158,0.00128072007850501,0.00355594295883159,0.001703028058795,0.0017987549437257,0.00176486823814223,0.00344753403800791,0.00116722444677283,0.00359164206127359,0.00369752424903537,0.00132248532035753,0.00186500784139434,0.00140297620962045,0.00174543900848702,0.00170866982615308,0.00310147336054588,0.00352247447066788,0.00314265791006365,0.00132474980956692,0.00341363531321502,0.00152568762441105,0.00113132754004863,0.00367265799600612,0.00359372568991601,0.00175971095334586,0.00165437645923851,0.0036220235129081,0.00163981256311509,0.00117777359234331,0.00355016534153641,0.0014528969044637,0.00191821312175206,0.00173360064049303,0.00174525841280961,0.00145285568679473,0.00191862277187436,0.00176978452725564,0.0018533727784028,0.00179381566613555,0.00188764886448629,0.00314690864016877,0.00352111539463723,0.00184570289248865,0.00347283297790289,0.00164131115741419,0.00184166379797375,0.0019327833731143,0.00356683363408321,0.00162597023802026,0.00344237715397491,0.00175606099304928,0.00188395215218531,0.00333033951810957,0.00136654564884833,0.0016719466865719,0.00167933894687299,0.00144690627651562,0.00347564958960879,0.00185860064300617,0.00138839822768262,0.00179246478523278,0.00124996653434819,0.00181156640604843,0.00334770288918157,0.00185965709656281,0.00346970849476792,0.00174154071965997,0.00185748547990343,0.00182281500903706,0.00169452946771346,0.00141369328415395,0.00195101451447984,0.00187283696837964,0.00145545693141003,0.00350181663502619,0.00190688880866963,0.0018287548608315,0.00180865555107312,0.00351630460113835,0.00170531649338051,0.00129801815853977,0.00372122953949808,0.00144042800282029,0.00368044615972667,0.00173157341395745,0.00192789055116223,0.00216927868710394,0.00188431796435083,0.00180413322898159,0.00183188651703444,0.00350020752602529
"DU0006",0.00235835185238602,0.00130850909366314,0.00338438029517068,0.00131881149736557,0.00285672277014093,0.00169390306242965,0.0023401350643809,0.00129606750558995,0.00214970034329339,0.00193632898185524,0.00271267242231227,0.00189458885584168,0.00189129630923691,0.00224915042436724,0.00199067066528138,0.0020053805092243,0.00182217839404925,0.00174640610486664,0.00347559981341808,0.00169350919743563,0.00190018725707318,0.00168271227761116,0.00129591331278671,0.00280751806744379,0.00376614555416021,0.00243466850630722,0.00226066248531283,0.00286253032292387,0.00225808507434383,0.001401058595981,0.00189219902626548,0.00209385328586951,0.00201741624229978,0.00201351472895956,0.00203929051866038,0.0020390917452637,0.00259523301077431,0.00239584245990916,0.00306098495212458,0.00278078979882425,0.00322699434901802,0.00178153556845103,0.00330222995732023,0.00186629640098023,0.00169277331230726,0.0017064796031657,0.00346841055037747,0.00248712560860353,0.00180126145103446,0.0014878509628952,0.00262960789546979,0.00175792387945537,0.00145449800835659,0.00319440565570399,0.00177353178339902,0.5,0.00247629989584333,0.00364053571198535,0.00363062511011464,0.00129127089135217,0.00217897360322298,0.00185270209744766,0.0020931652439737,0.00205120767975596,0.00198308149413869,0.00319333916335262,0.00199746270827208,0.00172229861371009,0.00184392492721956,0.00190642597019065,0.00238465667695092,0.00308193394651992,0.00191335277617575,0.00131470743776565,0.00195339949593605,0.00285169134696317,0.00193447671493415,0.00174056485706289,0.00382152552583948,0.00276898563805632,0.00203821204456547,0.00186058464754382,0.00192644932356377,0.00174929522064217,0.0025055570320548,0.00131873886041725,0.00363749137932533,0.00341805241195788,0.00347789585330393,0.00260674685394767,0.00254081176793654,0.00236277350665864,0.00277297844363489,0.00199090769329492,0.00197857355141806,0.00130484971800663,0.00199652215175251,0.0019342304913502,0.00264307782129646,0.00205779518438357,0.00249570457951461,0.00188097565130888,0.00174920705325816,0.00217972574591784,0.00192900971287927,0.00216855269050398,0.00308099490241727,0.00270846874745274,0.00219428766245565,0.00342760422777461,0.00280612952993657,0.0016856931417496,0.00342541724270565,0.00186274634345668,0.00187309823648626,0.00199494228723284,0.00204213388178291,0.00194724568807329,0.00192541473021953,0.00145409395361241,0.00178958745215063,0.00294079752548878,0.00148313265726184,0.00224253106280688,0.00176639108673563,0.00299179144991149,0.00280869548630875,0.00241400828006258,0.00163279488066479,0.00297892396079101,0.00297293547981283,0.00311167972721354,0.00147394134211814,0.00236559135887115,0.00195729179047076,0.00132313028513347,0.00228947253747755,0.00330098500102326,0.00301296059327757,0.0040230174559763,0.00322847191851263,0.00145933719979092,0.00188753278503512,0.00129807820560167,0.00283582004411888,0.00195388645590142,0.00198987306958274,0.00180679384229597,0.00178797588938129,0.00170582938438012,0.00166852434436423,0.00299561755914285,0.0019630383042367,0.00284292265822892,0.00256897221526859,0.0017967622968296,0.00170424531312544,0.00286668241998391,0.00271887808814157,0.00358367358459842,0.00335480549856195,0.00262563342772404,0.00242486512024899,0.00331164116428694,0.0037179322262317,0.0028235811012995,0.00190134902472507,0.00188850066776479,0.00192338672580193,0.00189846711816706,0.00220674647464255,0.00197478751063188,0.00210125775572924,0.00131364245952755,0.00255116101043256,0.00250287449845586,0.00373687780158799,0.00227098761861965,0.00187050700969628,0.00274429610926923,0.00278006554502008,0.00340786943755569,0.0030431625873084,0.00204217321851378,0.00350793437060182,0.00253149174356666,0.00207580965932958,0.00230996773262548,0.00162910204228681,0.00144707806923967,0.00307210241069475,0.0014743861878259,0.00163972585781782,0.0018803048654627,0.0030165494029788,0.00271636233810053,0.00237993464285905,0.0033868262932329,0.00339064791471377,0.00150821165148103,0.00180969399934161,0.00332296025387057,0.00327369813791319,0.00265547777257041,0.0018946441241077,0.00319926792701182,0.00209856807079169,0.00172406493213347,0.0030897898349985,0.00172845738774371,0.00133025003020195,0.00330174827121346,0.00244710884723321,0.00296018596251343,0.00189229236876905,0.00199417182157428,0.00192077102432992
"DU0005",0.00410359853317621,0.0030529742548873,0.00175379761451418,0.00318172539147145,0.00119102997800822,0.00340633081675895,0.00137425540123593,0.00122158762768087,0.00122134098460006,0.00370444040116535,0.00165472934830073,0.00364818372378685,0.00364716264556072,0.00399530080742356,0.00374761992342077,0.00209534509603482,0.00355882804770621,0.00177882215828198,0.00175462842549505,0.00170925345448845,0.00364375245082888,0.00172369976381808,0.00308906671950987,0.0016040474088572,0.00219832827643791,0.00130583522606211,0.00114454145590811,0.00169818885813406,0.00225643756761573,0.0031905910710865,0.00364158019635591,0.00131407071783589,0.00376805248766129,0.00374748746405508,0.00380424538578492,0.00378081462983338,0.0017804644461616,0.00153105815977156,0.00115391771176198,0.00186521373552377,0.0017322961288624,0.00351674501137494,0.0014918520936384,0.00192747642843422,0.00344341785455304,0.00347315406139624,0.00168342470464935,0.00137424479147311,0.00142572867487069,0.00328159234695477,0.00197293249241997,0.00348365079442741,0.00321687536375867,0.00194809007585171,0.00349657332252748,0.00247629989584333,0.5,0.00231791152905993,0.00251009328989601,0.00309197503979764,0.00394712375877781,0.00119171194544401,0.00161962072733217,0.00125199384738636,0.00375092768525261,0.00117577846098755,0.00121198801744401,0.0034054528043265,0.00355307027843175,0.0013273087951018,0.00117719487782429,0.00159391231679196,0.00141385799345203,0.00309548269716301,0.00201863096592193,0.00140451754515299,0.00370257675705772,0.00128991973069163,0.00201815529441045,0.00179199063873259,0.00380315448876322,0.00359996873228927,0.00369326294249895,0.00351010915399569,0.00110837841478434,0.00313224953097416,0.0018103016815541,0.00207007621026187,0.00221980958270621,0.00152893012607722,0.00137105408926589,0.00123923604525566,0.00167962067645312,0.00208933728581163,0.00372968879639042,0.00302197108524213,0.00154406703032221,0.00367338168668613,0.0016067527627477,0.00136044911948538,0.00114660870422237,0.00360402000698074,0.00351349964142016,0.0016296942274013,0.0036705858919057,0.00150825463418689,0.00151685797474916,0.0013231200979749,0.00164937192810008,0.0021286959784597,0.00184767260542198,0.00146393813435426,0.00162468937712505,0.00359212057657742,0.00356397132227724,0.00376153904719901,0.003797407514114,0.00369417587012611,0.00367252585114866,0.00315073986155364,0.00348290142025357,0.00179297290093904,0.0032116181289827,0.0040037385619173,0.0018084961035664,0.00172020082576186,0.0019152690917291,0.00113418264616365,0.00336128728529,0.0016889187579803,0.00179920119837682,0.00118021384701229,0.00318307353039382,0.00107439069343954,0.00370314924424954,0.00317164796321607,0.00124935835651369,0.00159308362234213,0.00129183064568117,0.00218586154916211,0.00164581755784549,0.00314184823588774,0.00358754594459794,0.00303611048739126,0.00126456437201513,0.00370513938242428,0.0018917042584342,0.00104490257543851,0.00354019493736832,0.00341490523164916,0.00166208598280356,0.00123435063784322,0.00371624424375003,0.0014143143988193,0.00108580377972664,0.00352510843411585,0.00166201816384341,0.00180915879850509,0.00203973649148288,0.00231646307524309,0.00202916813683294,0.00155721799661104,0.00136966990137418,0.00161826819911628,0.00207373671200887,0.00212175811159985,0.00366776557694994,0.00362220487436046,0.00147729947349606,0.00365238075930992,0.00123507040120833,0.00157975546674743,0.0015724309572899,0.0030364012815378,0.00177181020822432,0.00426378607200668,0.00232382640812088,0.001563832566961,0.00355809122302057,0.0011816713614502,0.00143857265508771,0.00203323429887625,0.0019038559015869,0.00377096711937364,0.00197835105198091,0.00126257639449456,0.00152283012242182,0.00112065005804669,0.00155153951864665,0.00323128700493238,0.00137453908094321,0.00316483782927531,0.00160988787869099,0.00190971748641603,0.00216128581378321,0.00119953236106996,0.00124869136314564,0.0019158462574909,0.001748663911864,0.00145343736081613,0.00351103714579289,0.0017340421544326,0.00156015621549646,0.00148830948064277,0.00361303804888546,0.00199091323042974,0.00127472372274246,0.00350068875824827,0.0012997618963281,0.00351936209052627,0.0013533475093671,0.00176433037106294,0.00136133481567988,0.00179107598064843,0.00135929486634445,0.00136817065176453,0.00367981504306057
"DU0004",0.00231922449284922,0.00144853689197212,0.00322956921237066,0.00163547368371558,0.00232505269902255,0.0016488298403634,0.00284117112044303,0.00127743081961032,0.0027355311060557,0.00193363483037962,0.00321267536845811,0.00185944094992024,0.00185233710114515,0.00221777574526254,0.00197963098843796,0.00200203521385495,0.00183166851344441,0.00168925075545552,0.00288580454747815,0.00165003517386067,0.00188750932841335,0.00162921245846369,0.00136472589630228,0.00250680147176203,0.0032172415007277,0.00325615385770035,0.00284286479179216,0.00338479827118328,0.002167895215489,0.00138675287455291,0.00188746644035869,0.0027007724595248,0.00195160381175365,0.00199179008010296,0.00203160941601331,0.0020184007311688,0.0028335443491679,0.00306575239605432,0.00279769611735269,0.00323996276933673,0.00269448754711135,0.00175424911055328,0.00304444068560489,0.0018098770181592,0.00168208953596687,0.00166429272505925,0.00305527732014785,0.00191696194912375,0.00181923836631234,0.00145436542195725,0.00234173683635264,0.00172175334736217,0.0012889007927769,0.00362308954223052,0.00175476686510943,0.00364053571198535,0.00231791152905993,0.5,0.00403842936867211,0.00134340836987652,0.0021114678667494,0.00165582187291734,0.00192953087313152,0.00173864048403264,0.00197801896516771,0.00267968389522117,0.00169164589719199,0.00172160493561795,0.0017647040112766,0.00169814830858025,0.00216669024303141,0.00254789612718499,0.00164772206738178,0.00144193151468019,0.00194180327558886,0.00308374176407442,0.00193187956783839,0.00195460087562377,0.0033517179093304,0.00324920471455485,0.00203057579372038,0.0018311677420893,0.00192432514072931,0.00169140215921334,0.00317744877095262,0.00138331537756286,0.00317422498021795,0.00382947028932305,0.00298285725578007,0.00316206392365837,0.00314333915927807,0.00289012385248756,0.00327983955012149,0.00198656449227203,0.00197863057726599,0.00143643006950918,0.0018007527784896,0.00192434324215282,0.00203677451470515,0.00161791129111484,0.00208168582067719,0.00191685704926542,0.00176888454560401,0.00194646202503669,0.00189681938432879,0.00192161653247048,0.00286141923460057,0.00227190215894275,0.00196241920123559,0.00390073220524231,0.00329582117106586,0.00164162062968469,0.00303310991375932,0.00183819640026113,0.00185894762504552,0.00198937116765376,0.00202889525296796,0.00191262822055545,0.00191774688019808,0.00145612831961082,0.00173016781518404,0.0034299345995327,0.00168368695019661,0.00224040281678056,0.00175734170327132,0.00257595886620523,0.00331694103800463,0.0029232723777017,0.00167942708681425,0.00350096917890075,0.00252705152838976,0.00266682124343634,0.00146903797808203,0.00191736507793047,0.00189966780167206,0.0014570085718617,0.00287420928536454,0.00316133571998258,0.00291693502638353,0.00350465715314358,0.00305043396021914,0.00144987672654231,0.00182888497952637,0.00129506313154818,0.00301937692259169,0.00195074069125882,0.00195644028871004,0.00155529679204844,0.00176553724293794,0.00167469179417533,0.00167238784271934,0.00247170791067112,0.00191797257037934,0.00235543830861721,0.00211353333628056,0.0018079210226123,0.00149268630194384,0.00335263479278958,0.00314058582056212,0.00398670639120591,0.00377740495889842,0.00326330676622397,0.0023163925799369,0.00311158030240844,0.00342199867105546,0.0032361900219091,0.0019005251989835,0.00186863323220338,0.00195673801261589,0.00190363604096673,0.00182319151672768,0.00185519602829976,0.00168943415312497,0.00129940555705907,0.0030261112766573,0.00235861129292004,0.00396278113959,0.00196727642500693,0.00184279362678647,0.00321539303807606,0.0031507463103554,0.00378986337144761,0.00350170589017221,0.00200935079660649,0.00349075856905359,0.0030338391857106,0.00187573982451019,0.00280656786549228,0.00159092392603365,0.0015930203928973,0.00279415090461284,0.00164299297656399,0.00159103112340543,0.00183605622655645,0.00262664721069144,0.00325953593743739,0.00289385781243081,0.00283746939684304,0.00288597041486118,0.00145472327560673,0.00181553812211245,0.00280097265726283,0.00306604921126952,0.00336556965336834,0.00188541378041995,0.00275283099823799,0.00264708559230228,0.00163295219995445,0.00310742600063401,0.00164558505488056,0.00145189149867125,0.00343433630267664,0.0031048959959547,0.00344300688830824,0.0016809400422159,0.00194470296446073,0.00189015741997092
"DU0003",0.00257896804538016,0.00147098945560239,0.00296617962709977,0.00142653061394172,0.00212514445728793,0.00143441599962611,0.00333355370448649,0.0012741105757736,0.00327216135098882,0.00208904440115687,0.00348637340452751,0.00189351575576905,0.00188677959693384,0.00231928632226917,0.00208054790332572,0.0020500657908827,0.00182915763125009,0.00136750667332594,0.00261980030726959,0.00141863740318269,0.00196471233305866,0.00140399599130175,0.00134516686235315,0.00213461505823238,0.00308252864866029,0.00373107754163826,0.00336368878131797,0.00361797577657717,0.00232637717890839,0.00133171192821946,0.00195239620509159,0.00339345212954712,0.00198194335954511,0.00205654051967118,0.00220835728145047,0.00208910979379942,0.00321408193814533,0.00338579501929195,0.00254515212783563,0.00371302238960268,0.00244368400600949,0.00169383442124993,0.0026347640789118,0.00177786430355108,0.00144279519891225,0.00144388558003998,0.00261457608092027,0.00176967902385755,0.00154777959611133,0.00133509466872027,0.00237002530270477,0.00167132942118417,0.00130528543090539,0.00363319069008143,0.00151434443385052,0.00363062511011464,0.00251009328989601,0.00403842936867211,0.5,0.00134860888887372,0.00217097319499309,0.00150325181147135,0.00186926402602617,0.00164182876729424,0.00214296138598488,0.00247172104178399,0.00159887609067579,0.00147343112505168,0.00175502186665769,0.00159002360407787,0.00202973016808665,0.00215637689249914,0.00143390965336826,0.0014323231864292,0.00208806407660506,0.00288528855388506,0.00208690312631491,0.00184494669429364,0.0032730399826503,0.00380607537527183,0.00220711445018723,0.00185966326859352,0.00207815413909963,0.00149748567263,0.00347893907439177,0.00134281249255532,0.00301086484063476,0.00376664454546776,0.00299158280762091,0.00371870643158633,0.00353542762118692,0.00343441148907301,0.00352025123312834,0.00204653196845463,0.00200620992909312,0.00146818443333659,0.00140979213022327,0.00192945441079587,0.00172607782723976,0.00150479547060736,0.00186065156544152,0.00193629752437086,0.00187035812927059,0.0015978651074411,0.00194160072428657,0.00165590368748598,0.00245548169706722,0.00181088663943688,0.00161825137275734,0.00381539572135874,0.00378821626246891,0.00159026455955897,0.00259322097736309,0.0018147727228279,0.00186860240592337,0.0021571559791197,0.00214229289390581,0.0019636495282151,0.00197245783533353,0.0014885201504264,0.00152286706580187,0.00376998017495206,0.00150639263663292,0.00237224264593506,0.00176354807811617,0.00215641737348255,0.00376305139206217,0.00343987900572324,0.00142103480001224,0.0036944304396468,0.00237831420876655,0.00235573674440543,0.00150248278289045,0.00178462690436272,0.00191743215382068,0.00132403538920001,0.00332243598551179,0.0025766748025409,0.00287555296801788,0.00340242998096263,0.00293346551897832,0.00147042437030574,0.00184155338498945,0.00132401541931808,0.00279089040910412,0.00198299697221554,0.00208811016494253,0.00146591809097694,0.00168590143250968,0.00145640869680196,0.00145193367358784,0.00226921426877007,0.00192841013041201,0.00217633435248767,0.00196355189913816,0.00179899344424997,0.00173064344150285,0.00378265560307154,0.00369148252430797,0.00392146424082893,0.00375965371833456,0.00318336904176105,0.00192251728413299,0.00268530968448961,0.00326874601061089,0.0037762548990889,0.00204919035655502,0.00185520144817113,0.00165698178069374,0.00199890496231275,0.001708043947409,0.00155797304731202,0.00144217310878282,0.0013017258598498,0.00365044584074306,0.00282288958758547,0.00394423229458254,0.00153342100270961,0.00192765695257617,0.00318307505798538,0.00296407214147769,0.00375525928573071,0.0036344680771587,0.0020518664991307,0.00330451053772936,0.00319644716509309,0.00155216930802544,0.00332335010768829,0.00157747454936291,0.00142824060842654,0.00242863467603463,0.00143927964258626,0.00138249937046533,0.00181645469369621,0.00255490002048192,0.00279633551052539,0.00340538778345517,0.00262814465146785,0.00263056904514368,0.00135577006255601,0.00179341580668913,0.00234974426088843,0.00263354651135938,0.00340710861736678,0.00187299689601792,0.00265342826463416,0.00318135710234736,0.00131367667118428,0.00295107529628637,0.0013176425134812,0.00145345516192511,0.00297713270250483,0.0036622754118028,0.00362467088105079,0.00142551810561626,0.00165495414884326,0.00202965904568722
"DU0002",0.00309526254088518,0.00479436388842126,0.00125806661537531,0.003184066592677,0.00128862920198449,0.00307754373713214,0.00136789201052769,0.00128035301578234,0.00119836314639362,0.00411411567744706,0.00128825762368557,0.00386204677733416,0.00378036026367351,0.00347429299731856,0.00370729222508689,0.0020448333793704,0.00390125566079615,0.00112374175537206,0.00121591771493064,0.00133482171296351,0.00308863063548158,0.00127882024935371,0.00592866784082226,0.00134549551727817,0.00128294426224541,0.00289151667325631,0.0012684150140148,0.00126351073851104,0.00115620994572321,0.00494571712126141,0.00402880584011181,0.00362864272111052,0.00314563539946196,0.00331219293041902,0.00393899001702959,0.00373950426137878,0.00131238419329536,0.00119343897343028,0.00114472402106341,0.00125987561669139,0.00118428117430415,0.00299407559928099,0.00144001559081901,0.00128712117287823,0.00301273041951898,0.00304069459734391,0.00121842924720932,0.00209371219718326,0.00254890142919215,0.00320605043708719,0.00122312887023144,0.00303070665274163,0.00386044842270892,0.00126823759669652,0.00305569905307797,0.00129127089135217,0.00309197503979764,0.00134340836987652,0.00134860888887372,0.5,0.00305804250348156,0.00116049069407737,0.00121898578655279,0.00219219142550672,0.00403694014827592,0.00145243275389505,0.00325089108809608,0.00306476412970121,0.00299388505896071,0.00117700410990424,0.00122096658607021,0.00117174930278369,0.00115751079409319,0.00302802682346736,0.00223637734310404,0.00227990593648428,0.00411730675373884,0.0028356317516606,0.00181698751222397,0.00191356380453951,0.0039404407538522,0.00403355518452808,0.00412336245769802,0.00357335095537869,0.00112820271483567,0.00449811683979159,0.00146496128492649,0.00131127893705983,0.00143037568722923,0.00120220161066852,0.00132549903678817,0.00245038066078041,0.00131400994412494,0.00232885698972563,0.00323801771811797,0.00409968898258492,0.00122871888770315,0.00302318919807729,0.00119136194469783,0.00165601339272497,0.0011221128754446,0.00301126958371794,0.00401232358834134,0.00126216608643015,0.0039057128632721,0.00115663966855269,0.00125019291009339,0.00113498815827333,0.00123377262830287,0.00131131241746497,0.00136059910697573,0.00237072509349004,0.00127866428856213,0.00303125590110659,0.0030840640936234,0.00401131825600097,0.00369064308365257,0.00376762105528165,0.00393649572030792,0.00388962978993906,0.00302972485985382,0.00181151387132243,0.00323935146619575,0.00350759661808901,0.00233776744744614,0.0013024518053886,0.00134733816597047,0.00119793655586519,0.00308905229881951,0.00125428081974114,0.00151490650364812,0.00125448443380224,0.00323463370284014,0.001074959940555,0.00303427026201024,0.00312921528681471,0.00397187532507983,0.00128173503580267,0.0032710260561644,0.00130030330191642,0.00258598022064803,0.00301491036692667,0.003024341474876,0.00470658844252714,0.00410611825431841,0.00365159400993065,0.00137089811809273,0.00103646440765599,0.00301346669552379,0.00303619798980355,0.00130090345011475,0.00190797808270485,0.003027457219515,0.00256565483751313,0.00112640797907524,0.00303923807733643,0.00115598781675579,0.00126200721127713,0.00210552330668082,0.00138678468389388,0.00216526716638298,0.00134007310228896,0.00126176444378471,0.00126506778337709,0.00153332492050731,0.00132004036144378,0.00416469370301716,0.00306609589679592,0.00131689787378571,0.00304310980616199,0.0028255004757791,0.00123286248672375,0.00114887038846477,0.00323792866405738,0.00205466245262948,0.00314441978578337,0.00135033701855258,0.00131322287813868,0.00300910687763676,0.00120293671418035,0.00246634253883058,0.00148813850693638,0.00133894372020654,0.00301913333034468,0.0013172276746476,0.00298920651023558,0.00118151643797387,0.00121541899504033,0.00188545720781595,0.00298624529480654,0.001459479944745,0.00308246615368542,0.00116333468487246,0.00133851213383416,0.00127528946920026,0.00123504953828082,0.00299935114214815,0.00132628290006992,0.00124536797433103,0.00111719881233843,0.00301112814152545,0.00126711595641962,0.00123619632149337,0.00153428979225125,0.00304244214190824,0.00174095085353886,0.00445748467008366,0.00311189116771816,0.00288803900259898,0.00308186440913556,0.00277698488053522,0.00130969294873925,0.00134569863132389,0.00131383067980265,0.00141053348949085,0.00125138324822007,0.0030754589492409
"DU0001",0.00382690363383119,0.00302284175223587,0.00179172359846724,0.00332497181086271,0.00120015483360816,0.00340074421799787,0.00137061509230115,0.00122351924548028,0.00124724172419991,0.00361679725560514,0.00165614676099528,0.00360720016732841,0.00362108396831714,0.00378465725938649,0.00365607945382981,0.00201071740187992,0.00349720210056614,0.00194519166250476,0.00187662318881283,0.0018430268101656,0.00361985207608786,0.00184729434943651,0.00305704723096762,0.0016148639040696,0.00211970110318837,0.00128893653506352,0.00118020155563913,0.00171798861260459,0.00206090349915729,0.00341314449235024,0.00355931965263353,0.0012987601057919,0.00380775012829339,0.00367909698398266,0.00370168126364183,0.00368544005406519,0.00212289346206935,0.00156262053359781,0.00122655047152697,0.0019461676857106,0.00173936694971723,0.00350600887616567,0.00167056643080213,0.00204650444075351,0.00360056242115738,0.00359579628753963,0.00182552763151958,0.001244224969152,0.00128062433177468,0.003272539600414,0.00194739219042816,0.0035897867279341,0.00338031761962735,0.00203457305664029,0.00357037449182336,0.00217897360322298,0.00394712375877781,0.0021114678667494,0.00217097319499309,0.00305804250348156,0.5,0.00121812788088614,0.00162299179352489,0.00126412254193624,0.00365896357100608,0.00117414842295383,0.00122613902022604,0.00338327411819731,0.00359640151404573,0.00135739777426145,0.00133220930387056,0.00163891330595575,0.00181308936000708,0.00308053316590897,0.00196063369556693,0.00140734019083478,0.00361510813514862,0.00128472562209397,0.00194126981922364,0.00175015469960497,0.00370143926727134,0.00352206423002095,0.00360643967502985,0.0035759161321551,0.00109873458624208,0.00309778250109926,0.00176650919192412,0.00202915377529689,0.00201073860752542,0.00137316401972001,0.00142144109457749,0.0012258241146437,0.00171012525602165,0.00200465552994908,0.0036616298627108,0.00299494228671361,0.00171732253070687,0.00365047712724383,0.00187634754142851,0.00156669839868192,0.00124928883158783,0.00358095400735033,0.00346594755867723,0.00177745537755814,0.00358590538796431,0.00157365390990648,0.00154281324774385,0.00133666832896584,0.00166793882658958,0.0020560707470556,0.00180229982399412,0.00176462520588298,0.00164390724623627,0.00362624014628151,0.00349069246276692,0.00366839470637828,0.00370066217689663,0.00360742830339239,0.00358700630821988,0.00311731360119982,0.00350029175476612,0.00173419993225224,0.00335771255528434,0.00378267256195775,0.00175623520488555,0.00171739120901216,0.00189590631906545,0.00113274930125829,0.00336698274369396,0.00166286192919319,0.00177810067687235,0.00128875442278319,0.00316463362880538,0.00111321873681201,0.00376272518152296,0.00319065461654778,0.00123771217719621,0.00166708000571082,0.00127834884173747,0.00212687625006309,0.00161091042786179,0.00311123705757767,0.00353253234966507,0.00301005819578092,0.00125253804406446,0.00361855371953743,0.00187481611955061,0.00107266936004949,0.00364582919894551,0.0035143143563977,0.00165051266921973,0.00123786530189839,0.00378360621516747,0.00158065066723625,0.00108875280219303,0.00353519372502838,0.00145937499271275,0.00187755325215376,0.00197531519733526,0.00207786391695638,0.00195233805001113,0.00171323064994555,0.00155596914066848,0.00166143392666091,0.00202658775704875,0.0021412753321431,0.00358327947523857,0.00359977349782291,0.0017177483953213,0.00363806764395921,0.00123537550666235,0.00163329248635398,0.0017583176494156,0.00302011261170701,0.00171764839310644,0.00393033416678579,0.00208452085997281,0.0017106089357923,0.00351629012741137,0.00131040063060137,0.00143701260414109,0.00196196886174702,0.00184426929898577,0.00372615627839935,0.00198716812318937,0.00125108258874618,0.00156555514507184,0.00118963292432181,0.00183209897859809,0.00324861027701099,0.00138954666237633,0.00333318629133734,0.00163108965085871,0.00188832032445374,0.00208259923154737,0.00149205936086257,0.00124199391996266,0.0019817253611994,0.00177935478467751,0.00142335839596736,0.00350397608702457,0.00175428960282091,0.00170102316827057,0.00148496310315165,0.00358010930758013,0.00193096404677801,0.00126127409911814,0.00367861711519584,0.00128526143606958,0.00372842243445988,0.00135498784838894,0.00192063428708491,0.00137501655630903,0.00178603858216925,0.00155934686374523,0.0015565141406104,0.00363691578308518
"CH0010",0.00121212324296591,0.00123029418441435,0.00190647100537632,0.00133634745655947,0.00331476715856743,0.00132169244445431,0.00243688169245873,0.00235586611519489,0.00176275510190652,0.00109081274176833,0.00167016441489559,0.00109288158736376,0.00109322892211251,0.00109998873085753,0.00109113677445907,0.00187558106770231,0.00115614231701062,0.00151465453325802,0.00207028894377669,0.00133710118649398,0.00116032197233975,0.0019658497490253,0.00111654935614349,0.00285970784229558,0.00273026379800596,0.00158841584817955,0.00603769457228986,0.00170234517905899,0.00192447976706977,0.00113692057476872,0.00109126276530103,0.00142167652482381,0.00114678115671327,0.0011022113350013,0.00108998225551641,0.00109325285390306,0.00154374441874501,0.00254397739818658,0.00331402966908555,0.00158699985922986,0.00249217105739465,0.00129701681524267,0.00192502562214791,0.00129652438396189,0.00132859097895385,0.00122489142729367,0.00191060653361914,0.00337101552450043,0.00551276097132856,0.00335939670090302,0.00526387115622176,0.00127109127186821,0.00121463959249251,0.00173382183552049,0.00128808656162715,0.00185270209744766,0.00119171194544401,0.00165582187291734,0.00150325181147135,0.00116049069407737,0.00121812788088614,0.5,0.00679916626843082,0.00370815537435056,0.00109061690927154,0.00317436238639106,0.00362653698379693,0.00125719068328903,0.00129602237452003,0.00647074687567306,0.00344557228082288,0.00270184539539551,0.0062366840420954,0.00232743482089423,0.00114266445187483,0.00172879924881423,0.0010908403700716,0.00236961215094759,0.00267267985540515,0.00223315359119278,0.00108995527753625,0.00109234734203823,0.00109047303340189,0.00113738746148535,0.00360380021067625,0.0012425507077105,0.00183321434718212,0.00169510405151835,0.00277146480020168,0.00267871118402369,0.00204864136748141,0.00181914132444741,0.00168877641675119,0.00131686813763918,0.00118722212787264,0.00122391112222782,0.0059727952748421,0.00123095044347956,0.00511885730914109,0.00552040347715937,0.00438422170799276,0.00126316281893486,0.00116001467732638,0.00629960634896527,0.00109064691744662,0.00723028952468741,0.00230497116478107,0.00452003950566285,0.00679246787481621,0.00165578215444113,0.00235662977331671,0.00179524520800975,0.00206373604901108,0.00130475776981636,0.00202265154380086,0.00109032881171111,0.00109025416928721,0.00108672548696955,0.0010908678165946,0.00203759395115344,0.00202620596600099,0.00230690664589552,0.00136802149946107,0.00115512952618985,0.00121426805966072,0.00263106416597871,0.00157279580270868,0.00297795626473918,0.00143684944260878,0.00178356249814932,0.00290989242655563,0.00259903126920711,0.00212141197638132,0.00495258759750043,0.00125287913997004,0.00138704706370217,0.00158027351541872,0.00198666679161834,0.0017702880308897,0.00192505132028915,0.00170040484015139,0.00250320807591251,0.00126761114113019,0.00124207377217832,0.00167553270804423,0.00109289157418699,0.00251591052558382,0.00783152472373795,0.00127688808805603,0.00205185235713837,0.00142748781564449,0.00295894822463171,0.00124521102784031,0.00248055913366827,0.00454541120966866,0.00125991833386343,0.0015870736977871,0.00178969313200092,0.00136252767216859,0.00156491896169975,0.00155654800585742,0.0017640822419818,0.00346175973505394,0.00194301579497322,0.00171664336289679,0.0020699166309509,0.00109018317318466,0.00123710734887384,0.00597364303299241,0.00123058237123276,0.00390785750797906,0.00544241286635357,0.00657558194169933,0.00136491176656595,0.00222759114896969,0.00118422796755931,0.00166728712134909,0.00545424594354153,0.00204882340773213,0.00293683271207726,0.00159450919869877,0.00160657274374563,0.00241274400147283,0.00173285860696089,0.00181868413097256,0.00242272284347105,0.00702172445423883,0.0030151774268444,0.00171476818450879,0.00223596700905783,0.00202820506139306,0.00131123343979872,0.00230924082767567,0.00129052899134265,0.00406272993693852,0.0027175851467426,0.00166023909087529,0.00232410514801212,0.00221373127119058,0.00163075390734936,0.00202709248454667,0.00229455800592075,0.00278568117795153,0.00154643090860884,0.00137587340297134,0.00277697414917832,0.00141462864455675,0.00123267223631493,0.00173423869205436,0.00131449809266489,0.0012508007403533,0.00182429631298725,0.00178447882964936,0.00175381479514021,0.00621088685808028,0.00617815204116483,0.00126862817746093
"CH0012",0.00163087789757237,0.0013875036332232,0.00209692273499231,0.00171468362294083,0.0025697616213276,0.00146248972199324,0.00210136189129062,0.00224332200102532,0.00154534804649388,0.00136427358587762,0.00188273708954388,0.00152152600732247,0.00135556603330322,0.00156567337211399,0.00155374482445792,0.00172094577365824,0.00154154567074898,0.00147747981993546,0.00221855835411526,0.00145855518614674,0.00163459268272385,0.00147337823905758,0.00126049949437408,0.00326654696175058,0.00267510824001268,0.00185142695222368,0.00260941791664797,0.00201164005467061,0.00166871228160659,0.00119734708213657,0.00153328624484212,0.00149171280128684,0.00159021308204064,0.00138094982780279,0.00153174084576322,0.00153388545998746,0.0014712746745229,0.00199984192658651,0.00291030459048323,0.0018076703593521,0.00250708541403057,0.00170184048936287,0.00211319795900764,0.0016499136236067,0.00144519343041815,0.001264938311084,0.00172482409500664,0.00329437435457121,0.0078821436660441,0.00153057339031144,0.00480760996148562,0.0016640324118967,0.00121264858242825,0.00191945883536586,0.00180195521112501,0.0020931652439737,0.00161962072733217,0.00192953087313152,0.00186926402602617,0.00121898578655279,0.00162299179352489,0.00679916626843082,0.5,0.00293799999684943,0.00136554295045521,0.00352431982025858,0.00294653640490077,0.00171390505948403,0.00163407181476381,0.00687025489011056,0.00263774963954668,0.00241597965212502,0.0064432141335113,0.00229976425504857,0.00154693577789743,0.0017125293853097,0.00136425339910476,0.00189768588139381,0.0021705976553273,0.00195444746202606,0.00153162823027402,0.0015269458639253,0.00152769569387163,0.00158148019345794,0.00260842553497469,0.00193077965925309,0.00209405522688444,0.00193250218319261,0.00276005215833176,0.00257886152764833,0.00177706319679174,0.0014760187247201,0.00191037816909442,0.00162642067146013,0.00183554963452637,0.00138939546275676,0.00765976860459671,0.00160447912363253,0.00321567321523045,0.00521879095034127,0.00372891272922704,0.00167333405052811,0.00156276914610951,0.0058036800775091,0.0015255777255596,0.00600406144193758,0.00225190844222098,0.00384886669020885,0.00596858326348346,0.00189201254785076,0.00197544616230676,0.00153401519687653,0.00212892235177908,0.00165310059594079,0.00214602450472174,0.00152999558146279,0.00155340621326306,0.00152631203914023,0.00152906440349343,0.0019895427179861,0.00208408566889404,0.00213253468906445,0.001735154916692,0.00159844127087533,0.00161241670582002,0.00254729203625058,0.00182828547997924,0.00283586239898439,0.00168274860531857,0.00199284824429534,0.00263807376569044,0.00218589690230284,0.00183503482512472,0.00462180647766935,0.00159941744222477,0.0014763392282663,0.00149281245678757,0.0017202447392914,0.00177841843521258,0.00216794580140269,0.00213527227173976,0.00254235350061876,0.0016982056688265,0.00121555483664562,0.00162188718388637,0.00154774290441963,0.00250462708467679,0.0072869273849339,0.00167160332532505,0.00172170263511467,0.00189347415350267,0.00183398618766528,0.00163600110639193,0.00248333397736683,0.00415100696275154,0.0016752242473976,0.00192897836832297,0.00192542007036557,0.00167758352712917,0.00190225922768628,0.00182478869115392,0.0015416459407266,0.00301201130613653,0.00211902513119175,0.0019590240456072,0.00179539407860347,0.00152690345038936,0.00163365590810957,0.00715387998662608,0.00164739726441785,0.00361563151854533,0.00761960547615439,0.00617879649752277,0.00146901572678241,0.00197945587813564,0.00165046583364579,0.00195271127911624,0.00444221002347219,0.00214488636031283,0.00275825471842161,0.00149915322437985,0.00193230185374607,0.00195474430514506,0.0016432189698968,0.00205896807999025,0.00166109124504797,0.00656944232041639,0.00292322328044065,0.00174986178116296,0.00222328891965567,0.00172296705601048,0.00128565780640191,0.00187332710232669,0.00167490334666767,0.00377868059666776,0.00244675755811991,0.00145158011862626,0.00240961921514107,0.00234065033039201,0.00160374905234387,0.00184330603962249,0.00239674527645571,0.0023989701776688,0.00188248518367968,0.00168777719791138,0.00271901462189598,0.00137764497469444,0.00126758762228789,0.0019547794403241,0.00139656743012564,0.00171385829501109,0.00177552168573866,0.00167325951279573,0.00193066723126155,0.00649382647168632,0.00564614631501425,0.0016139354847976
"CH0013",0.00138022709277276,0.00198414664987339,0.0020475618150964,0.00146608881165129,0.00309681081547433,0.00145622760446448,0.00209345305118735,0.0017606258394971,0.00198013816981864,0.0018111193118483,0.00203775431594137,0.00176402825520682,0.0017581850831603,0.00142147797779722,0.00177262698465748,0.00159031948563012,0.00180755897123743,0.00137821836761852,0.00235034326550305,0.00209520904601167,0.00168618458283526,0.00216897660372101,0.00214670791482595,0.00283720911731467,0.00236135474087644,0.00233690308535166,0.00169759589318524,0.00179781406735321,0.00130475997154857,0.00198488905588185,0.00178019338589668,0.00227882877983879,0.0012701108274793,0.00167041034502481,0.00180447892331921,0.00176245047993174,0.00157751503984945,0.00212096625500532,0.00248574562821725,0.00173350986567618,0.00301728925987468,0.00177247399768984,0.00298057140545931,0.00132430878619276,0.00162871934231154,0.00141225840574839,0.00235734861838886,0.00394002089758519,0.00339522647543874,0.00131844750171264,0.00376902414194001,0.00170798058152696,0.00200138285679638,0.00172876649457241,0.0014175830367664,0.00205120767975596,0.00125199384738636,0.00173864048403264,0.00164182876729424,0.00219219142550672,0.00126412254193624,0.00370815537435056,0.00293799999684943,0.5,0.00180839526099443,0.00250203812677262,0.0043570481171851,0.00147266605613596,0.0014612343898602,0.0031926697792216,0.00282909628247116,0.00317290986358622,0.00378816280024209,0.00168779133412842,0.00184594444422381,0.00257879299655973,0.00181127898922548,0.00222048538992288,0.00247662527789973,0.00209080076767104,0.00180443196690769,0.00177296592663026,0.00180979105433174,0.00149534670931634,0.00176004919025269,0.00224663132108867,0.00250870315114649,0.0021391234079541,0.0029920668001533,0.00162697103689486,0.00169362607276349,0.00262539347174015,0.00219123229955147,0.00182985820352304,0.00138742172520819,0.00204742154593387,0.00341169168534634,0.001417326276855,0.0046535475680308,0.00420925917432449,0.00371723673275197,0.00141212951520203,0.00188336164308946,0.0034461489491273,0.00176358628889233,0.00339379225079693,0.00264083971005031,0.00326167462702052,0.00336865542700841,0.00186459497798084,0.00171170455541991,0.00266691246445254,0.00243228016438165,0.00170231194640301,0.001276516562469,0.00180604277994764,0.00175718217876897,0.0017531524301548,0.0017694669994025,0.00187011410676253,0.0012821983428487,0.00211201215008904,0.00182996003763499,0.00143200465239253,0.00178719430749609,0.00402760825196734,0.00189639368952669,0.00184222649629411,0.00141810308413382,0.0018117096328439,0.00346073352187978,0.00262432839646813,0.00180634097382827,0.00341332684882069,0.00173913233803097,0.00168393344211443,0.00248191495036506,0.00245501071095205,0.00269422978606263,0.00205259759582439,0.0025378206473505,0.00134417541391173,0.00125113294362225,0.00201474885490151,0.00273985972102842,0.00173577228647835,0.0142806352088251,0.00353088549695577,0.00127561611256762,0.00140769133419413,0.00128931242865611,0.00300489954145569,0.00126523268297831,0.00324236571974223,0.00307002939929232,0.00146113475416386,0.00123082254721234,0.00180781059909329,0.0020134538982054,0.00172502721386072,0.00230127256989976,0.00212843103162728,0.00337843766932215,0.00246392658887822,0.00212590123795284,0.00162748005337488,0.00181112885379103,0.00143429279598129,0.00380266253829521,0.0016309515043929,0.00432707929945081,0.00346527428856161,0.00406429082759595,0.00187116093442268,0.00207584952820389,0.00124620271012792,0.00178370843350798,0.00391218217785045,0.00127760317266007,0.00188463064040973,0.0026058921587976,0.00194156305004979,0.00167516883167143,0.00139604286182613,0.00186864311775706,0.00264059712297888,0.00319940322607194,0.00171840776668941,0.0166888128104587,0.00147160236367688,0.00266195251340126,0.00177341878768718,0.00173877621832192,0.00134971623819795,0.00356793805587365,0.00230932221651792,0.00258864409921456,0.00245149007629372,0.00271174365155957,0.00123943621094363,0.00142687753456781,0.00251594295111915,0.00199981208948458,0.00227199123566044,0.00127159760518189,0.00335990196144046,0.0024825468624673,0.00129152244234309,0.00263083093828156,0.00160145230258042,0.00198991275336852,0.00185990203598242,0.00203599301500908,0.00184258557643989,0.00368676436132464,0.00360527230878447,0.00181924353326712
"DU0090",0.00379168020621123,0.00379185025225355,0.00140546848788482,0.00315714416439725,0.00116167972959265,0.00310409049126963,0.00138001572059645,0.00117785317339773,0.00118160965522605,0.00414594880587128,0.001390627821984,0.003877351832203,0.0038293093177117,0.00387432522782749,0.00394788606015289,0.00228543494358805,0.00382255769376197,0.00125143454084402,0.00137429958477742,0.00129724459698836,0.00353641840702483,0.00130034376387546,0.00393433266239476,0.00141033370361895,0.00196863144015988,0.00209048077457018,0.00114282473536405,0.0013888719208422,0.00186215567354783,0.00375847363426191,0.00398319373987643,0.00221154659522666,0.00362339051984654,0.00379312597045051,0.00413865831301124,0.00396299804132741,0.00129680362810146,0.00119785884891664,0.00113266941186354,0.0014649360490958,0.0013587720771967,0.00314438329653233,0.00170898599020894,0.00167451649301549,0.00301137840739289,0.00303810966579919,0.00124370979525089,0.00174977306891033,0.00192573965437582,0.00312129218591582,0.0018462163789433,0.00313621223388277,0.00356061381084338,0.00169861689924882,0.00315409519430374,0.00198308149413869,0.00375092768525261,0.00197801896516771,0.00214296138598488,0.00403694014827592,0.00365896357100608,0.00109061690927154,0.00136554295045521,0.00180839526099443,0.5,0.00118275664832849,0.00192786818356767,0.00311776249352859,0.00316522679586201,0.00113050911970555,0.0011885912176874,0.00120080655856325,0.00117367729082647,0.00295624913067758,0.0024069551487811,0.00188413422785654,0.00414441012251509,0.00211271717274315,0.00215760272476776,0.00199496318069998,0.00413921076605155,0.00389479322847083,0.00413552132899123,0.00354987694735014,0.00110585122491759,0.00396562728239151,0.00186796137952363,0.00191399810689847,0.00204441646116754,0.0013462044431462,0.00121910921385699,0.00195637905715409,0.00140325944901972,0.00243265483410331,0.00371558028339579,0.00368477216422453,0.00116049817766486,0.00347614551991048,0.00120188000580314,0.00135078949559482,0.00111450544256872,0.003456533011044,0.00393284717575391,0.00130861776108375,0.00393756533216593,0.00124949764063553,0.00119448228367612,0.00113646921216382,0.00131742539821711,0.00189447442036229,0.00175276384546575,0.00193195529188537,0.00136153733700185,0.00320102973460053,0.00347154499729053,0.00417152555134468,0.00396157964663941,0.00388257143616754,0.0039811157624788,0.00366582139268072,0.00314583741682649,0.00193217652195195,0.00343944535352663,0.00391429315639589,0.00210270589407327,0.00142851346815754,0.00175009658559813,0.00112689918896804,0.00301226116256611,0.00164378771333243,0.00186311492154146,0.00116274547821733,0.00344037508695702,0.00105403336554243,0.00346780861762271,0.00302567918608258,0.00210703673622532,0.00121899495826061,0.00209998603456963,0.0020390241413497,0.00213110438575303,0.00298932261659613,0.00322184816797459,0.00371019828619092,0.00215357819145851,0.00384247393002671,0.00189332941819794,0.00101215890217332,0.00315140192285726,0.00309635141357299,0.00139297220702545,0.00165068049071573,0.00347996784009512,0.00194466538667003,0.00106720839469014,0.00319990481884409,0.00134267091148715,0.00142778255039684,0.00224110941279623,0.0020017988152884,0.00237656897381614,0.00122589836273761,0.00118803884716963,0.00135783048323297,0.00207846028011277,0.00188939716439801,0.00411429984358884,0.0034345262076624,0.00161918103017402,0.00354284913822951,0.00192821421269333,0.00131231269673661,0.00116450416688539,0.00315177273329356,0.00211932926881964,0.00388052937103043,0.00197352628271428,0.00119039727777453,0.00343323109311811,0.0011629456534108,0.00192934394160066,0.00212281529475852,0.00190314669094311,0.00355706430222752,0.00179914494069099,0.0020064921059478,0.00113283446115582,0.00112640440147019,0.00185935941652461,0.00292114507047472,0.00138192096580489,0.00309945329722631,0.00116556152169849,0.00171214605938929,0.001867419306787,0.00116929999226367,0.00190969001356217,0.00172774190187144,0.00141040280553432,0.00116177804187998,0.00316709796900195,0.001388971711919,0.00118187040033238,0.00176855561523454,0.00341901001144999,0.0020646861408482,0.00224181213074691,0.0030635029369467,0.0020572290188813,0.00307319351588666,0.00205020812762101,0.00127428562819685,0.001244479343695,0.00145860717538448,0.00132898051691717,0.00131467531905771,0.00358692604525566
"CH0049",0.00130001302969361,0.00137967752190859,0.00318712142547488,0.00168900315106276,0.00390866077287427,0.00143592161146835,0.00302684293142865,0.00276257309161674,0.00239913121573857,0.0011830731021774,0.00254867303448444,0.00117326331366066,0.00126919763287936,0.00117632289561662,0.00128394336876526,0.0016716254698373,0.00127165140342069,0.00138031621435258,0.00318207066716813,0.00137787677469313,0.00129541671291137,0.00139576103159202,0.00152315325851644,0.00416939575937551,0.00358170998767476,0.00264091938735179,0.00325029057696682,0.0026715575196157,0.00130201496382876,0.00129239450469241,0.00117983508201535,0.00215822519937968,0.00128312142567532,0.00128878338816858,0.00118104943966141,0.00117628165550345,0.00225762634977639,0.00290850222419469,0.00491617206141117,0.00227231200541547,0.0028717077847264,0.00133569343711494,0.00332871181070237,0.00122265609511715,0.00122523118252282,0.00120822769359366,0.00318597578181818,0.00333467405553367,0.00189566111060401,0.00176318280837938,0.00202057155923111,0.00131047417717491,0.00133803813047376,0.00260478782924544,0.00167948611002876,0.00319333916335262,0.00117577846098755,0.00267968389522117,0.00247172104178399,0.00145243275389505,0.00117414842295383,0.00317436238639106,0.00352431982025858,0.00250203812677262,0.00118275664832849,0.5,0.00250651670473766,0.00141304519560877,0.00120654567801878,0.00238023119094014,0.00322782630108919,0.00294823611597362,0.00198258847603202,0.0025726572736788,0.00121162574981034,0.00300093750082023,0.00118311064943678,0.00218712947513576,0.00357552067422082,0.00284094037969315,0.00118103840886998,0.00118038331492153,0.00118220005846175,0.00129512926998398,0.00398398795024906,0.0029728107375557,0.00332767944798195,0.00283455660934572,0.00272513841744372,0.00350699671370671,0.0029674822687341,0.00279120297548225,0.00261627750719006,0.00140530186125435,0.00174701853029469,0.00138851351559469,0.00225283812194581,0.0011788036418957,0.00253899313805647,0.00304990976300692,0.00425543558047295,0.00133546278881194,0.00128959379552689,0.00211466204012038,0.00117786336384936,0.00267135197005361,0.00361559357404542,0.0039500099435975,0.00236839622825459,0.00276450602009666,0.00282332499955898,0.00174179553224793,0.00336945771707085,0.00130388622232748,0.00221730984733284,0.00118172731003662,0.00128409941636393,0.00127519603738732,0.00117623360304063,0.00207947621197382,0.00218291819618667,0.00319539182037979,0.00143766109427651,0.0012726396868236,0.00126991644389953,0.0028375847002869,0.00243160081660028,0.00453449331769653,0.00167192685900144,0.00263333214794783,0.00270877219382086,0.00395625321828006,0.00178501013425041,0.00487213611814294,0.00117762145995552,0.00170986235999824,0.00270554818730983,0.00355171093194331,0.00323562837625943,0.00322189488290083,0.00342468558117364,0.00278181919993451,0.00119912561066823,0.00139428626385217,0.00322504260378953,0.0012798866420211,0.00242744744599739,0.00446880658840751,0.00130418656957171,0.00166490971829411,0.00145770974209925,0.00359845141045902,0.00117578796940503,0.0029253548094215,0.00495598611429196,0.00131243028646761,0.00129400064979915,0.00251638272474485,0.00204105238989861,0.00273945404299111,0.00269731219967859,0.00299774116094825,0.00299632759737953,0.00326577829502407,0.00313595990090845,0.00215044189935008,0.00118228570602355,0.00129613461780378,0.00195314096436175,0.00118021482737253,0.00293686309498074,0.00196241876955894,0.0021966837996076,0.00169834460214015,0.00272172063698028,0.00118179516519612,0.00289003074366988,0.00248621579354862,0.00216379055160313,0.00428322663850969,0.00284206134919487,0.00288136343635886,0.00246058757277908,0.00130221523115746,0.00303876249069659,0.00300569761906817,0.00266861277735959,0.00443874966810779,0.00169785101701221,0.00248030363786307,0.00343127564046159,0.0016162267977783,0.00182051115389036,0.00136525208285788,0.00232359280011952,0.00407054071336447,0.00285473701505505,0.00298342448432987,0.00315575558818644,0.00162173859819606,0.00141951594187845,0.00315099558926337,0.00403932570867226,0.00270378087901831,0.00136810160632062,0.00269146523852456,0.00242587731828633,0.00131786621638299,0.00317031422517478,0.00121389553428684,0.00180530518878504,0.00291157864273062,0.00276067644125928,0.00271898677707913,0.00231291290676355,0.00245609576157557,0.00118170406199735
"CH0043",0.00120587049241285,0.00268914989043769,0.00199442485846608,0.00164127495185332,0.00292125543391741,0.0014408784531346,0.00199592861590291,0.0016386004401086,0.00162833806624676,0.00198707665517899,0.00172141534905516,0.00183933973941986,0.00180496998342178,0.00139963993040328,0.00175065187214386,0.00161911549197586,0.00194417329603083,0.00149000145417216,0.00229736751205524,0.00143431622274199,0.00136450329469173,0.00143048864170852,0.00316708164025124,0.00303494451132863,0.00233083872765987,0.00291494482278802,0.00166520039424423,0.00164004783181116,0.0011638031604516,0.00273033156345957,0.00195468949062461,0.00308744502732447,0.0013579165716044,0.00166599696357993,0.00185524705790936,0.00173903447103997,0.00160464765452501,0.00172216898267535,0.00242155769303392,0.00153470194701875,0.00263055648810326,0.00136057761056886,0.00249668455256924,0.00125132498540887,0.00138608425893294,0.0013801798592931,0.00211671004742218,0.00419074783732062,0.00387530461738186,0.00166149673212679,0.00355779799805666,0.0013596797715289,0.00204539159612678,0.00167570246800931,0.00139480579561599,0.00199746270827208,0.00121198801744401,0.00169164589719199,0.00159887609067579,0.00325089108809608,0.00122613902022604,0.00362653698379693,0.00294653640490077,0.0043570481171851,0.00192786818356767,0.00250651670473766,0.5,0.00140871708874588,0.00124055229578288,0.00322554424041256,0.00386414358275531,0.00287232694206019,0.0033216389984345,0.00141658092710036,0.00191339340255474,0.00275895968738015,0.00198955294059482,0.00774086634152543,0.00239595664209415,0.00209687944353412,0.00185634305138193,0.0019685131252408,0.00199504788876273,0.00173115628459065,0.00173731734997303,0.00238457568516494,0.00239919517154074,0.00183548563015744,0.00302895229126353,0.00156359796432492,0.00198662985778126,0.00269275965196367,0.00176225682464857,0.00198380006333207,0.00138973504010233,0.00220459852729573,0.00336509189593184,0.0012156514862835,0.0039908746014883,0.00415111333980574,0.00355486376221701,0.00130396797716124,0.00199852144708813,0.00344679003374322,0.00186762532432385,0.00347869347511017,0.0024786721924056,0.00334637301985608,0.00337939079255599,0.00168153481024825,0.001650172193135,0.0259640293018453,0.00215088845649173,0.00135093542107114,0.00121540787645518,0.00190904938208922,0.00173687839177001,0.00180634897983357,0.00188659196021836,0.00200535530501402,0.00123898311245174,0.00186003093759744,0.00168968199638609,0.00141052492628506,0.00203937529708374,0.00261927048404042,0.00166170683832815,0.00194438477964714,0.00159859281399466,0.0016708466235976,0.00347752071330821,0.00264943471403632,0.00149580095858192,0.00348503062677655,0.00123461343762236,0.00167663936236841,0.00368681443011688,0.0023761955900578,0.00341348327994102,0.00199309890001915,0.00342061308934019,0.00130291660516913,0.00121346735260106,0.00264557058804312,0.00369346145226734,0.00172247716873247,0.00148535712924324,0.00346760221764203,0.00136161290365349,0.00138067336833184,0.00138058821659857,0.00286969903385113,0.00122529030756503,0.00369641563328243,0.0030690190421206,0.00136335546586541,0.00121304900662746,0.00158752354861426,0.00203451522092441,0.00204759828038527,0.00240998616003819,0.0020787407132048,0.00348466458016571,0.00209690690688927,0.0021029714841808,0.00146761435991481,0.00202721775787159,0.0013426171937391,0.00321803775444803,0.00131596348980826,0.00509032782916977,0.00289086723243476,0.00357925016103937,0.00176594591775926,0.00219909943659318,0.00120382597313262,0.00184570771023876,0.00403919940583688,0.00120824549455995,0.00182694014741316,0.0027693608957802,0.00189039921683629,0.00202346075275731,0.00131387760627865,0.00181096829609888,0.00311183269729767,0.00332552490025573,0.00198966296886861,0.00203955768636784,0.00142181783127423,0.00254373578798882,0.00144779973882752,0.0013826434508136,0.00124879672397916,0.00379315878928481,0.00213911664539878,0.00316356364614349,0.00254020437477764,0.00237234560927649,0.00150744121848519,0.0013361268551617,0.00248368272062257,0.00208078120847581,0.00219178124856353,0.00131219322141658,0.00331690005854467,0.00355896794253074,0.00155167805131401,0.00323852901217272,0.00128840528655313,0.00250837061307613,0.00184459481616863,0.00202654322651282,0.0017723282285999,0.00374969457301016,0.00377995897585745,0.00122652347228605
"CH0041",0.00343391647551023,0.00313325435128867,0.00195474834388771,0.00363290780281167,0.00203533971582552,0.0037988948977762,0.0018945457067089,0.00199087533157417,0.00175493344421414,0.00311633025237773,0.00202741937092069,0.00333304613451058,0.00332650438040569,0.00334676169486735,0.00312953289617582,0.00177720228059527,0.00332315340150954,0.00181584712476271,0.00182069276752073,0.00194439722743127,0.0034222644540385,0.00181624052336801,0.00309683943364336,0.00179218467964602,0.00166512441941536,0.00162113174744853,0.00173671189117025,0.00208763224757246,0.00172028295336928,0.0031423427975833,0.00328313203353036,0.00141799915669318,0.0033972885830052,0.00332184004089871,0.00311589107914422,0.00330379740427179,0.00180496277194883,0.00189602151265143,0.00138051324440036,0.0018556169331894,0.00190877228256368,0.00357655127502221,0.00181481740424273,0.00183005161846936,0.00356712784970779,0.00355799029406859,0.00186185141025691,0.00180509112266558,0.0018153537719699,0.00361489868865825,0.00174412768903911,0.00355055689701668,0.00342610769164083,0.00178132874449905,0.00355707592309481,0.00172229861371009,0.0034054528043265,0.00172160493561795,0.00147343112505168,0.00306476412970121,0.00338327411819731,0.00125719068328903,0.00171390505948403,0.00147266605613596,0.00311776249352859,0.00141304519560877,0.00140871708874588,0.5,0.00356162695924352,0.00179275373386156,0.0018301655315277,0.00183892577607227,0.00185938970513003,0.003320837978379,0.00148131906023507,0.00172078322839309,0.00311628237947595,0.0016904104270261,0.00142587099841871,0.00125492662238492,0.00311579419524477,0.00331242354406604,0.00311352490199671,0.00341153666089747,0.00125237172033561,0.00314654539692575,0.00172569568779762,0.00171782856882401,0.00168181848271613,0.00163594810886664,0.00142299478226017,0.0013536508079448,0.00192465759066766,0.00172448057175188,0.00336249491605044,0.00347132369231013,0.00205760488641015,0.00347711031203082,0.00181079757184665,0.00204120372354142,0.00137999725149754,0.00349874903893194,0.00311879208094409,0.00197275800944416,0.00331199250432667,0.00167856894493654,0.00209266995253603,0.00142302919033289,0.00211847759453457,0.00176892576362391,0.00189606892607998,0.00181231324143431,0.0020935862711325,0.00346399741804327,0.00330697963725863,0.00311584596439316,0.00312911913150195,0.00330878094018173,0.00329101470410526,0.0032532191709854,0.00338937449735041,0.00141808780343177,0.00370074504647567,0.00315029850130631,0.00167646605974766,0.00202647653710617,0.00199786341923674,0.0013205896254079,0.00377293895103025,0.00170859855187917,0.00177642748885751,0.00179876194608633,0.003464852976443,0.00119397730651989,0.00344502152251102,0.00355016501008326,0.00134547804375224,0.00198825686936663,0.00142450676168673,0.00147751727449641,0.00144063456784363,0.00309422549267165,0.00347096400802386,0.00332224450241538,0.00134486852124274,0.00332614566153635,0.00151157016692688,0.00116595970641936,0.00352682148566448,0.0036399438053681,0.00194756559344916,0.00188440542258764,0.00343611009880884,0.00167916980751473,0.00120830750770759,0.00345736377459169,0.00185215564407778,0.00185865151390453,0.00169785629513874,0.00169733679521509,0.00142840179806204,0.00204054166982856,0.00208831426970561,0.00189406257972751,0.00168556629183447,0.00180561311767211,0.00311219638159522,0.00347607789550154,0.00185597791857419,0.0034334772404379,0.00167439810243739,0.00194513122993319,0.00190189010020243,0.00382445451447937,0.00126333791215372,0.00318971121334692,0.00168134999013116,0.00207282785587808,0.00327947287820026,0.00138519768468571,0.00167021450147746,0.00167986534130074,0.0014367948684768,0.00343564985291892,0.00184891808200116,0.00141098943865898,0.00200456955356467,0.00127753157945664,0.00186914957031482,0.0033871994350277,0.00186579471325545,0.00366683762848931,0.00185340699227473,0.00202662100002824,0.001784165023346,0.00176822580585419,0.00164800287562201,0.00177826911770312,0.00183509765311173,0.00150591977720465,0.00346914811350678,0.00205611005432001,0.00182547411350583,0.00177805437278775,0.00361755540794545,0.00166851407127953,0.00133134029933169,0.0035214667393129,0.00163344628391585,0.003510536621709,0.00149109211112797,0.00181699395998513,0.00183904178813958,0.00194615806245142,0.00185803648736589,0.00208676262461948,0.00340991935623349
"CH0040",0.00346515784440756,0.00297564291436658,0.00186077220952626,0.00340266912330259,0.00171357541521554,0.00350556123717608,0.00173206212626021,0.00141247299849012,0.00198013602070695,0.00316229436644712,0.00191490759759733,0.00342350298216905,0.00343678027712154,0.00340832954523546,0.00334581890327581,0.00176793391411963,0.00337879631554891,0.00193638926132362,0.00196640177705013,0.00207656181992058,0.00368622708999154,0.00211883787223158,0.00299967781062528,0.00167644886275191,0.00176368844096927,0.00140239289880272,0.00118038400501171,0.00180187337591884,0.00187933699300583,0.00316252822455568,0.00333579475668482,0.00126737955242732,0.00355294745035165,0.00341224885045985,0.00316493788014642,0.00336106948028209,0.00201829058009687,0.00192819508345237,0.00136820550255325,0.00206353236130547,0.00208963634024573,0.00376192554357901,0.00189908786836819,0.00208742991202591,0.00376797367580682,0.00377186031928058,0.00207983493107251,0.00158458816962312,0.00161498790050819,0.00369366432930044,0.00189831201312888,0.0038231992417713,0.00347013778443084,0.00196549035360684,0.00364931691489487,0.00184392492721956,0.00355307027843175,0.0017647040112766,0.00175502186665769,0.00299388505896071,0.00359640151404573,0.00129602237452003,0.00163407181476381,0.0014612343898602,0.00316522679586201,0.00120654567801878,0.00124055229578288,0.00356162695924352,0.5,0.00141935544077071,0.00173870984615282,0.00206062826386983,0.00228624011584012,0.00335579142035988,0.00151591566234785,0.00160242775890924,0.00316218141020697,0.00127620137895835,0.00161022486756863,0.00163144967773529,0.00316481313200348,0.00336330946610071,0.00315917245010951,0.00349688950414635,0.00119470158526897,0.00303818395049046,0.0017285227842003,0.00184452045077758,0.00172283556696585,0.00161587098887462,0.00140194440794281,0.00121451933579843,0.0019702666306076,0.00175732043663079,0.00341406604491553,0.00329356650960302,0.00192662428654063,0.00374060050843271,0.00212373263899541,0.00168477115813831,0.00138181468945045,0.00362191990326986,0.00332597781423745,0.00182280416590436,0.00336557638372152,0.00165613832790375,0.0017810088492959,0.00157252242374915,0.00178616504367156,0.00187966600988062,0.0017085470932594,0.00190004468087998,0.0018919248596486,0.00370993280687344,0.00337147842105662,0.00316368600969578,0.00334458650244118,0.00336751324173777,0.00334452696320385,0.00292430035842427,0.0034954181027034,0.00162229090360108,0.00300013072535841,0.00338083923539578,0.00166600629372608,0.00178618909629446,0.00186298748463521,0.00123875829695207,0.00338737766323336,0.00178011548197685,0.00174437873028562,0.0013480237625992,0.00354725524227034,0.00117350614801635,0.00373601529733813,0.00360140236231329,0.00121554401269167,0.00173010682099374,0.00125457444783156,0.00173380016714435,0.00159085030904846,0.00310362073131121,0.00362102396301284,0.00297225486988308,0.00122575317284729,0.00337623002727386,0.00176357805814346,0.00113936866489082,0.00363143680443045,0.00351086523841239,0.00173503187826582,0.0016671989720487,0.00361376071983179,0.00158374770229462,0.00118355175145309,0.0037341703964711,0.00149262096966298,0.00204778308081335,0.00173952420031856,0.00172936300428936,0.00145237587537252,0.00177839538194819,0.00162493114093999,0.00197047359797896,0.00174613952986761,0.00198127506007869,0.00315697598729699,0.00369277619874491,0.00202492811925968,0.00371821489713354,0.00124342326993851,0.00184634426707514,0.00223372823522899,0.00341913558061894,0.00127689208335183,0.00349413137816698,0.00174174322549143,0.00177620922705706,0.00345381663108121,0.00135391693014853,0.00163884891903867,0.00165569027295782,0.0017070763103596,0.00362117362192454,0.00184641892159899,0.00123606794022587,0.0016947604114113,0.00122656137320835,0.00185406542039797,0.00329390650464021,0.00172274477476634,0.00362363746569165,0.001986984021857,0.00185797645253488,0.00184091887985401,0.00170318170643746,0.00137990339978708,0.00186089495359675,0.00204050068623558,0.00144781534574561,0.00355021049148076,0.00182017159723927,0.00169158330843847,0.0017995757217198,0.00348211558125603,0.00172208842844005,0.00123040307040365,0.00376359171947887,0.00140577079415912,0.00383581282087073,0.00133015114748275,0.00189501659653919,0.00194361851461639,0.00183303664196161,0.00161196043803477,0.00167786982301609,0.00372784218513695
"CH0047",0.00158411651641458,0.00155936195283808,0.00226163355274139,0.00185674134699856,0.00274214784140588,0.00184488322411063,0.00205582039545003,0.00198893451995679,0.00279493382033574,0.00113064869640351,0.00207879799319645,0.00113107320577228,0.00113039123115921,0.00114589704477054,0.00113332622453507,0.00131159551433899,0.00127552833118079,0.00217173201474367,0.0021534953100245,0.00151629888674655,0.00136746346434167,0.00174432839839506,0.00124652324064132,0.00300703587026234,0.00218719154813028,0.00162575313368004,0.00344247927646655,0.00213868841648859,0.00181026991073166,0.00117302284100334,0.00113302076572096,0.00138198340943183,0.00131996007967091,0.00128471143489095,0.0011301076949639,0.00113512162110037,0.00157579530225759,0.00215423576529029,0.00203243925663464,0.00164313267238388,0.00245718177310032,0.00172287231985806,0.00195786446585764,0.00144912727950315,0.00168073453924846,0.0016311853695719,0.00219842150021893,0.00353062133101187,0.00651986921701348,0.00184411724866975,0.00542200922578664,0.00144965930417068,0.00137497052308929,0.00172983963364533,0.00146735564036921,0.00190642597019065,0.0013273087951018,0.00169814830858025,0.00159002360407787,0.00117700410990424,0.00135739777426145,0.00647074687567306,0.00687025489011056,0.0031926697792216,0.00113050911970555,0.00238023119094014,0.00322554424041256,0.00179275373386156,0.00141935544077071,0.5,0.00276416790972129,0.00285031496084861,0.00700933012493082,0.00176439978545634,0.00120423197126138,0.00203508189287283,0.00113067652895628,0.00187227452111511,0.00172137523479179,0.0015509734881301,0.00113006987089606,0.0011339268218776,0.00113041111050731,0.00132209534433044,0.00171749919448887,0.00128807022959445,0.00191494421553565,0.00175286677464233,0.00264857818391673,0.00198677831553477,0.00216273371850984,0.00368206426368033,0.00207850927957922,0.00119186806094615,0.00131107779454124,0.00168603282197958,0.00744900482869454,0.00138496215072047,0.00363376112037334,0.00553797392604763,0.00303073515687103,0.00167910278860165,0.00126482004341956,0.00638800110614144,0.00113232275995742,0.00691267120516673,0.00260949054285707,0.00344884414954127,0.0064381526022221,0.00173476366030911,0.00196765424389158,0.00178553130592221,0.00234836538351321,0.00140822879273884,0.00121650728879697,0.00113033811791394,0.00113344947131862,0.00112603811439943,0.00113267225199548,0.0013886584487724,0.00143094376312032,0.00147297799335926,0.00183884603709524,0.00127363778033428,0.00127138173772562,0.00270819171858562,0.00195791781635175,0.00214748624464069,0.00194791077928938,0.00365491822972529,0.00280714668042494,0.00548805525709269,0.00140052058053496,0.00329302036268881,0.00137015823775524,0.00198024409521827,0.00156511946659132,0.00243038837967415,0.00183163129052428,0.00208739636560801,0.00163498245990924,0.00179753707623063,0.00241488251332629,0.00161782040215502,0.00169032644954469,0.00113363989020543,0.00151353251008164,0.00595126542274675,0.0014572520323563,0.00181370886736253,0.00185738191925107,0.00243846081940881,0.00138900814084217,0.00240294707337247,0.00285272361281012,0.00142924208161364,0.00280406477988946,0.00172391093455798,0.00133387690347432,0.00167175266696173,0.00150972908917596,0.00220608920604949,0.00372603092225288,0.00229152216732467,0.0016526045329347,0.00158352516877965,0.00113013245800934,0.00139405127612637,0.00682445927118929,0.00161964630197613,0.00396046971275983,0.00730752179385689,0.00686367541097486,0.00193297779834175,0.0013744039853098,0.00147650834299143,0.00173775463425099,0.00538616970542489,0.00136881089515106,0.00221512499258424,0.00170927931138913,0.00191077886976197,0.00254137261301478,0.00138692029332174,0.0018483590625667,0.00168987034540311,0.0070076471820057,0.00202724067055712,0.00165494062155774,0.00190703036311196,0.00241780274059908,0.00182277543136724,0.00203489903536819,0.00175887177965899,0.00380849713457737,0.00228425153129813,0.00186140636458014,0.00229970340738157,0.0024507162032592,0.00529509730885462,0.00146030204409172,0.00261594646956661,0.00236368705847827,0.00172674320015209,0.00174869649203667,0.00262435180301952,0.00136414352606505,0.00168590207287799,0.00181378098394036,0.00167756630691674,0.00156263643676904,0.00203739142308877,0.00206161844213969,0.00206728509991293,0.00701865097510066,0.00625065894676914,0.00134535458140714
"CH0046",0.00165217921276975,0.00155375023228093,0.00272960646191667,0.00185035393672022,0.0037782037393146,0.00198186604283941,0.00262080547347748,0.00211062108116944,0.0023248310180278,0.00119040343535831,0.00247452637359365,0.00118589543546399,0.001181605015723,0.00117944652502922,0.00118102573840309,0.00136263175567967,0.00132237406746361,0.00168872242223229,0.002949543637706,0.00177544173280482,0.00166221319975628,0.00169031042510152,0.00122990481905744,0.0037245622452317,0.00271710798775289,0.00222024339467442,0.00255129406963984,0.00250890690698614,0.0017039909939644,0.00122845242571549,0.00119013748133161,0.00185041798684289,0.00133343807920888,0.00131837185638273,0.00118552990862973,0.00118199315391754,0.00176729719931117,0.0026654406279181,0.00339586277134758,0.00226766232966449,0.00352910769866632,0.00175752626917995,0.00291881370629196,0.00164344641050315,0.00174675237973552,0.00168580880836714,0.00283711255597281,0.00334268384104026,0.00209916662056061,0.00186169774753136,0.00278440631028806,0.0016997385550452,0.00137773446229829,0.00267956259472011,0.00176138127976832,0.00238465667695092,0.00117719487782429,0.00216669024303141,0.00202973016808665,0.00122096658607021,0.00133220930387056,0.00344557228082288,0.00263774963954668,0.00282909628247116,0.0011885912176874,0.00322782630108919,0.00386414358275531,0.0018301655315277,0.00173870984615282,0.00276416790972129,0.5,0.00365966739393853,0.00250761600845373,0.00204119824956022,0.00122517959897703,0.00259534892380318,0.00119050118041709,0.0182404602099747,0.00271598156050486,0.00222713919689658,0.00118553002976301,0.00119134090235076,0.00118958612692847,0.0012013026502122,0.00325476928920837,0.00123529786721794,0.0027491240789608,0.00250444784777135,0.00324566664639934,0.00265566247840483,0.00214817498632318,0.00191567202206072,0.00246453070134076,0.00124191788733716,0.0011914137665693,0.00168213416859352,0.00261865068370362,0.00164801242665428,0.00304858925556942,0.00279007240112123,0.00416602090345767,0.00173114811099087,0.00132958299896938,0.00270255527178005,0.00118624782660873,0.00300626488802264,0.00325912818550557,0.0037284037182118,0.00275562218223978,0.00243582953146649,0.00229960538743006,0.0131902759475224,0.00301590388351062,0.00164557172054897,0.00168168436796546,0.00118700203314691,0.00118097777451834,0.00117971471991906,0.00118589251265708,0.00176234598916465,0.00178120722019431,0.0023095311603121,0.0017412262319561,0.00118097920724018,0.00127067762854514,0.00335551466582528,0.00223325852648552,0.00283977899403849,0.00177762547944355,0.00245736815940355,0.00325261738952374,0.00324751870011501,0.00194058746538671,0.00391680971351541,0.00156965908868206,0.00196525871980342,0.00249705277236174,0.00282674659757595,0.00247629842693522,0.00252180970091497,0.00272192102905727,0.00204071453729204,0.0016128274755549,0.00158956231367387,0.00221178217861568,0.00117997405940876,0.00200684889599193,0.00320067075865366,0.00162445465734932,0.00178141214003354,0.00177217757027887,0.00311540362595138,0.0015527912389913,0.00327575604065849,0.00418259500448624,0.00168724524916871,0.0017942269614003,0.00232430577084888,0.00163048119948557,0.00247962290811084,0.00206954711791323,0.00249661503436117,0.00359140382432575,0.00291856265167808,0.00224968562018289,0.00209363881050037,0.00119040692195955,0.00164517001067865,0.00260561169248377,0.00168109773445106,0.00314558801222765,0.00256195805643799,0.00268459426315164,0.00194501995481181,0.0022606295311822,0.00147599405446525,0.0023936564681342,0.0028907879383356,0.0017963950416321,0.00298971138182193,0.00223193569122767,0.00239488633368205,0.00336555138791543,0.00164602587794985,0.00232758208403019,0.00239246159393356,0.00299295392948792,0.00320433431418505,0.00170251324951691,0.00212550184703644,0.00301719704289494,0.00188474859265981,0.0020501700493584,0.00166498274703714,0.00295059886698077,0.00299024718720195,0.00230075034622432,0.00294664663593685,0.00314016759258273,0.00179693449767084,0.00174456985845439,0.0032292096526156,0.00299650721027766,0.0021512024610015,0.00166637077269674,0.00319731560195691,0.00173359538724707,0.00156053010040345,0.00258759086837063,0.00138916476500253,0.00128049886712445,0.00234196935159646,0.00295157440635142,0.00239683972868657,0.00231274840975284,0.00289689470384466,0.00164561387774591
"TT0062",0.00155897206443157,0.00154651116087515,0.00295307889721458,0.0017758353552872,0.00399585756875525,0.0018700700039675,0.00245222361583392,0.00176793294745685,0.00277201237952753,0.00119926229452063,0.00264347674123205,0.00120382256875791,0.00134550974097398,0.00121811803154045,0.00134843451079903,0.00138268856911886,0.00136859061283295,0.00195622514374649,0.00355763831054857,0.00204091060323111,0.00193433591725292,0.00210226083783539,0.00125929488618304,0.00404990930593184,0.0035306124321231,0.00199231297243945,0.00203650906948582,0.00261235673878502,0.00182799737829541,0.00121450128128281,0.00120123129655724,0.0018448043270618,0.0016168263115257,0.00159448039042408,0.00120158897700407,0.00120689912300853,0.00203368802792016,0.00275380620757489,0.00309976907192489,0.00244084240382342,0.00424435291401517,0.00200760455236337,0.00331852402626802,0.00186786006891409,0.00204166735609532,0.00200524977019057,0.00343621184832318,0.00367254478290783,0.00246746205870687,0.00194942867324107,0.00316486024778835,0.00199881935901248,0.0017634198311895,0.0025659775976654,0.00179616952400876,0.00308193394651992,0.00159391231679196,0.00254789612718499,0.00215637689249914,0.00117174930278369,0.00163891330595575,0.00270184539539551,0.00241597965212502,0.00317290986358622,0.00120080655856325,0.00294823611597362,0.00287232694206019,0.00183892577607227,0.00206062826386983,0.00285031496084861,0.00365966739393853,0.5,0.00326881503148761,0.00184111687637985,0.00127321405356646,0.00273671895130152,0.00119921830318507,0.00158141537763689,0.00262635916776727,0.0020290693926778,0.00120153199789063,0.00120075221694457,0.00119789728577748,0.0014190798604523,0.00285756454576495,0.00121335989475001,0.0033567156860276,0.00277704988854783,0.00379324124025385,0.00250220797679634,0.00388013965598496,0.0019645870713982,0.00273639984674684,0.00137286845544807,0.00139396903864147,0.00161510749185361,0.00300900663296435,0.00191313278353122,0.00390756713556962,0.00305972982838297,0.00404375323028373,0.00183459394206255,0.00120492885259886,0.00293650341000689,0.0012019817156421,0.00302793708032729,0.00356731689817412,0.00384921857376028,0.00290701311783012,0.00271244125034592,0.00207083789703433,0.00222922506282097,0.00334560234084303,0.00193455156881425,0.00140256577425008,0.00120016416130589,0.00134817951827558,0.0013478023470349,0.00120097536310975,0.00122795213952427,0.00146740305295637,0.00199473562150178,0.00146038476137924,0.00121825205703082,0.00127077663524125,0.00374688634237168,0.00235958114676509,0.0022430833588062,0.00179503756802752,0.00258441213400577,0.00380042572657041,0.00325337705225705,0.00184532963230854,0.00348871855771478,0.00179204976150376,0.00208000552188693,0.00188598066615471,0.00314513314708047,0.0026533900334034,0.00301988369000481,0.00240598271874817,0.00151372488841228,0.00178759872278248,0.00157141766979365,0.00240327500593835,0.00136011340641572,0.00162322700165161,0.00261967435765388,0.0018023180645868,0.00175236570750613,0.00184074831605159,0.00340638859200226,0.0016770498989711,0.00383025705489743,0.00372376141182302,0.00203056995971832,0.00182093644065955,0.00263065175810575,0.00168576699691364,0.00246788930243903,0.00217124161582985,0.00264820784079294,0.0041886213217295,0.00337206383398284,0.00265429636621703,0.00224728757944713,0.00119681046566677,0.00191744602300274,0.00302037712905725,0.00188800424313492,0.00323407840148077,0.00282023734199904,0.00335599547524686,0.00177945730316621,0.00172446865008064,0.00157809947603251,0.00265553423374355,0.00311900826482239,0.00165164876626451,0.00277508992475473,0.00264432218631573,0.00237489380099747,0.00228999969939203,0.00185625002027496,0.00275888091872049,0.00240959037161819,0.00292542121331606,0.00213936632741059,0.00186078944647762,0.00184490258485786,0.00328024761875297,0.00208718160167652,0.00220949479894103,0.00170886492670623,0.00346519860239219,0.00299805188202653,0.00237510536206637,0.0036744874875165,0.0038233184920018,0.00184139965676966,0.0018559328068113,0.00367371684312046,0.00302189219507626,0.00258607196694395,0.00170597183368783,0.00378505454021039,0.0017926717579436,0.00197753661631155,0.00276311956755548,0.00199446888542434,0.00161920249376187,0.00286722963014713,0.0029429355939313,0.0025334398223753,0.0028300558878202,0.00305334788149872,0.00186869834835884
"CH0044",0.00123619971981034,0.00122569893640691,0.00219371937670349,0.00147726700558106,0.00275471124250638,0.00178846761639915,0.00172558818260457,0.00178099499242782,0.00267786677993258,0.00117354671038692,0.00238114486202965,0.00134643280568211,0.00137379298232358,0.00129157485672412,0.00118826738379817,0.00125231377545203,0.00132080047655362,0.00254845873659267,0.00289205637696538,0.00241563511755762,0.00191164269975646,0.00252123105760461,0.00118176647357686,0.00252411095684004,0.00213416721944764,0.0014332380591311,0.00161387229061822,0.00197252593119455,0.00173649488840137,0.00190085392251258,0.00118428159768825,0.00133519392196769,0.00179433153543165,0.0013531447355253,0.00117335118387895,0.00127373976635253,0.00306273012575997,0.00236599096676857,0.00219039945660328,0.00233082490143399,0.00303067166539114,0.00244530750800971,0.00236076504146871,0.00231785244885381,0.00267831315530188,0.00264371954659001,0.00332677225641898,0.00335327100681788,0.00627411525073492,0.00176569632224719,0.00509747763271918,0.00248014610526599,0.00180182981946642,0.00213144395028676,0.00193736143855203,0.00191335277617575,0.00141385799345203,0.00164772206738178,0.00143390965336826,0.00115751079409319,0.00181308936000708,0.0062366840420954,0.0064432141335113,0.00378816280024209,0.00117367729082647,0.00198258847603202,0.0033216389984345,0.00185938970513003,0.00228624011584012,0.00700933012493082,0.00250761600845373,0.00326881503148761,0.5,0.00177059125947223,0.00128207488265324,0.00172905223197469,0.0011735594881153,0.00137706058879925,0.0016812211212549,0.00147062132619592,0.00117330886180162,0.00128665721876799,0.00117316401449499,0.00193691227328073,0.0015867812036974,0.00121475003497337,0.00185177579555119,0.00196773480948582,0.00256344658466759,0.00151077997322813,0.00171123107223774,0.00146008276349483,0.0022772686125598,0.00123483024532251,0.00132030876672908,0.00137248227965584,0.00747912016432676,0.00199147507699591,0.0051529702929158,0.00541676755696481,0.00329617809795656,0.00173803326533824,0.00119083543029081,0.00635895721872568,0.00128492058993095,0.00572112499707208,0.00251223634519757,0.00344484133762293,0.00602613712659172,0.00199325021499333,0.00158684198086566,0.0024670867228712,0.00239653837538675,0.00204120708912518,0.00135052329639304,0.00117347913711079,0.00118627860079241,0.00129544689008676,0.00125973502929879,0.00122722185427343,0.00174292082005306,0.0015125403970475,0.00130546521226869,0.00119439592439311,0.00134556306820625,0.00233529037469057,0.00190027698911119,0.00178539346497639,0.0015416573124702,0.0016594732181217,0.00274349897229777,0.00230094042034788,0.00146872545457263,0.00318177491609026,0.00214097725300864,0.00196004439142863,0.00137718899985972,0.00240315649627283,0.00164175080640336,0.00175520998583456,0.00159715544780168,0.0013726925213946,0.00147708411796645,0.00136005478512116,0.00154780511803129,0.0012939726423444,0.00155002738259568,0.00578767925417431,0.00219916256613366,0.00213026040337827,0.00152216683327438,0.00241036140658851,0.00202794522371345,0.00230404608602177,0.00268562293633554,0.00214069719747102,0.0014803311196878,0.00226335092594248,0.00144734587037289,0.00161222017656868,0.00147224788002138,0.00239877499644288,0.0031946382483295,0.00253692363464149,0.00179485265052462,0.00201252297685771,0.00117266444558156,0.00207114555547471,0.00722597807754639,0.00192919718470435,0.00350826993193416,0.00652726550307768,0.00788561136543585,0.00176011888708568,0.00133278559809811,0.00121605793939232,0.00167219735386516,0.00558777349642038,0.00139942070223611,0.00178814466510921,0.00170723771601409,0.00152176028755116,0.00144224171448203,0.00186344414278189,0.00205933238391094,0.00154568085136912,0.00667660666135567,0.00157570491729607,0.00204925286932105,0.00153820232341126,0.00226408069886666,0.00221787100904585,0.00241358470772535,0.00155168141711384,0.00401077835977961,0.00226775558055497,0.00178734882455878,0.0027986433875367,0.00284881940650883,0.00166167597935228,0.00179353911826765,0.00251988880822711,0.00239584902866294,0.00169346891455218,0.00146803073512619,0.00261233591468289,0.00131131663868558,0.00248465513624436,0.00162471494196844,0.00266333189721437,0.00133729304028413,0.00257368558322628,0.00182945450121238,0.00176804017083032,0.00683972582718274,0.00566610278481195,0.00194054676697094
"DU0100",0.0031092359368318,0.00309630870097665,0.00144365861751179,0.00314578713460121,0.00199257096684155,0.00313475043501279,0.00190422817704757,0.00242118546213389,0.00168304707416468,0.00295542789981815,0.00172640936180568,0.00292849485446062,0.00292466602382793,0.0029432380372728,0.00294089134911472,0.00137971489596051,0.00304959746452633,0.00176470170645931,0.00169267547959126,0.00173466048178485,0.00338120164383497,0.0018044875746567,0.00305703460093105,0.00148643895557367,0.00132377283120774,0.00127292369177937,0.00200199045379651,0.00167070170992822,0.00173902254577005,0.00297574342759984,0.00293376736922599,0.00127891493120704,0.00294185803177168,0.00304777488033656,0.00295351251112113,0.00292849566933098,0.00138613548714403,0.00193116808319325,0.00353819069200311,0.00174847084011564,0.00176334010143977,0.00338387238805663,0.00171475963632885,0.00143449102243317,0.00350848211957946,0.00352325891708729,0.00188688624479583,0.0014643339777969,0.00145492656316869,0.00369412608660669,0.00172294062655655,0.00336799304653818,0.00312878451777995,0.00143986869201815,0.00311458181049242,0.00131470743776565,0.00309548269716301,0.00144193151468019,0.0014323231864292,0.00302802682346736,0.00308053316590897,0.00232743482089423,0.00229976425504857,0.00168779133412842,0.00295624913067758,0.0025726572736788,0.00141658092710036,0.003320837978379,0.00335579142035988,0.00176439978545634,0.00204119824956022,0.00184111687637985,0.00177059125947223,0.5,0.00127095874619681,0.0014334886108709,0.00295539352055089,0.00168672559964349,0.00163054081061398,0.00171748443649464,0.00295345498454708,0.0029236107721006,0.00295297189451014,0.00305702188443598,0.00245057142544248,0.00310620780056457,0.00144504298778245,0.00170008543728879,0.00146360466521419,0.00233463446026655,0.00147743615505863,0.00133835369832251,0.00168795923167358,0.00128897326506603,0.00294380162429332,0.00327468314543699,0.0017750405735727,0.00334475967806771,0.00172240603179876,0.0014817266662098,0.00350641659479513,0.00311654609942415,0.0029372657117536,0.00149865010970235,0.00292576426711321,0.00202519065422462,0.00176350140413046,0.00313297083603927,0.00152162586159313,0.00165686782878436,0.00148842433754893,0.00173457852114782,0.00169380360307209,0.00333362705589122,0.00392599240709457,0.00295437923822781,0.00294034255128638,0.00292458857005823,0.00292952324658424,0.00358409754867821,0.00367636924124736,0.00185707313790032,0.00310290658118826,0.00295106386636326,0.00130209774059517,0.00146698708656928,0.00149135139467583,0.00345296171271025,0.00334439944376237,0.00168162311718008,0.00146950373771871,0.00143178286726426,0.00356185540065309,0.00435451019373923,0.00333888128811277,0.00350210995849673,0.00133969863341257,0.00182181686410896,0.00127771523807807,0.00131563089334385,0.00127480150286227,0.00499321249698526,0.00333398096596595,0.00326971329496519,0.00133151137414578,0.00293353040681397,0.00239332541944847,0.00460253464532207,0.00332776752847188,0.00332845721774354,0.00172971902484036,0.00173845450108075,0.00311248661030409,0.00143978736995905,0.00416379636954988,0.00338660084674414,0.00174636551943424,0.00171211304120752,0.00129096888633264,0.00141428460101158,0.00128619885124284,0.00166161757204878,0.00173201061898861,0.001720964652759,0.00128966002679944,0.00168736707061761,0.00295180129836875,0.00313338369111588,0.00179556202196358,0.00337819141054886,0.00162871988084562,0.00175063130580499,0.00184447526208338,0.00338440622031902,0.00175851203618826,0.00312799869418012,0.0014365651968121,0.00168372625998236,0.0039879184973264,0.00312368273825682,0.00142455358280534,0.0012875871999498,0.00157160715091788,0.00333583614853082,0.00141641159171806,0.0016247920624388,0.00196610326220032,0.00362213883102179,0.00159007802847787,0.00418455745237789,0.00169698234342408,0.00339166136339058,0.00201402283633793,0.00140762024600538,0.00150279520192857,0.00235580230706928,0.0016064025850825,0.00143948085110162,0.00171645252929411,0.00174742600558205,0.00344302553522943,0.00146984571909001,0.00205926378669393,0.00148079674345464,0.00310262262015751,0.00145427810332297,0.00130111758989379,0.003418212772714,0.00140195126940674,0.00344752204105828,0.00137939740861634,0.00162124006370721,0.00151916777352261,0.0014550555579409,0.001483057460559,0.00173272364414142,0.00337847856015746
"DU0078",0.00203756776490688,0.00205324201767938,0.00143112244897003,0.0014833924306238,0.00121882297072384,0.0014759868093959,0.00141619253224217,0.00964020383613349,0.00121180659316284,0.00237134277386089,0.00141350676219258,0.00217195912750409,0.00212858642951868,0.00213450812582542,0.00219888513263672,0.0021827727199182,0.00211911534294269,0.00187441893665616,0.00141148902397582,0.0220228377082287,0.00184011694597639,0.0217300963040566,0.00214423671010806,0.00142858164408083,0.0019579137258361,0.00204140425503434,0.00118057189075511,0.00142414038996474,0.00254537334679862,0.00203925245832137,0.00224369092115786,0.00216856187721383,0.00193449036233424,0.00208371609845859,0.00236620618517604,0.00223104717208664,0.00136457982867041,0.00125205551842964,0.00114933167332441,0.00148609546965408,0.0013894911129496,0.00148152112799503,0.00173226925841658,0.0191273881153327,0.00136667190609865,0.00139426326698233,0.00131965122089012,0.00177953662226958,0.00194361206017116,0.00135053172450879,0.00183331461618898,0.00149320759627214,0.00185791433547234,0.00171267848907367,0.00151637405095502,0.00195339949593605,0.00201863096592193,0.00194180327558886,0.00208806407660506,0.00223637734310404,0.00196063369556693,0.00114266445187483,0.00154693577789743,0.00184594444422381,0.0024069551487811,0.00121162574981034,0.00191339340255474,0.00148131906023507,0.00151591566234785,0.00120423197126138,0.00122517959897703,0.00127321405356646,0.00128207488265324,0.00127095874619681,0.5,0.00186090698854937,0.00236997401401319,0.00208058251327681,0.00209269816679841,0.00194064878034298,0.00236683597738104,0.00217826552254867,0.00236257581230522,0.00186863052882199,0.00112390967223768,0.00216043560707938,0.00184325529756194,0.00188801238804991,0.00200077546941953,0.00134110901747674,0.00122893530276196,0.00192548958559253,0.00143009434847843,0.00234279380314658,0.0020093361738076,0.001981287027832,0.0012416342347063,0.00178871210304931,0.00134902645532445,0.00142874605637049,0.0011374484138668,0.00177312324568631,0.00217150238105913,0.00138314669931151,0.0022158145210767,0.00129474350457634,0.00127008804714324,0.0011683620923885,0.00136998619885076,0.00186416451179685,0.0017341785259761,0.00192367054672832,0.00139714517599635,0.0015434506862248,0.0017795436357902,0.00240164625537933,0.00220105552339097,0.00216640001008504,0.00224931287291452,0.00192790059406975,0.00148479921395356,0.0018856226138725,0.00175114455721316,0.0021572309586753,0.0111833158913581,0.00144698876336779,0.00175442950012443,0.00113127154690957,0.00137027118953985,0.00164749671303568,0.00182792227782511,0.00120340297916612,0.00172786601219433,0.00105274705468065,0.00181028943554719,0.0013250635679778,0.0020697913056488,0.00127389134388459,0.00206574912377223,0.0019878437809972,0.00208888204338836,0.00126786722275398,0.00152327681273929,0.00200301849052682,0.00211652019916915,0.00211950528721385,0.00186544338749511,0.00101708035736191,0.00148335540712308,0.00146733394660315,0.00986874438859109,0.00168521949546883,0.00180215861041453,0.00193310718341379,0.0010711706959066,0.00152182550700648,0.00311591496164339,0.00144559320105163,0.00217658992274458,0.00197491977013546,0.00229861545191731,0.00129225825294857,0.00127134032916526,0.00138627707225401,0.00204223627922088,0.00187233843249053,0.00234388963542497,0.00176204619265555,0.00164708511777259,0.00183383961243211,0.00193805399725545,0.00135385539058726,0.00127532807395939,0.00148655849643742,0.00205006255962201,0.00211346012959864,0.00194737108775441,0.00127951006546259,0.00173933989061871,0.00119311376433896,0.00191202965653715,0.0020462799522407,0.00185851152616393,0.00186971709701459,0.00179541902722556,0.00199108327234033,0.00122399006441672,0.00112644890318856,0.00187215354754041,0.00128050565118499,0.00141294521315671,0.00147034339742118,0.00552516570058609,0.0218031883109387,0.00185378508347499,0.00120228393208569,0.0018916075623985,0.00173136975549151,0.00142681821325949,0.00237399253301977,0.00150220979091495,0.00142136442160067,0.00123020019470151,0.00177347317039266,0.0017541097938643,0.00203888487688574,0.00219430172861094,0.00139463796485096,0.00202038838069145,0.0013798219777226,0.0222216962029067,0.00133518894064385,0.00125457961266165,0.00147021320799206,0.00140084135221594,0.00138275547270091,0.00188008024506356
"TT0049",0.00144327804665711,0.00215705112968028,0.00326425125496498,0.00181453542484936,0.00290922432157399,0.00172011611189652,0.00303282998455241,0.00169180276073489,0.00262971936519574,0.00192285467559616,0.00307533024183198,0.00182485499972386,0.00179483991636338,0.00165085678578115,0.0017750558184994,0.00186401192867753,0.00189291471480156,0.00136311595905761,0.00291524420431278,0.00166038280322672,0.00162298776899056,0.00144914335250045,0.00225209405520124,0.00273422642637746,0.00258986757971101,0.00360158048594461,0.00266054650023759,0.00319176889357572,0.0013208315918427,0.00205739016188819,0.00191218858404525,0.00332108387658064,0.00158285154735394,0.00171134666458104,0.00183652156850474,0.00176863058116941,0.00254299597108255,0.00302327447454756,0.0029954865159174,0.00287360585157057,0.00276000662915821,0.00169414753929781,0.00325104074600173,0.00143363282113289,0.0016541208102686,0.00161885106394878,0.00314592585146701,0.00274261909996578,0.00236458747695492,0.00148055583308118,0.00187147543322303,0.00163860674907439,0.00192148637573839,0.00301472488687869,0.00170210827534803,0.00285169134696317,0.00140451754515299,0.00308374176407442,0.00288528855388506,0.00227990593648428,0.00140734019083478,0.00172879924881423,0.0017125293853097,0.00257879299655973,0.00188413422785654,0.00300093750082023,0.00275895968738015,0.00172078322839309,0.00160242775890924,0.00203508189287283,0.00259534892380318,0.00273671895130152,0.00172905223197469,0.0014334886108709,0.00186090698854937,0.5,0.00192449420182443,0.00253861819665429,0.00316005161333716,0.00308724399496644,0.00183720410416424,0.00191571285148955,0.00192755207879238,0.00175608378817174,0.00287909771557801,0.00209767012845725,0.00318723486998162,0.00331726744402603,0.00253643293756685,0.00279632452445812,0.00299762550766102,0.0034672041588632,0.00314862097007545,0.00196744042850153,0.00166566983609201,0.00211577663331849,0.00200824308353861,0.00161408065555262,0.00208309520277467,0.00222534271745982,0.00228158345890788,0.00169359217975179,0.00196549523354348,0.00207669947804258,0.00184826990736511,0.00202229570286472,0.00317028549215671,0.00218260125750214,0.00206120600326354,0.00325383206161127,0.00292259215858782,0.00231127409780882,0.00320490886868949,0.0016415714566087,0.00125697048293518,0.00187135825033626,0.00176697166455222,0.00179343192548748,0.00186230213279736,0.00196037946161103,0.001581328188336,0.00316256364887976,0.00181573755233091,0.00168614272130265,0.00192721433602904,0.00262644429496317,0.00294896487896561,0.00288295215169199,0.0017284117685846,0.00305367673947893,0.0026494994711703,0.00318518745843676,0.00177058632263341,0.00204873940716396,0.00141247561755425,0.00182412221778538,0.00358761065925956,0.00334637836866124,0.00375324530362785,0.00289603390115796,0.00353653215027877,0.00141026514833653,0.00162286489104325,0.00216420779577162,0.00401576480191836,0.00174592827997674,0.00154835586274978,0.0016185139610316,0.00164177001675632,0.00168333498637527,0.00172300994306989,0.00325018815882869,0.00159517756744737,0.00315139724847916,0.00221592522192374,0.0016841596531412,0.00136433043701378,0.00302163942827684,0.00285072286380756,0.0030287563344525,0.00351844654142327,0.00328715816816384,0.00256943936452771,0.00332548879039524,0.00319911534862652,0.00265063398865463,0.00194635241715167,0.00163913107356895,0.0020418854043155,0.0016133504197142,0.00282626378447831,0.00205932053818755,0.00177745145904019,0.00185409376362596,0.0029012663016653,0.00141981480112814,0.00334967600692525,0.00212515682715051,0.00140063813951629,0.00320813630435724,0.00374508698446216,0.00338456068480151,0.00284004788952655,0.0015954643088253,0.00324754614191067,0.00370584637917366,0.00199840049439285,0.00274265064298782,0.00194821567056472,0.00172137737532213,0.00334782740619633,0.00177101025230758,0.00162962981291576,0.00162560336860644,0.00218249026781123,0.00348314997349167,0.00364763068172718,0.0027101112065216,0.00293587844697893,0.00138431937672291,0.00166470055373358,0.00291743108151612,0.00321712088159056,0.00335685954173106,0.00165777425670358,0.00259941547919169,0.00345885024565173,0.00142616934409229,0.00373063841815776,0.00141518208948596,0.00213262463100661,0.00325123122150241,0.00301030753762923,0.00319486864216018,0.00213429488931742,0.00221494862318527,0.00142999797513081
"DU0072",0.00374046565877976,0.00384158920455673,0.00140293085911907,0.00315654466339596,0.00116167836091402,0.00310283210533232,0.00138066747627095,0.00118067985506198,0.00118275352025849,0.00418111334599566,0.0013895201766613,0.0038764525651678,0.00382810445420501,0.00383122584590872,0.0039290881829441,0.00228313351668692,0.0038223839234461,0.00124359533854619,0.00137215675104583,0.00129760534750801,0.00353206118431094,0.00130056686414997,0.00400719954431021,0.00140935712587355,0.00192067738932849,0.00213917140349078,0.00114391320188314,0.00138721930133774,0.00181374087566923,0.0038191040829037,0.00401315316200279,0.00227345442108972,0.00361892743162327,0.00377556067432743,0.0040969608883506,0.00392424891903363,0.00129719451208067,0.00119780739715004,0.00113241850445913,0.00146256029433235,0.00135619068198515,0.00314155463634418,0.00170775415879524,0.00167267927343616,0.0030097980158418,0.00303647615779852,0.00124237494211426,0.00175264003326662,0.00197302826363415,0.00312033859720742,0.00184202603029481,0.00313367547443971,0.00356258385491241,0.00169541311086785,0.00315164565207137,0.00193447671493415,0.00370257675705772,0.00193187956783839,0.00208690312631491,0.00411730675373884,0.00361510813514862,0.0010908403700716,0.00136425339910476,0.00181127898922548,0.00414441012251509,0.00118311064943678,0.00198955294059482,0.00311628237947595,0.00316218141020697,0.00113067652895628,0.00119050118041709,0.00119921830318507,0.0011735594881153,0.00295539352055089,0.00236997401401319,0.00192449420182443,0.5,0.00216447104761691,0.00211644680698638,0.00199479633183282,0.00409753280410313,0.0039310149324583,0.00417383029111599,0.00354961867489892,0.00110613214744093,0.00396900307649445,0.00186551207660059,0.0018703055520142,0.00199986222618446,0.00134569015754505,0.00121966035752802,0.00196054619449622,0.00140208532327504,0.00243172492520391,0.0037117482546957,0.00372664887707827,0.00116088796753651,0.00347172726893136,0.00120114017493494,0.001352848654461,0.00111416561670429,0.00345220720049455,0.00394584111225771,0.00130843118712951,0.00393658206105212,0.00124895252022421,0.00119385762012484,0.00113554164676432,0.00131635397533754,0.00185221376204856,0.00174995320660741,0.00194294969800165,0.00136021715250894,0.00319717247674315,0.00346777397716935,0.00413056648881857,0.00392136202142571,0.00388088595161036,0.0039800754653077,0.00366759939677554,0.00314281176844757,0.00193137429280599,0.00343839653948291,0.0038700485408103,0.00214107163473494,0.00142614667191714,0.00174684480799309,0.00112735433027236,0.00301103999576441,0.00164175567305823,0.00186096866555319,0.0011626873160287,0.00343963328490305,0.00105382344831131,0.00346364645377449,0.00302504827062939,0.00217781146796422,0.00121833984829712,0.00215418465081096,0.00198771552404939,0.00217614698322621,0.00298799196288354,0.00321845826534877,0.00375937070915517,0.00222664851671405,0.00384024319758217,0.00189041720373222,0.00101252897551582,0.00314893376038467,0.00309449124107267,0.00139451201411264,0.00165280637800485,0.00347557499479724,0.00198874303998324,0.00106684987233398,0.0031964865526846,0.00133804604686741,0.00142553358164521,0.00224100349506214,0.00195695554727415,0.00233589633157561,0.00122620959076347,0.00118761767443395,0.00135631387121811,0.00204078508089143,0.00186603919528905,0.00415301611394768,0.00343052468009705,0.00161783206955071,0.00353844754015165,0.00198106932268744,0.00131218128861271,0.00116426364523364,0.00315194672153678,0.00212010055961819,0.00382632378252609,0.00192819686992051,0.00119072150992152,0.00342939762506465,0.00116243245627091,0.0019709710202341,0.00207676545725671,0.00190174790255375,0.00354634823760259,0.00179497824792808,0.00205735224986744,0.00113280532482215,0.00112748373313809,0.00186112315847728,0.00292014661044836,0.00138306375417219,0.00309857900612746,0.00116495159708876,0.00171023991636775,0.00182449986007816,0.0011690311462925,0.00196320935477377,0.00172412202208538,0.0014074479827012,0.00115630492334725,0.00316382436181442,0.00138680585129824,0.00118123701416973,0.00176842024531521,0.00341483292347784,0.00202655509508831,0.00232599311593491,0.00306200775368123,0.00210466697905504,0.00307151832024131,0.00210003823338647,0.00127314279850082,0.0012451600064354,0.0014559736970345,0.00133074781219894,0.00131460970800118,0.00358256292876975
"DU0073",0.00164959151096943,0.00248354214956447,0.00195288463793635,0.00176174913790091,0.00206915404534845,0.00168754208940835,0.00220877533458865,0.0017927481422336,0.00168392552834067,0.00216237089686246,0.00203293483725656,0.00202848639812823,0.00197126243979572,0.00179095959368131,0.00193448518750338,0.00217590203091169,0.00205152827646664,0.00119562842542313,0.00189061558837142,0.00144516406044624,0.00129719912846658,0.00130436478238386,0.00274108583209191,0.00204659692759904,0.00190953830745476,0.00284555552975672,0.00230141246109944,0.00201394862192257,0.00149433046439667,0.00248889777758599,0.00214086384419927,0.00302306387470558,0.00146001666236017,0.00178736660607716,0.00205141739567261,0.00195309589176305,0.00168807870790038,0.00209452054167102,0.00178592712326978,0.00160652687134337,0.00156065624084145,0.00143849038210036,0.00206457914542086,0.00130276424505569,0.00126254433945787,0.00126245066519593,0.00157388869361208,0.00235106775678005,0.00248300116544962,0.00155045673454054,0.00147885641407676,0.00142519566972872,0.00195043066236017,0.00167327776136965,0.00144087938794179,0.00174056485706289,0.00128991973069163,0.00195460087562377,0.00184494669429364,0.0028356317516606,0.00128472562209397,0.00236961215094759,0.00189768588139381,0.00222048538992288,0.00211271717274315,0.00218712947513576,0.00774086634152543,0.0016904104270261,0.00127620137895835,0.00187227452111511,0.0182404602099747,0.00158141537763689,0.00137706058879925,0.00168672559964349,0.00208058251327681,0.00253861819665429,0.00216447104761691,0.5,0.00228976435737844,0.0023752377440499,0.00205228428605811,0.00214413851967104,0.00216829547349689,0.00185001926228147,0.0027375493421307,0.00232989740265089,0.00209083020842988,0.00164775737551531,0.00199575460963783,0.00214122417883192,0.00182979438012179,0.00257727701923189,0.00201871383180948,0.00224140503853869,0.00172145870188264,0.00226333564397136,0.00170589484344798,0.00128149931432834,0.00152821973042599,0.00199568759674575,0.00175318477329581,0.00142928235414435,0.0020950868455616,0.00183800014084376,0.00205798019505232,0.00192558019271925,0.00197778430860033,0.00194393667452389,0.001844820133431,0.0017968535044207,0.00212217795774322,0.0237058084157839,0.00197666164400749,0.00127334114708565,0.00174915944232301,0.0020962987304032,0.00192306375136277,0.00196311771173118,0.00207771222821943,0.00225484443241315,0.00175815969720163,0.0023300826024747,0.00185327313902888,0.00181792550318394,0.00220593255607395,0.00200969177279859,0.00180581105037668,0.00216077467386771,0.00166303229491805,0.00187852906490059,0.00214017302706352,0.00182996247789771,0.00189324586905292,0.00180002254264677,0.00129044173357318,0.0014518967046215,0.00927798534777394,0.00176500522369603,0.00289377818761788,0.00192883962844507,0.00619300801832879,0.00180094248949268,0.00147762165583644,0.00245850254709138,0.00307181575963334,0.00189613757960261,0.00189316842948711,0.0016859056969046,0.00126558743385433,0.00170026568124952,0.00173176334796518,0.00230722526101854,0.00128103241224141,0.00266995254456603,0.00185598177335595,0.001278236752499,0.00145693707920229,0.00161534934817626,0.00230452012694047,0.00604701726458261,0.00268132300757968,0.0019893205504123,0.00196416172138306,0.00195496002373029,0.00207578326410756,0.00159112060999685,0.00219565015558261,0.00143140200202515,0.00159902088398832,0.00129557438006014,0.0027628185216332,0.00181414613948347,0.00139438300319541,0.00176964326050437,0.00352310526150429,0.00146477617425963,0.00196325298681241,0.00188554069279598,0.00168727160807353,0.00209752094060648,0.0026061301425141,0.0021474527643042,0.0168645627756099,0.00128726817482966,0.00176582428289737,0.00288806182654032,0.00188493887798685,0.00598157743447795,0.00207543110783244,0.00176120040998868,0.00210665288661038,0.00168417366608046,0.00163020455148409,0.00165808251638031,0.00151479708821087,0.00204279358715027,0.0028069370899794,0.0019203714597506,0.00171918053406792,0.00127134061893984,0.00147405122873511,0.00193560726001025,0.00203280742199773,0.00220059088044652,0.00144648269881464,0.00210163297490892,0.00320376483759542,0.0012672733721978,0.00279490445954036,0.00125950543280841,0.00245050588204775,0.00181643242381252,0.00175402503172011,0.00182328685230264,0.00186431965098752,0.00189045990258218,0.0013065112904279
"DU0070",0.00203434488450415,0.00179258901158575,0.00307073557234437,0.00129019017436016,0.00295717970532924,0.00127652519316226,0.00264737121910827,0.0014277631727851,0.00218994465645625,0.00211799283805898,0.00245689468096946,0.00196868440896314,0.00195796152348502,0.00213085075486088,0.00211740415781581,0.00220126839517114,0.00189834225580145,0.00125653989339414,0.00293532060336958,0.00124808114997675,0.00178937245140288,0.00125445757519323,0.00179640440294408,0.00294550130705294,0.00357660290168146,0.00297054492186711,0.00278106181316196,0.00243821424643256,0.00191899751854035,0.00170242408787072,0.00202461065589678,0.00267965295110745,0.00187801857534554,0.00203285992484042,0.0021931168314223,0.00211753070550152,0.00220588570860676,0.00257453662099158,0.00319909162000694,0.00259068415735309,0.00270094732386967,0.00128563754617081,0.00353011750381217,0.00163768641529775,0.00126983890867864,0.00126983700017608,0.00303677587278833,0.00270509543760938,0.00209154467128302,0.00146239355375096,0.00248402404873568,0.00127925605562692,0.00168992615101517,0.00300200314717035,0.00144941818815101,0.00382152552583948,0.00201815529441045,0.0033517179093304,0.0032730399826503,0.00181698751222397,0.00194126981922364,0.00267267985540515,0.0021705976553273,0.00247662527789973,0.00215760272476776,0.00357552067422082,0.00239595664209415,0.00142587099841871,0.00161022486756863,0.00172137523479179,0.00271598156050486,0.00262635916776727,0.0016812211212549,0.00163054081061398,0.00209269816679841,0.00316005161333716,0.00211644680698638,0.00228976435737844,0.5,0.00303040796191908,0.0021929072126551,0.00195095048881333,0.00210912822765481,0.00178940661360957,0.0035405908785638,0.00188167966750113,0.00367596688631157,0.00330261273500271,0.00327444072354025,0.00274570712195753,0.00242832833836672,0.00288949050517291,0.00252585167037418,0.00216116554450137,0.00195946562936882,0.00173967500446407,0.00163750745135884,0.00174705215475822,0.00222880860478459,0.00220852154427528,0.00258702992249102,0.0017485415663085,0.00193592728548463,0.00174600155949346,0.00200756408607873,0.00220102924280652,0.0030013555962939,0.00253945018149055,0.00190597588592248,0.00324523185675616,0.00283431419320205,0.0019945871581744,0.00318601840595103,0.00167607112714966,0.0018986813188988,0.00216727538904733,0.00216240039149187,0.0020156473510138,0.00203370587636075,0.00190347094560627,0.00174806198379134,0.00317513309629503,0.00169728911510505,0.00216534187321323,0.0018751991066787,0.00289398888444607,0.00267437613920807,0.00260350525247318,0.00128379739879642,0.00294588683250746,0.00300468956052017,0.00305142552374146,0.00182495639761341,0.00255021386409337,0.00173715058678921,0.0012836348535042,0.00281900830589325,0.00296009745553005,0.00353956712658018,0.00387850928012339,0.00346497794911374,0.00173005752119464,0.00167995569566618,0.00174128414958309,0.0033602771082077,0.00203833817550403,0.00208985479574451,0.00221242997986239,0.00127958865782511,0.00143193566886224,0.00158612015236146,0.00338151826522874,0.00174938244141951,0.00313907379540296,0.00296546763818405,0.00165413241819055,0.00140816391751833,0.00270822215922991,0.00281885645921015,0.00331176751184378,0.00353583961716153,0.00246203640179082,0.00235511644142052,0.00294033623237519,0.00372641421237851,0.00265321306705735,0.0020880909859294,0.00171580607929307,0.00208447047987468,0.00177586757985703,0.00262564943862743,0.00159369515319252,0.00170963743158027,0.00128740826970653,0.00289236806942698,0.00210559496250832,0.00343360154660688,0.00189201604633341,0.00186725487812695,0.00310969287490186,0.00308921516787792,0.00346680007875496,0.00304425210923739,0.00185845865019781,0.00335712908727123,0.00308235003685466,0.00204088661559447,0.00253027528012399,0.00190371747469576,0.00162044482919362,0.00322369335682592,0.00127493765061938,0.00152878593302827,0.00167833649048231,0.00275081630286837,0.00285357344403596,0.00282840237337457,0.00319303531687244,0.00320257479886717,0.00123781534529807,0.00172091863596049,0.00297177776816973,0.00324297148291292,0.00294963190438293,0.00172650951296192,0.00323054635657852,0.00266510726737422,0.00126867272832782,0.00346770706011147,0.00127009860300238,0.00177664814697753,0.00294495276728518,0.0024475933528468,0.00285557917273989,0.00187356410864904,0.00194988103560064,0.0017972329125858
"DU0071",0.00175242798932261,0.0018479277272974,0.00276023823116323,0.00143780071648065,0.00239579828530596,0.00140211199997539,0.00399574382340297,0.00165890332730711,0.00358372065546675,0.00199474517316975,0.00360230374281443,0.00195680948227711,0.00195695927999856,0.00189111475178683,0.00202691960909844,0.00217793139600515,0.00193458671862151,0.00133430213355948,0.00227959424636898,0.00137712613464128,0.00179362932750456,0.0014194341975778,0.001899830139475,0.00203718597568378,0.002556483846055,0.0037835244783003,0.00416013503245253,0.0032224093845367,0.00168346970279109,0.00178437060475627,0.00198164324479292,0.00405233496163365,0.00183726217408232,0.00194187608134081,0.00199530231701983,0.00196775671482603,0.00358472873001689,0.00391101669900472,0.00262010900487684,0.00388133079479265,0.00207789637160615,0.00141702504197993,0.00271397958845706,0.00166338144112154,0.00138300805723841,0.00140693557112204,0.00243767220732727,0.00217514175163052,0.00191853467366496,0.00145838343261313,0.00194837982190474,0.00142132106837067,0.00183455711536238,0.00333167406689894,0.0016474048136241,0.00276898563805632,0.00179199063873259,0.00324920471455485,0.00380607537527183,0.00191356380453951,0.00175015469960497,0.00223315359119278,0.00195444746202606,0.00209080076767104,0.00199496318069998,0.00284094037969315,0.00209687944353412,0.00125492662238492,0.00163144967773529,0.0015509734881301,0.00222713919689658,0.0020290693926778,0.00147062132619592,0.00171748443649464,0.00194064878034298,0.00308724399496644,0.00199479633183282,0.0023752377440499,0.00303040796191908,0.5,0.00199516538456609,0.00196562247177386,0.00199324580526538,0.00184434949550201,0.00420653353981765,0.00195573053950269,0.00284049626473377,0.00316816906183315,0.00235788133544519,0.0041251515032999,0.0039082874540384,0.00406118319522103,0.00354006437234532,0.00217108197266801,0.00188368901719865,0.00177947624105562,0.00150531738793492,0.0017280181857778,0.00162646835404504,0.00164779980530075,0.00200831749639504,0.0017323631181688,0.00199093944580054,0.00157563482178514,0.00196056327286797,0.00195824160102896,0.00230386495967194,0.00216270758614777,0.00177755619976375,0.00321227093852572,0.00406743365367803,0.00203974167295396,0.00259760276399835,0.00171457958799618,0.0019238862914181,0.00199386112807092,0.0020192505283007,0.00198765379567951,0.00196769140703792,0.00200617955330652,0.00186303606086676,0.00385822713353954,0.00170188183811877,0.00192140998227116,0.0019028439087312,0.00224861555064634,0.0036006784607809,0.00379381992278173,0.00142071428428329,0.00317136987134013,0.00238609370294717,0.00219260170834394,0.00186560949679301,0.00228076332048514,0.00172203968917357,0.001421409689097,0.00384744398243836,0.00252534396047146,0.00300143257228895,0.00281040850913925,0.00296850617891977,0.00182233074214975,0.00169191357645047,0.00181442886417277,0.00319240818128361,0.00199112281531135,0.00210379059449706,0.00208070796196879,0.00142405812974899,0.00161319490707093,0.00142872289516078,0.0026498765771893,0.00171451019217219,0.00244983355120282,0.00239655934599271,0.00170799098913726,0.00138470623238941,0.00362763141184294,0.0039957884210559,0.00318527832571536,0.00341916314412172,0.00313359933542802,0.00170887528501352,0.0025064362907365,0.00297326322064567,0.00376485847139355,0.00199338773633328,0.00173403638869698,0.00182201828057053,0.00173726837204512,0.0021397947936495,0.00153692619631412,0.0014968106605965,0.00142442756954123,0.0042711753320631,0.00183862914163374,0.00315666852911803,0.0016175927681775,0.00192713798092393,0.00315928497985032,0.00322165579674882,0.00327322573159467,0.00333414727649223,0.00175166205906147,0.00292741284856832,0.00346796785732102,0.00185992229038476,0.00388430377253894,0.0019450050245286,0.00171410348435676,0.00245165863547678,0.00141914631091749,0.00159129518323466,0.00166322285517764,0.00204136130168211,0.00301804613322637,0.00374044448898573,0.00246194296698842,0.00243796091360152,0.00134508910612149,0.00176340022722649,0.00236163271503388,0.00277924766061151,0.00358215227333433,0.00172556402388933,0.00239403604618734,0.0041029402905672,0.00141313375188921,0.00301376307258024,0.00137940923742679,0.00185663344150475,0.00277572847052715,0.00365458086475306,0.00341169209041348,0.00180247017843892,0.0016055172235103,0.00181120715649259
"DU0076",0.00384728847085094,0.00373141077967876,0.00140706204153475,0.00315382024391844,0.00116070659068073,0.00310174722533832,0.00137906608308164,0.00117122163506367,0.00117992604479333,0.00409910911212793,0.00139126153322538,0.00386769011692689,0.00382760832001492,0.00392083565383628,0.0039477675404976,0.00227654181664476,0.00378156127950685,0.00125820869161335,0.00137544347679421,0.00128971738156598,0.00353781228481674,0.00129296020281504,0.00384659639287993,0.00157402473968295,0.00200658382695051,0.00203438868728696,0.00114143465201086,0.00138988877382788,0.00191655576903168,0.00368481324950066,0.00393871282880159,0.00214004197264388,0.00362503003376249,0.00379389273122639,0.00418404270091609,0.00396720014386725,0.00129517379047963,0.001197396146376,0.00113191606887923,0.00162719418108795,0.00136073232600877,0.00314366556399149,0.00170952451799108,0.0016708548837773,0.00300909156571376,0.00303563255399301,0.00124362953842667,0.00174603028030338,0.00187179122036435,0.00311835522442817,0.00185072677244815,0.00313521331313537,0.00355482205998561,0.00170135698026236,0.00315298084899693,0.00203821204456547,0.00380315448876322,0.00203057579372038,0.00220711445018723,0.0039404407538522,0.00370143926727134,0.00108995527753625,0.00153162823027402,0.00180443196690769,0.00413921076605155,0.00118103840886998,0.00185634305138193,0.00311579419524477,0.00316481313200348,0.00113006987089606,0.00118553002976301,0.00120153199789063,0.00117330886180162,0.00295345498454708,0.00236683597738104,0.00183720410416424,0.00409753280410313,0.00205228428605811,0.0021929072126551,0.00199516538456609,0.5,0.00385007151773946,0.004088581803503,0.00354658542567021,0.00110499401786379,0.00395759329209898,0.00186992910224269,0.00196278971149536,0.00209556747480765,0.00148587891310707,0.00121799604368207,0.00195086236214797,0.00140381688119046,0.00239753362489415,0.00371649574756156,0.00363350848144282,0.00115990964503786,0.00347762470002873,0.00120162238018083,0.00134764996218082,0.00111420532202593,0.00345793281667896,0.00388603935332803,0.00130826205937771,0.0039090288303065,0.00125014533003178,0.00119392908355039,0.00113652914888536,0.00131807887768591,0.00194261121699779,0.00175575583269607,0.00191834468929595,0.00136198429216385,0.00337240949349386,0.00347222804390577,0.00414768849898647,0.00398633651026334,0.00388148332242171,0.00394401825396424,0.00364463722994247,0.00314535296777881,0.00193282404497073,0.00343700142668274,0.00396214794596742,0.00205562807351471,0.00160331899728708,0.00175327562707083,0.00112580139560533,0.00300934961047741,0.0016452910232062,0.00186523049035052,0.00116180600803632,0.00343776116990617,0.00105363239176496,0.00346891497818142,0.00302241515855392,0.0020250789694177,0.00121828451660394,0.00203704482240169,0.00205968592034636,0.00207877998266363,0.00298683951921458,0.00338844051894984,0.00365029646940516,0.00206844994780423,0.003841801710752,0.00189676592826587,0.0010114032316604,0.00315028501518276,0.00309479818633989,0.0013875722157832,0.00164743753963516,0.00348139326067576,0.00189367214192764,0.00106699864232143,0.00336147841011957,0.00134612284865539,0.00142955511492073,0.00224125518119013,0.00205285555286423,0.00240888661541177,0.00122438589360965,0.00118734626356675,0.00135851017268209,0.00208197727149633,0.00189318953400137,0.00406686496289163,0.00343551700580124,0.00162074017172315,0.00354437857318755,0.00186706018536995,0.00131251316055038,0.00116426734782135,0.00314767933667222,0.00211841086749893,0.00393941902872913,0.00202511415292679,0.00118886377475523,0.00343396634813383,0.0011624333518342,0.00188096780391074,0.00212898299780455,0.00190386862821646,0.00355951648119519,0.00180303072861207,0.00194768333208436,0.00113235740343423,0.00112466449668596,0.00185819066736038,0.00291841925533704,0.00137933058485457,0.00309676469774191,0.00116380487196857,0.00170791259138316,0.00191652305202362,0.00116855314261391,0.00184776753335514,0.00173102763548586,0.00141258890491476,0.00116648524898308,0.00316695117712694,0.00139032219395221,0.00118133616096583,0.00176827406287565,0.00342017099110893,0.00206825059651508,0.0021441896896293,0.00306088215085513,0.00200222754317877,0.00307080488164329,0.00198666939254647,0.00127385932287336,0.00124318186490048,0.00163892799721781,0.00132630907181811,0.0013143507778433,0.00358825077857445
"DU0077",0.00350877003449254,0.00377959478368466,0.00163305479935344,0.00332192373034641,0.00116610927838054,0.00329713366657032,0.00138665786029505,0.00119158215952448,0.00117368874763867,0.00392954546079613,0.00157167741291327,0.00384685126453529,0.0037994701663847,0.00370355605274929,0.00375422420308522,0.00222832351069845,0.00380221975307452,0.0013495854048464,0.00160113586720114,0.00162098905222519,0.00345313489359037,0.00146126623910171,0.00396311105988259,0.00158075638594858,0.00182501030431399,0.00207800477608254,0.00113282716260997,0.00157656797083096,0.00164554022163283,0.00390616450465073,0.00390467917025457,0.002204867797049,0.00355719455753786,0.00364326738067553,0.00384951450453768,0.00378855279598838,0.00148786565203718,0.00119615942212887,0.00113048034439294,0.00170313481242897,0.00157450608351942,0.00333568429618183,0.00171907014860728,0.00176281238874094,0.00312381339200994,0.00315340834735112,0.00138865554596761,0.00183615758745142,0.00202785826410276,0.00308683543035762,0.00166403282296171,0.0033224994175025,0.0036124104343243,0.00178312713830736,0.00335221934589069,0.00186058464754382,0.00359996873228927,0.0018311677420893,0.00185966326859352,0.00403355518452808,0.00352206423002095,0.00109234734203823,0.0015269458639253,0.00177296592663026,0.00389479322847083,0.00118038331492153,0.0019685131252408,0.00331242354406604,0.00336330946610071,0.0011339268218776,0.00119134090235076,0.00120075221694457,0.00128665721876799,0.0029236107721006,0.00217826552254867,0.00191571285148955,0.0039310149324583,0.00214413851967104,0.00195095048881333,0.00196562247177386,0.00385007151773946,0.5,0.00393185612827413,0.00359387249381275,0.00109774783467641,0.00388699135488648,0.00184763060066302,0.00170614787226145,0.00183551160745931,0.00119732889554442,0.00121652905704362,0.00191708877433879,0.00161098435285532,0.00236010273876179,0.00362575744127259,0.00365926668574511,0.00130674268752316,0.00345900887435944,0.00134533438597371,0.00161946976868684,0.00111443570065071,0.00342665583529118,0.00383273621174079,0.00154383336632665,0.0038707617565085,0.00112806014205889,0.00119649515914583,0.00126001548728669,0.00154752302659987,0.0017439238315919,0.00178050275539923,0.00200597096556201,0.00155581441783508,0.00340883378342376,0.00348671760673985,0.00388169737969529,0.00374614937140684,0.00379879606172048,0.00386711521379065,0.00360329732624501,0.00335484142317567,0.0019499776055293,0.00338603773442995,0.00369216080398501,0.00215819636885213,0.001662318113036,0.00179775501041248,0.00112320654223299,0.00312035963176963,0.00160308219066633,0.00187116986172038,0.00116160315461753,0.0033893801684939,0.00105161685281455,0.00349371459646308,0.00299470098000295,0.00214246291319372,0.00135699870958075,0.00209749142875151,0.00182982368589204,0.00211419556888505,0.00295264261002845,0.00341665233824779,0.00373048316079177,0.00217213294510901,0.00375164317383039,0.00185650422833837,0.00101226144285951,0.00334784227250703,0.0032825624957949,0.00158451394277608,0.00171346604849786,0.00348414306410559,0.00197461481683865,0.00106397293086969,0.00335720886406939,0.00131649364530193,0.00165587568086389,0.00216571124198774,0.00185663350948358,0.00211746047676251,0.00151772149049408,0.00132567901039698,0.00137705407513692,0.00196192586470062,0.00179880437768394,0.00393593685801952,0.00346121146801618,0.00161123899396638,0.00343101217447779,0.00195417694375697,0.00133727397288626,0.00129225775679312,0.00314804374903572,0.00203616942295148,0.00359444308937797,0.00179587116039926,0.00153534687568578,0.00339747197366382,0.00115713211136319,0.00198191223784564,0.00187457562775506,0.0018331276263615,0.00344588224242156,0.00179324961264254,0.00201231409626137,0.00114204809579313,0.00112206610527969,0.00191873266588511,0.00289076283261289,0.00160175022711569,0.00325171959798192,0.00116035354449334,0.00179818087377736,0.00176138155397659,0.00116933700482136,0.00195879423668122,0.00179127473635613,0.00161355233463917,0.00111607598014039,0.00334587973626877,0.00161582889077931,0.00132375385716709,0.00176602099801584,0.00344248516206292,0.00191269937023784,0.00227264930817313,0.0031800042153853,0.00205210719793716,0.00318549055417854,0.00209599696964861,0.00166719725579426,0.00124168538317036,0.00169876094436914,0.0015918062988048,0.00117795029210596,0.00346785343677273
"DU0074",0.00373074657001488,0.00384424697174122,0.00140134371182314,0.00315387526613966,0.00116062207973556,0.00310013440359721,0.00138010234366993,0.00117972495750662,0.0011824737073113,0.00417227002370102,0.00138855455984845,0.00387282431310445,0.00382447581205811,0.00382238294711027,0.00392052281718673,0.00228015327899629,0.00381889085762573,0.00124123808773754,0.00137057578452025,0.00129615847310892,0.00352840609348381,0.00129909368081103,0.00401248043342557,0.00140790835463744,0.00191270495643912,0.00214328936232857,0.00114379238594095,0.00138602197978757,0.00180559461279654,0.00382310782256558,0.00400941834886124,0.00227926533946794,0.00361515678623618,0.00376727040738067,0.00408800815136815,0.00391583647056038,0.00129672783745157,0.00119737210313688,0.0011315033554931,0.00162070983237083,0.00135456801639237,0.00313858136918296,0.00170589104009419,0.00167049351056635,0.00300717085915965,0.00303378293866605,0.0012410871809855,0.00175124465562242,0.00197775530366557,0.00311772680911841,0.00183477776449149,0.0031307488098932,0.0035596781756858,0.00169356018144381,0.00314873016399232,0.00192644932356377,0.00369326294249895,0.00192432514072931,0.00207815413909963,0.00412336245769802,0.00360643967502985,0.00109047303340189,0.00152769569387163,0.00180979105433174,0.00413552132899123,0.00118220005846175,0.00199504788876273,0.00311352490199671,0.00315917245010951,0.00113041111050731,0.00118958612692847,0.00119789728577748,0.00117316401449499,0.00295297189451014,0.00236257581230522,0.00192755207879238,0.00417383029111599,0.00216829547349689,0.00210912822765481,0.00199324580526538,0.004088581803503,0.00393185612827413,0.5,0.00354647214389926,0.00110569021545978,0.00396585882387826,0.00186329586584727,0.00186309180315338,0.00199218295126883,0.0014835434756546,0.00121934483965607,0.0019595031648252,0.00140098312874593,0.00242874180246454,0.00370795621294497,0.00372841727076942,0.00116082683167458,0.0034681319691412,0.00120002744698101,0.00135211203098684,0.00111318510849465,0.00344866764930507,0.00394225384477307,0.00130765938246493,0.00393286716649682,0.00124818494940587,0.00119269317906147,0.00113447461495827,0.00131546616243284,0.00184521616981382,0.0017484294504678,0.00194202985149178,0.00135879523067664,0.00336373611344563,0.00346431951269628,0.00412166963157309,0.00391277319910005,0.00387713907586385,0.00397630378515572,0.00366458470146657,0.00313985493924786,0.0019296211871851,0.00343530084741127,0.00386103267443711,0.00214323811977985,0.00142442099039996,0.00174501871033669,0.00112690243925003,0.00300845367142282,0.00164015794194551,0.00185872745042199,0.00116166615634405,0.00343655997625017,0.00105299302542384,0.00346011198081261,0.00302254012631278,0.00218460729838541,0.00121720722020866,0.00215864732747657,0.00197929698717218,0.00217942686949103,0.00298550336845029,0.00321533697928241,0.00376202512894438,0.00223337358953497,0.0038364781506993,0.00188790114148145,0.00101225157894303,0.00314601663501256,0.00309171623341616,0.0013931187881881,0.00165137777367822,0.00347199441351095,0.00199202211343521,0.00106594912307438,0.00319338144015973,0.0013359989751864,0.00142430288334154,0.00223916491139626,0.00194948471444889,0.00232853140968136,0.00122540310827528,0.00118649428632321,0.00135490016770324,0.00203371049924877,0.00185953189160736,0.004153927234832,0.00342703168532398,0.00161680577365974,0.00353479594397146,0.00198555395333397,0.00131182966671879,0.00116376840653393,0.00314935489115209,0.00211857721890771,0.00381614361008461,0.00192068235807288,0.00118990282550416,0.00342598096040644,0.00116154436939548,0.00197415555294482,0.00206902152597349,0.00189981327777136,0.0035380273805195,0.00179270980590615,0.00206169066196024,0.00113237988212077,0.001127159572426,0.00185915897818721,0.0029177122892034,0.00138191801760919,0.00309590586630599,0.00116356268723872,0.00170799201834053,0.00181734964534905,0.00116811344153059,0.00196812005427712,0.0017218869650092,0.00140569896288439,0.00115434575981491,0.00316078282584235,0.00138518764549236,0.00118017474985346,0.00176689561854493,0.00341135060988697,0.0020196355994832,0.00233445359131586,0.00305933235231271,0.00210836133339842,0.00306883156484543,0.00210370627443547,0.0012719878824053,0.00124474897950288,0.00145453767778167,0.00133032015781045,0.00131378050666396,0.00357887267606135
"DU0075",0.00319878860802319,0.00353648462135824,0.0017644382442493,0.00339270531961647,0.00132540466974085,0.00341974130947297,0.00165701667223913,0.00130004025908199,0.00118138182207311,0.00354960241220183,0.00164816974921716,0.00364926999228291,0.00367294836605022,0.00356720383246102,0.00366174223773519,0.00211594919767075,0.00356661376988065,0.00193099704697149,0.00208279592499987,0.00189785973729673,0.0034052624648719,0.00191755202949521,0.00357594071540091,0.0016681098596092,0.00171368066688659,0.00182306706204513,0.00112199815535581,0.00165676868121856,0.00144276446059015,0.0038582601231543,0.00356703505594672,0.00186244873216991,0.00367817072066643,0.00361986219985311,0.00354670394514828,0.00357901069896332,0.00246021483847931,0.0013762135932467,0.0011402047477503,0.00192852124176518,0.00168401515613353,0.00344194857453591,0.00175787627361383,0.00197853159936159,0.00363002606938866,0.00377723359324141,0.00191947664238793,0.00179019733159235,0.00184513378003139,0.00310652913530165,0.00142372910792978,0.00357427287633962,0.0037775079728387,0.00188338976044583,0.00358854308667753,0.00174929522064217,0.00351010915399569,0.00169140215921334,0.00149748567263,0.00357335095537869,0.0035759161321551,0.00113738746148535,0.00158148019345794,0.00149534670931634,0.00354987694735014,0.00129512926998398,0.00173115628459065,0.00341153666089747,0.00349688950414635,0.00132209534433044,0.0012013026502122,0.0014190798604523,0.00193691227328073,0.00305702188443598,0.00186863052882199,0.00175608378817174,0.00354961867489892,0.00185001926228147,0.00178940661360957,0.00184434949550201,0.00354658542567021,0.00359387249381275,0.00354647214389926,0.5,0.0010863188934426,0.00365416806107257,0.0017448675319439,0.00146179105957682,0.00172087025417783,0.00132792077335888,0.00122601115599019,0.00172277944345244,0.00169309124015729,0.00209710484355654,0.00356521291748663,0.00346320845004104,0.00173471867631539,0.00338633555626728,0.00204417673733997,0.00178040640174066,0.0011388465898689,0.00300099507165282,0.00358140275342443,0.0017992141564937,0.00359021090793368,0.00133684388988682,0.00137737490647085,0.00131054699411093,0.00168919250874017,0.00164886531887253,0.00168868364194475,0.00207475639879342,0.00165196276671507,0.00348184379021369,0.00337982884886318,0.00354720541550068,0.00361922187867965,0.00362872804303341,0.00357036427812802,0.00349170392692657,0.00355694000980917,0.00179965558352447,0.00346651899089775,0.00354218745641968,0.00183502467178159,0.00169153940579824,0.00177197219653636,0.00118836820797655,0.00346266899777691,0.00143226193898633,0.00186900365620643,0.00117501643594462,0.00345355459328663,0.00106379280293909,0.00357246245387871,0.00316770192775118,0.00175085930903415,0.00169079444463979,0.00180653172972254,0.00149920807633746,0.00183819178747911,0.00308644781224752,0.00344279547839236,0.00351170312764055,0.0017650028807426,0.00371132104667042,0.00153020272699533,0.00104344047669866,0.00372692236414228,0.00362708917951391,0.0014402137535731,0.00171462562314071,0.00364028765436768,0.00178811322208717,0.0010722837149399,0.0034006977252894,0.00134098686274441,0.0017428544823515,0.00195113913416887,0.00173036465703809,0.00180519753940548,0.00183652317624696,0.00138330565395482,0.00163295277984311,0.0019542916099491,0.00178265074430818,0.00354593199051431,0.00342840726266451,0.00168419470494765,0.00302769291239659,0.00170583854538039,0.00161228331440125,0.001696501881721,0.00320101168651457,0.00188872890591686,0.00327194983564193,0.00169439918263203,0.00193328534325965,0.00313868176254105,0.00115708390982145,0.00183341266423033,0.00172208324436276,0.00145249876449943,0.00338285797942515,0.00177320583095092,0.0017490249373282,0.00156898085722495,0.00111502536109252,0.00196995390784115,0.00305676389104322,0.0016888887185945,0.00335803471123753,0.00136579078022613,0.00176464010293579,0.00169529176820148,0.00132779544701294,0.00169071331014099,0.00206505595971265,0.00166802957289126,0.00127968387412269,0.0033701127835163,0.00173252223148602,0.00172409089202321,0.00197708106953792,0.00338962705183865,0.00181836422489069,0.00179447650122763,0.00384456892170627,0.00181682215816119,0.00382206906794754,0.00190149128371664,0.00210250411733155,0.00124731911842515,0.00173335589901571,0.00175822752209518,0.00140929135035756,0.00345082222389142
"KL0012",0.00112919045536159,0.00114171433379514,0.00270322510355451,0.0011818783896632,0.00341060608185659,0.00115320707193137,0.00434881110661345,0.00240978690136698,0.0164244969547242,0.00110609978436315,0.00342395680769896,0.00109581435810564,0.0010879251538546,0.00109508188331631,0.00109515517443481,0.00199794095286256,0.00109339393552153,0.00125077882072284,0.00235585187066013,0.00118213743681259,0.00114025651763836,0.00157893320523082,0.0011863446809507,0.0020899497114845,0.00238035029153488,0.00344799401114058,0.0055724711560274,0.00345555593479544,0.00158946548659383,0.00110515678293027,0.00109650014738314,0.00320793465177995,0.00109067816740068,0.00108962123851477,0.00110500889267873,0.0010943675031282,0.00332129936786605,0.0044652425901312,0.00434154165544419,0.00327935822048453,0.00222069921134279,0.00117486788848673,0.00252308151186152,0.0011823831874402,0.00121294271381967,0.00125469265985872,0.00268700965300347,0.00189321505264774,0.0014595629395363,0.00196651944417244,0.00168778318670428,0.00117379776150136,0.00110191625641465,0.00329611391102375,0.00113731217958249,0.0025055570320548,0.00110837841478434,0.00317744877095262,0.00347893907439177,0.00112820271483567,0.00109873458624208,0.00360380021067625,0.00260842553497469,0.00176004919025269,0.00110585122491759,0.00398398795024906,0.00173731734997303,0.00125237172033561,0.00119470158526897,0.00171749919448887,0.00325476928920837,0.00285756454576495,0.0015867812036974,0.00245057142544248,0.00112390967223768,0.00287909771557801,0.00110613214744093,0.0027375493421307,0.0035405908785638,0.00420653353981765,0.00110499401786379,0.00109774783467641,0.00110569021545978,0.0010863188934426,0.5,0.0011208172378167,0.00326801100702236,0.00303571419583455,0.00195101816684607,0.00601702463542942,0.00486757807695462,0.00357369585120488,0.00343501225826027,0.00137634479244642,0.00109869833771217,0.00112332197043784,0.00158121471758043,0.00118601401045688,0.00191040762238361,0.00162138517916602,0.00348387294357919,0.00122849653610343,0.00110533363797293,0.00160259934935068,0.00109552282748897,0.00282944205760676,0.00262671915896513,0.00324047413846437,0.00237276567135163,0.00308131150550802,0.00419402198803551,0.00152218523009303,0.00270615823245558,0.00118531757456707,0.0021484063975765,0.00110536805377795,0.00109515958579209,0.00108875150183094,0.00109251236071993,0.00211255241049518,0.00211361914073392,0.0043462568810646,0.00118621295549974,0.00110297851902796,0.00119518781644569,0.00274318233349709,0.00329363688560798,0.00503313210202446,0.00127003206659148,0.00349948374470237,0.0019254994597636,0.00269310605330519,0.00224885960291215,0.00371680561261909,0.00112734236357326,0.00123501475910092,0.00336821727034947,0.00279582217923943,0.00270041305676123,0.0025379595777182,0.00258518291751024,0.00256816263187144,0.00121483552924756,0.00113275962911805,0.00291744888891491,0.00108947618077724,0.00247662942205928,0.0034656231905462,0.00116991089204618,0.00163914123570486,0.00128614105359055,0.00319678433278695,0.00111799338005566,0.00210115724088604,0.00393028302121343,0.00119567285669777,0.00137609041749106,0.00353377278624546,0.00302704703003952,0.00293761467132794,0.00300352669017227,0.00342301733214791,0.00260605808730737,0.00271044566955356,0.00257567950907167,0.00322525050064662,0.00110576291252122,0.00115787959841035,0.00160019090244638,0.00118039236783694,0.00179589675972242,0.00155603148359569,0.00165245212255134,0.00115685242828256,0.00410792583825407,0.00112483469864767,0.00292528179058856,0.00171975080595942,0.00217339771670068,0.00440697441217304,0.00293288459638736,0.00301889238850409,0.00370314468081235,0.00132031529696907,0.00277934644026615,0.00375756936470564,0.00260408648135748,0.00500392020311472,0.0014894971236488,0.00224955558355504,0.0026218985368227,0.00122676370495474,0.00229878138683842,0.00118165859211651,0.00224821765894844,0.004060862590917,0.00352763508971879,0.00213692666894177,0.00235973290669247,0.001396397292526,0.00200163365930521,0.00227829681345395,0.0037003568435598,0.00337453241604631,0.00122406968541776,0.00192252592016669,0.00363174321104075,0.00112170139243756,0.00270515730067631,0.00112602091898509,0.0011615918685969,0.00298644357737199,0.00373512912673658,0.00339476354884886,0.0015434354930625,0.00164789660232936,0.00119999922512146
"DU0038",0.00313194545878302,0.00410260332724183,0.0013203948961503,0.00326285548814127,0.00152038639536986,0.00315564933485349,0.00140128391448594,0.00134679369932897,0.001170112346185,0.00396883590615113,0.00132824739864958,0.00387062842832177,0.00385017265209185,0.00355261781086545,0.00378060182825361,0.00210618446524516,0.0038636801223894,0.00125265133737375,0.00124955210368621,0.00138510982978195,0.00315741865910537,0.00130306321926424,0.00439936240152865,0.00260422153167877,0.00185911833784282,0.0023038517939672,0.00121770754884231,0.00131164549804654,0.00121871976520344,0.00414863780213047,0.00390983166450437,0.00243951861971858,0.00321139109615733,0.00358055376316146,0.00395765355797472,0.00381354218728848,0.00129624046227746,0.00119865670334182,0.00117301776640087,0.00126669236373536,0.00123066290368961,0.00303850465317378,0.00148908094707354,0.00131003506491343,0.00305194488157449,0.0030783567975869,0.00124270057514606,0.00259914734372636,0.00221721208336259,0.00330848511808875,0.00127197359225666,0.0031021018077897,0.00395093920011678,0.00127980227672841,0.00321753782606258,0.00131873886041725,0.00313224953097416,0.00138331537756286,0.00134281249255532,0.00449811683979159,0.00309778250109926,0.0012425507077105,0.00193077965925309,0.00224663132108867,0.00396562728239151,0.0029728107375557,0.00238457568516494,0.00314654539692575,0.00303818395049046,0.00128807022959445,0.00123529786721794,0.00121335989475001,0.00121475003497337,0.00310620780056457,0.00216043560707938,0.00209767012845725,0.00396900307649445,0.00232989740265089,0.00188167966750113,0.00195573053950269,0.00395759329209898,0.00388699135488648,0.00396585882387826,0.00365416806107257,0.0011208172378167,0.5,0.00151016399866327,0.00135560638314943,0.00149276716254927,0.00120324555936439,0.00134783603036837,0.00247724819883004,0.00135904758589343,0.00229794803458359,0.00378085971656416,0.00393051493461531,0.00132694404189667,0.00306183991684255,0.00123683581815611,0.00234860909932387,0.00116975809723563,0.00305289555187407,0.0039213581077219,0.00135198273811632,0.00387841734953552,0.00125173753379909,0.00131883663636207,0.00118748420804725,0.0013325146857213,0.00129109908920166,0.00140481033167221,0.00233236751177615,0.00134126352463119,0.00310334950314237,0.00315068531997287,0.00396156153979739,0.0037640340479911,0.00384048357979183,0.00389187080401837,0.00389692418576023,0.00310709164480268,0.00185877378687323,0.00331155794264616,0.00358667520884143,0.00208780098996374,0.00138340106676569,0.00139083867923657,0.00116514036261255,0.00317425489976688,0.00125382257786871,0.00181831193229836,0.00154097551158411,0.00330367221732036,0.00112846539926121,0.00307221821364824,0.00321543928239543,0.00254908447549149,0.00134670786587315,0.0023322749041443,0.00132448360116226,0.00249080183508183,0.00313706243315301,0.00306431013663851,0.00407783696777663,0.00258545619430335,0.00372475888483743,0.00142044739776858,0.00110128221984874,0.00305428583829068,0.00311460531239715,0.00136005317717064,0.00199546850287711,0.0030683496905691,0.00217083453935159,0.00119075782879765,0.00311206586580147,0.00125082707624605,0.00130630495863216,0.00213317829654361,0.00141808282335974,0.00214406671622557,0.00138576097999266,0.00135352711995547,0.00132165764354431,0.00177639510993483,0.00131259105415809,0.00396704478873593,0.00313810569772348,0.00140550260011862,0.00308143311244534,0.00245650964051981,0.00132202860640771,0.00129406436435668,0.00351080778308694,0.0020746855787922,0.00317468314102933,0.0013964642162994,0.0014029614027215,0.00304837030804219,0.00125529348562884,0.00212220279013279,0.00169066698097531,0.00131933421892867,0.00305745445610307,0.00137180434436622,0.0022590856316391,0.00128341722314686,0.00133990643939518,0.00196977257512205,0.00306634335701904,0.00173508794450609,0.0031542097136621,0.00124227345230951,0.00139271536793081,0.00135291421210823,0.00129247446108928,0.00228458809230048,0.00139361002719313,0.00131814349201917,0.00123155825668792,0.00308279707850027,0.00134202033482921,0.00130015369619811,0.00180016982323863,0.00311937117178195,0.00182891674941252,0.00265201583730929,0.00318766070897721,0.00224099219616996,0.00319792311367597,0.00257329253999024,0.00135501963721109,0.00156769823097773,0.00136534531678836,0.00172901119348794,0.0013451830390576,0.00311098790070051
"SG0009",0.00184111891072416,0.00172678204497836,0.00334667846330077,0.00170465447250798,0.00301457332841314,0.00164772323516849,0.00269028903947663,0.00144399581637481,0.00268330298030266,0.00186555598407669,0.00275758271326879,0.00183793848576686,0.00183088829843421,0.00189701572260377,0.00187966773863184,0.00197971373065361,0.00185265702987489,0.00139743967521365,0.00332537520587993,0.00165973294344841,0.00185518732859842,0.00144317098835789,0.00148705273351405,0.00304234638222347,0.00335714363227438,0.00288657932780626,0.00231543246591507,0.00287182672785423,0.00175605223124407,0.00142845364898777,0.00186159078102408,0.00252864895858329,0.00180135757734376,0.00188210777276934,0.00187008377522557,0.00185819512869078,0.00221600247356884,0.00262200695983965,0.00316015499027411,0.00270293870476678,0.00315858798912956,0.00171718354288591,0.00366965512790363,0.0017503595491963,0.00145313993621178,0.00145282887802502,0.00322376422666514,0.00273482587792683,0.00207184731932119,0.00148256041166165,0.0024604724958646,0.00169907387118894,0.00170103621100462,0.0030499149954494,0.00173991809892777,0.00363749137932533,0.0018103016815541,0.00317422498021795,0.00301086484063476,0.00146496128492649,0.00176650919192412,0.00183321434718212,0.00209405522688444,0.00250870315114649,0.00186796137952363,0.00332767944798195,0.00239919517154074,0.00172569568779762,0.0017285227842003,0.00191494421553565,0.0027491240789608,0.0033567156860276,0.00185177579555119,0.00144504298778245,0.00184325529756194,0.00318723486998162,0.00186551207660059,0.00209083020842988,0.00367596688631157,0.00284049626473377,0.00186992910224269,0.00184763060066302,0.00186329586584727,0.0017448675319439,0.00326801100702236,0.00151016399866327,0.5,0.00320188982290385,0.00313413969159382,0.00248977515134296,0.00420124867281595,0.00257735273409449,0.00282159539041833,0.00197241884121557,0.00186607582551147,0.00175130817923977,0.0018488216439958,0.00181316580164131,0.00237660926494216,0.0023124738473641,0.00259659036684368,0.00185986817215916,0.00188824597997534,0.0021574841721782,0.00184593725107679,0.00198863776170285,0.00343445424181551,0.00250012272072683,0.00220470183086366,0.00314599710246064,0.00279022959026057,0.00201151470540607,0.00347983601314616,0.00177926472276786,0.00178043215363858,0.00186702000503065,0.00188061492005873,0.00184102184954347,0.00185226972865191,0.00173018455596785,0.00167874687180585,0.00297412017959281,0.0017631690471175,0.00191872679248153,0.00180163354742084,0.00302874075065816,0.00277507052438285,0.00249809979807759,0.00146272154899188,0.00300104839473028,0.00305987745872868,0.00320732456461461,0.00183699470406024,0.00237413491979347,0.00180097721702025,0.00148356632698892,0.002508140774908,0.00313357836874978,0.00343732663039628,0.00368703083173021,0.00337957526339386,0.00143110168898774,0.00178324731270621,0.00170811615535139,0.00303285821284672,0.00186463638229775,0.00197673054604919,0.00178403492913144,0.00168742022031583,0.00166297739835824,0.00170669864330981,0.00338426276308783,0.00180994141165429,0.00313727012007118,0.00258472389129829,0.00178562731209581,0.00140096144105946,0.00281838287193597,0.00261522851196001,0.00311033094333892,0.0032160070547529,0.00282367192084763,0.00300029824201616,0.00336964484571961,0.00352486784510479,0.00256806604239783,0.00186214684466174,0.00182756557852891,0.00223480888614934,0.00183120578137563,0.00261588470246392,0.00204714757363278,0.00190043154233437,0.00174192696366273,0.00266165416104821,0.0018592936727992,0.00326822276474899,0.00210055007352746,0.00181033434610058,0.00288166742930982,0.00308333843791238,0.00329305964724862,0.00295578236481724,0.00181087325710434,0.00334173748635827,0.00296959989392893,0.00189722959925837,0.00240222311454781,0.00190305753791168,0.00162930282646353,0.00352085466014777,0.00169501666287631,0.00140706860358204,0.00178466613637482,0.00271633178509344,0.00286869969006427,0.00283821519770035,0.00327874647150064,0.00337072241207764,0.00139438488797669,0.00177107014580988,0.00328086191705276,0.00308176986026637,0.00300400567756195,0.00180906726814513,0.00308410672442187,0.00233381815720937,0.00141142201861553,0.00341219797913877,0.00140287495547572,0.0017149520408681,0.00295284307988135,0.00261146794306048,0.00295790699917282,0.00217719724268378,0.00227725719227559,0.00185430643273747
"SG0001",0.00215966343411912,0.00143171812973742,0.00323814273589153,0.00145177350575723,0.00269676403465942,0.00163973451165693,0.00305792282912796,0.00143448524211826,0.00309559495936112,0.00187196716491029,0.00327048394746553,0.00173358619625192,0.00174278726648587,0.00197268977653963,0.00190354813202427,0.0018890745085271,0.00172588748948238,0.00168434578455388,0.00295165229143495,0.00174472447756622,0.00205728957432243,0.00170058933989189,0.00133682170764238,0.00253595685951193,0.00312760617968249,0.00302341999229152,0.00278796152619116,0.00336217011473837,0.0021292079562008,0.00127841991604896,0.00177775244008414,0.00261768545442877,0.00188176649652944,0.00192157490364279,0.00196300932137086,0.00188334444106677,0.00263548615811908,0.00320193180387856,0.00292456518867766,0.00321567924308737,0.00284700025516589,0.00186099966046268,0.00320450574630711,0.00181776710713167,0.00174878539077491,0.0017311159177266,0.00319594584542099,0.00193855729313378,0.00148390262532226,0.00148233102941188,0.00248186427699365,0.00183042442489736,0.0012784568616193,0.00349368949382147,0.00176391542881065,0.00341805241195788,0.00207007621026187,0.00382947028932305,0.00376664454546776,0.00131127893705983,0.00202915377529689,0.00169510405151835,0.00193250218319261,0.0021391234079541,0.00191399810689847,0.00283455660934572,0.00183548563015744,0.00171782856882401,0.00184452045077758,0.00175286677464233,0.00250444784777135,0.00277704988854783,0.00196773480948582,0.00170008543728879,0.00188801238804991,0.00331726744402603,0.0018703055520142,0.00164775737551531,0.00330261273500271,0.00316816906183315,0.00196278971149536,0.00170614787226145,0.00186309180315338,0.00146179105957682,0.00303571419583455,0.00135560638314943,0.00320188982290385,0.5,0.00285626197847043,0.00291140031617313,0.00306635292210076,0.00289008419774362,0.00332356045861946,0.00187102116264586,0.00186661292773792,0.00165292511193293,0.00193171078744945,0.00197115500430715,0.0020677643247847,0.00163699252121918,0.00241862457132456,0.00195481011044837,0.00178140807454575,0.00191242896705025,0.00176882727706851,0.00198381118954757,0.00301934601662621,0.00211044743930147,0.00194788676417528,0.00387194029429041,0.00317643806032455,0.00186547093176562,0.00313445857248905,0.00192582034378718,0.00173484391981539,0.00192470188004823,0.00195033054726371,0.00180767803509042,0.00179235619722241,0.00160883190894439,0.00169150165585338,0.00325883365155511,0.00170327483530298,0.00200370168297953,0.00164838780239282,0.00254503340548003,0.00327417487362873,0.00298363218878449,0.00163370222541604,0.00351013524075577,0.00256584227674229,0.0027512442215969,0.00173735870331182,0.00199692793577596,0.00191648956933157,0.00173889966501846,0.0027971610333204,0.00318920875133297,0.00292553463672673,0.00344674140149835,0.0030411279260324,0.00145328141848134,0.00178545927461016,0.00128127954597507,0.00302326326562434,0.00183120093176505,0.00193372636311363,0.00158927270012562,0.00174124911492609,0.0016784035140076,0.00167396264524118,0.00250631774025047,0.00187447217572131,0.0025345599152726,0.00215618826060259,0.00194847225958619,0.00148863688267575,0.00335357960783879,0.00295956313076731,0.00372866102657331,0.00372142856714553,0.00324679100175593,0.0023403667531647,0.00329742309580688,0.003344479542829,0.00319510865729335,0.00184053268049738,0.0019258660817465,0.00212981487346035,0.00205858055558713,0.00196615248521304,0.0019761749335671,0.00203869720737284,0.00163549384545348,0.00295416398974582,0.00218964352980181,0.00381867158862913,0.00167121449881309,0.00183863907817363,0.00343702162373976,0.00334871760631874,0.00378128440923206,0.00340028972663501,0.00206001014278724,0.00343812606353956,0.00310086488818407,0.00188318879464535,0.00285231019607408,0.00158105796263221,0.00167870240318849,0.00283356115142877,0.00177410453355955,0.00174538823645928,0.00178071785461845,0.00259182667201371,0.00341208831880075,0.00297976359520197,0.0028133540604414,0.00303943818290687,0.00152039838621563,0.00188531078331571,0.00283435395674648,0.00307002042246404,0.00337820038835492,0.00185352794296649,0.00273663028259928,0.00256401165071269,0.0014669727505489,0.00313244167527049,0.00148270789650841,0.00144303783916678,0.00318228191751143,0.00309079305145947,0.0033819803814183,0.00153228488987007,0.00208606639931899,0.00207768161472719
"SG0002",0.00228336179835011,0.00169427073608409,0.00272215932105402,0.00166613297009002,0.00322014119257993,0.00162135766635144,0.00217633646288387,0.0014103510089323,0.00175222835465887,0.00200154839900977,0.00223456783206502,0.00185720758124101,0.00186323474157495,0.0022092100238299,0.0020248385715566,0.00200769282518255,0.00181962610989167,0.00146984208899082,0.00312604383741772,0.00162135728467404,0.00189799912163907,0.00144317462916907,0.00144809514027325,0.00407591730618894,0.00376306410147731,0.00234322644040569,0.00179798791066558,0.00229197011196443,0.00214037915662008,0.00140616685910235,0.00191087328124575,0.00206293691965852,0.00192777339712364,0.00201711633860153,0.00209658900937773,0.00201695577109898,0.00177396149634178,0.00210640408558015,0.00253247331144871,0.00222740889797504,0.00357989474977735,0.00168524439873457,0.00299096928543278,0.00170103540928163,0.00144489647893927,0.00159338057164818,0.00275511468020195,0.00366051666784106,0.00257397517057206,0.00149894597973201,0.00349917404143068,0.00166291813504094,0.00146529212715727,0.00250206319316536,0.00170219852167618,0.00347789585330393,0.00221980958270621,0.00298285725578007,0.00299158280762091,0.00143037568722923,0.00201073860752542,0.00277146480020168,0.00276005215833176,0.0029920668001533,0.00204441646116754,0.00272513841744372,0.00302895229126353,0.00168181848271613,0.00172283556696585,0.00264857818391673,0.00324566664639934,0.00379324124025385,0.00256344658466759,0.00146360466521419,0.00200077546941953,0.00253643293756685,0.00199986222618446,0.00199575460963783,0.00327444072354025,0.00235788133544519,0.00209556747480765,0.00183551160745931,0.00199218295126883,0.00172087025417783,0.00195101816684607,0.00149276716254927,0.00313413969159382,0.00285626197847043,0.5,0.00197852898289311,0.00203481245857921,0.00202922821403376,0.00227670430000799,0.00200628272820717,0.0019850679766765,0.00169512039613105,0.00248651919322529,0.00183109358566584,0.00356243048371562,0.00312592595983795,0.0037803966387462,0.00184208691049386,0.0018483401159566,0.00290219044391709,0.00189811623291193,0.00296833002964679,0.00298919847001653,0.00360213939887881,0.00289635095720014,0.00280591023852333,0.00234172915493849,0.00184682074506673,0.00283435332443028,0.00177116762883794,0.00180641504115749,0.00205505326326686,0.00207302324306253,0.00192438509600202,0.00192519569097447,0.00170231684111465,0.00168892821687007,0.0024428784743158,0.00176534413382341,0.0022549838588763,0.00176025202758841,0.00360862948977801,0.00230573881874865,0.00202273465905033,0.00131847880215191,0.00246540989855306,0.00415405837352417,0.00292400009888175,0.00177310480757538,0.00361684973977087,0.00182587157460339,0.00163976384437084,0.00198058870491075,0.00252241159651252,0.00278506187167882,0.00334518725255319,0.00276915871372623,0.00147771179088635,0.00176517248544184,0.00163300222710044,0.00239079931216233,0.00194839734302181,0.00202103875858733,0.00268670669209209,0.00167137833830675,0.0016334678521697,0.00165478019066387,0.00283928144826389,0.00182352076587149,0.00368231089757321,0.003832889495018,0.00175954442172329,0.00162761396565799,0.00228765261602464,0.00231594380203471,0.00295670280448676,0.00286576830214471,0.00225665019186302,0.0037384817327528,0.0027348943240253,0.00309264544151792,0.00231927128023563,0.00196922574717638,0.00181266549403011,0.00287328486414884,0.00187583662650279,0.00364445137831304,0.00255646119956732,0.00262618844755218,0.00167230103677691,0.00225983671256013,0.00235825544462135,0.00307510719475911,0.00316854430997661,0.00183607884728416,0.00232766717062325,0.00245119113476202,0.00292391120108099,0.00251400883342826,0.00193354122091637,0.00283413212338909,0.00239172577297389,0.00248922381629265,0.00194526170419913,0.00170155260312095,0.00145159885512411,0.00282469527539034,0.00165472867948051,0.00126379638646125,0.00176024143829871,0.0039560340917769,0.00215595411008913,0.00220629689431601,0.00362188974777706,0.00328293589714975,0.00144854955550369,0.00174943120404841,0.00335715002482684,0.00249342265781334,0.00243523975682609,0.00180469921933182,0.00438827963623967,0.00184716777875529,0.00145268863370764,0.00277671688617372,0.0014390840110789,0.00167235757871214,0.00237355992740531,0.00206298518243973,0.00242803716361839,0.00284752412916855,0.00305135428512153,0.00190199549248779
"SG0003",0.00159958436714832,0.00153829255506761,0.00292944893083149,0.00184025392749859,0.00276366837388931,0.00166230510225583,0.0045087224086306,0.00219672685261614,0.00492107028018675,0.00134567930260994,0.0037438900094713,0.00119326304837313,0.00118530303039401,0.0012041587696947,0.00119950523544151,0.00138558353938907,0.00132803582841173,0.00170330164967288,0.00232288574450279,0.00154940645652723,0.00137421654888988,0.00137658483928767,0.001206148181121,0.00258851629745035,0.0024256384191102,0.00362333154386091,0.0050964853286616,0.0035651384862477,0.00164715381462046,0.00118828111541641,0.00119841834753958,0.00393334632244837,0.0013448592319596,0.00119483879010356,0.00148596474174221,0.00119819206249291,0.00392776805331296,0.00450134001631543,0.00388719383859149,0.00403272369239725,0.00248848197428287,0.0014064562493203,0.00246859186332887,0.00139421575370379,0.00160171911240508,0.00122726248833968,0.00237834343663626,0.00173256581915252,0.00158989957857046,0.00185919948090998,0.00198055395536964,0.0013820295502574,0.00118047631694452,0.0031291880687239,0.00164588867267708,0.00260674685394767,0.00152893012607722,0.00316206392365837,0.00371870643158633,0.00120220161066852,0.00137316401972001,0.00267871118402369,0.00257886152764833,0.00162697103689486,0.0013462044431462,0.00350699671370671,0.00156359796432492,0.00163594810886664,0.00161587098887462,0.00198677831553477,0.00265566247840483,0.00250220797679634,0.00151077997322813,0.00233463446026655,0.00134110901747674,0.00279632452445812,0.00134569015754505,0.00214122417883192,0.00274570712195753,0.0041251515032999,0.00148587891310707,0.00119732889554442,0.0014835434756546,0.00132792077335888,0.00601702463542942,0.00120324555936439,0.00248977515134296,0.00291140031617313,0.00197852898289311,0.5,0.00511267675013504,0.00357464910949289,0.00372347637623791,0.00125697290008598,0.00156824075845704,0.00135780059373429,0.00150794400502104,0.00141113179197147,0.0017303092549152,0.00155006454433965,0.00304428101277078,0.00175152442024275,0.00154430510531358,0.00203646936723858,0.00119670271440983,0.00260397935284109,0.00265843771583823,0.002881891165501,0.00206927258790749,0.0029540970928583,0.00422097509444562,0.00145155888453993,0.00277042726422219,0.00141875274506852,0.00213119288184066,0.00148467749760679,0.00120069178428843,0.00119046945463553,0.00119500044850467,0.00198556568441024,0.002044214910313,0.00382785371972614,0.00167121668464471,0.00151996702582164,0.00125236135268387,0.00242965731497583,0.00335828350246934,0.00473703693883375,0.00177913535184324,0.00359049317347045,0.00192780342137854,0.00278915488947316,0.00190727552350495,0.00360913266314893,0.00136082287563324,0.0018868824710726,0.0033450757869365,0.00284834646155608,0.00274302763108542,0.00282159702036812,0.00250615647101346,0.00257833082907643,0.0016808702707511,0.00120599002316849,0.00262687384963966,0.00119281799581465,0.00243954535929828,0.00351711538928976,0.00158350536938095,0.00162822302547568,0.00170169706278677,0.00234093234880086,0.00139621102229666,0.00209992498629963,0.00363546162952269,0.00164968752866284,0.00189337518910744,0.0038434004365976,0.00362726758102076,0.00284786203379019,0.00302646688947083,0.0032750121575134,0.00233296490173144,0.0029068278734465,0.00236014924399469,0.00383413773304325,0.00148332578814867,0.00136957421336132,0.00167895570120403,0.00166795379119972,0.00167994496836687,0.00196606328098992,0.0015247954554572,0.00124984679418671,0.00432298319887787,0.00158527182378431,0.00282562723627456,0.00157505533296347,0.00217029281764865,0.00403014149567715,0.00281508604609339,0.00316298132944362,0.00335217499556304,0.00139330859615478,0.0026637773842673,0.00328029485945825,0.00217429589895989,0.00495607629092551,0.00161613379331664,0.00225271076314017,0.00286313070880389,0.00162095492192742,0.00182071841287232,0.00138549882349054,0.00180804378406568,0.00366311205862125,0.00333214980429937,0.00212329683649538,0.00229323721106136,0.00159079847178465,0.00181110339962001,0.00246582693207871,0.00324125896928327,0.00325404656099098,0.00162203088475653,0.00180255371894783,0.00389604263616336,0.00136534946610268,0.00277341119277854,0.00122999142926094,0.00122389984811213,0.00303313143122847,0.0052798098118763,0.00355182059308338,0.00168586558541208,0.00204829026354927,0.00158125677483359
"SG0004",0.00124951172021801,0.00164780505104164,0.00341895761161381,0.0022257083715961,0.00241881133983083,0.00143184829654272,0.0040046102944254,0.00152220950631172,0.00450167056672482,0.00121961848766064,0.00393703233968343,0.0012135523085385,0.00120879492808478,0.00121591457782534,0.00121429250764518,0.0013485049960643,0.00133227007918936,0.00234912608609137,0.00244884024115123,0.00141563581474928,0.0013496073061849,0.00142653459443851,0.00152567573813829,0.00302832850713643,0.00232959475987848,0.00359061190966273,0.00428990392936261,0.0039216838883866,0.00151883823459021,0.00123475491304532,0.0012153616162813,0.00375942982872703,0.00122758895302814,0.00131791850220072,0.00121801416991556,0.00121320890238537,0.00401537610657799,0.00409358975913674,0.00278312351582664,0.0039715373312538,0.0023109058363929,0.00145436039781048,0.00257063288791591,0.00144737270276193,0.00184151795536899,0.00143899659637945,0.00269224829635066,0.00199403182214048,0.00166386107034851,0.00173069741006305,0.00177384794512133,0.00139882836385747,0.00135394531493276,0.00326426605682509,0.00151490459506869,0.00254081176793654,0.00137105408926589,0.00314333915927807,0.00353542762118692,0.00132549903678817,0.00142144109457749,0.00204864136748141,0.00177706319679174,0.00169362607276349,0.00121910921385699,0.0029674822687341,0.00198662985778126,0.00142299478226017,0.00140194440794281,0.00216273371850984,0.00214817498632318,0.00388013965598496,0.00171123107223774,0.00147743615505863,0.00122893530276196,0.00299762550766102,0.00121966035752802,0.00182979438012179,0.00242832833836672,0.0039082874540384,0.00121799604368207,0.00121652905704362,0.00121934483965607,0.00122601115599019,0.00486757807695462,0.00134783603036837,0.00420124867281595,0.00306635292210076,0.00203481245857921,0.00511267675013504,0.5,0.00404996371597174,0.00415942873790192,0.00127221675901176,0.00141406086271841,0.00138009440710867,0.00203237288481556,0.00141055147111334,0.00213549481688108,0.00180074366785438,0.00213365835795836,0.00193216215700488,0.00140317942875166,0.00243792870150776,0.00121385985338143,0.00262547310521257,0.00263481713270994,0.00210045501911772,0.00225118874185713,0.00311116190985276,0.00400356066286669,0.00170825100392232,0.00265363308735205,0.0018385503999822,0.00125473414151894,0.00121865109320027,0.00121494499031835,0.00120991926456425,0.00121142854884323,0.00142180497349543,0.00138869055811649,0.0033117908772587,0.00177184621543152,0.00136246330657218,0.001242505813475,0.0027065304361976,0.0035039580053792,0.00406991599344473,0.00222991825096365,0.00326622190081729,0.00201584747967751,0.00320898256810567,0.00137698504422395,0.00202895027819747,0.00136179701674593,0.0019468895698451,0.00390662137868453,0.00359525999024501,0.00260199289357757,0.00326827127966958,0.00249774753287539,0.00171354489522626,0.00140744294520545,0.00143414507855152,0.00289239209781034,0.00121040483938077,0.00151962682613678,0.00174578284660944,0.00146990783975031,0.00146861769844533,0.00145226872860452,0.00247790041003693,0.00174214292493766,0.00226106298204201,0.00233807692210471,0.00181381788816625,0.00157348719818253,0.00435064091296879,0.00357647404140281,0.00297216869451389,0.00290142854212581,0.00385858931763451,0.00393108569089805,0.00330262799444134,0.00249883510310065,0.00378632221090491,0.00121950644415861,0.00139881823004112,0.00175138233886454,0.00143477735503181,0.00192528729332465,0.00178769303273526,0.00195610177263741,0.0015096937651695,0.00366245568109855,0.00137355521819779,0.00296626151511964,0.00183301669344837,0.00138850770687136,0.00319278125025339,0.00297218681574666,0.00290053104869785,0.00294622288767742,0.00140256292984799,0.00280781468708932,0.00324002558548921,0.0018209904009852,0.00413978050135243,0.00150891189185107,0.00174037462565104,0.00312353715474339,0.00143279015060564,0.0015394078710141,0.00140409575632494,0.00233059844982381,0.00339852139336665,0.00370194057953974,0.0022449616436035,0.00248583569903617,0.00196950064688201,0.0020933554794032,0.00272037748310291,0.0031997429508045,0.00341366940481346,0.00150447036556771,0.0020148629214462,0.00416587155903828,0.00141176026242619,0.00272984207983037,0.00173867132699382,0.00138469528673292,0.00302822888625602,0.004435714824743,0.00404652809489686,0.00253477301850712,0.00210201820074314,0.00124319587682932
"SG0006",0.00125916575388224,0.00215578241547564,0.00257695165501552,0.00144275589903828,0.00244663645772127,0.00134764735613072,0.00358776347123254,0.00158257214058998,0.0046555872925597,0.00196033128272839,0.00357388486633701,0.00189587230299906,0.00188151734108408,0.00161002767637819,0.00183033295181669,0.00189862692649499,0.00192876347589034,0.00141076035800461,0.00219133035766161,0.00131152827531966,0.00129454973352345,0.00123199832904854,0.00241030887850972,0.00208445391501486,0.00210762083792317,0.00417473927369995,0.00525760841915176,0.00328366292406751,0.00143104611733891,0.00215678868871906,0.00192732395492114,0.00429731420657741,0.00132663514425745,0.00168356995452262,0.00195088583506613,0.00187239442886007,0.00342339049319772,0.00345429467654212,0.00270394007139978,0.00339552169874176,0.00206501595274677,0.00121610712794598,0.00256849147193925,0.00123395151829588,0.00122560302158235,0.00122145802741003,0.00241645038579251,0.00261185734998087,0.00229500493239334,0.00142294947964206,0.00202442927750449,0.00128296871737774,0.00203113942093791,0.00302041144827968,0.00131768491066056,0.00236277350665864,0.00123923604525566,0.00289012385248756,0.00343441148907301,0.00245038066078041,0.0012258241146437,0.00181914132444741,0.0014760187247201,0.00262539347174015,0.00195637905715409,0.00279120297548225,0.00269275965196367,0.0013536508079448,0.00121451933579843,0.00368206426368033,0.00191567202206072,0.0019645870713982,0.00146008276349483,0.00133835369832251,0.00192548958559253,0.0034672041588632,0.00196054619449622,0.00257727701923189,0.00288949050517291,0.00406118319522103,0.00195086236214797,0.00191708877433879,0.0019595031648252,0.00172277944345244,0.00357369585120488,0.00247724819883004,0.00257735273409449,0.00289008419774362,0.00202922821403376,0.00357464910949289,0.00404996371597174,0.5,0.00345427479058882,0.00204492872881077,0.00139493325989917,0.00203881288448494,0.00181922936260305,0.00129017806112456,0.00170942425183172,0.00208111474470336,0.00202142035408414,0.00131107995470484,0.00195529432351158,0.00162006748803177,0.00190546623252828,0.00245327109892521,0.0024083862363987,0.00180184793061134,0.0015974410801105,0.00287408510829428,0.00354908384220143,0.00237860847436914,0.00249260160517712,0.00121738067531596,0.00131439129594022,0.00195394335076286,0.00181489416768428,0.00188581242679846,0.00191174690670849,0.00199847413350291,0.00129393616682884,0.00372872099872065,0.00145599372075506,0.00163897432988735,0.00192910712500122,0.00203962640438984,0.00329039830528169,0.00351050428235622,0.00135209063328449,0.00486239458386449,0.00232338820343964,0.00493223414546601,0.00147067715485642,0.00186232042836034,0.00121663331802896,0.00160815536987295,0.00453864915391056,0.00264106073978516,0.00345338149343197,0.00238893738204667,0.00325793983337869,0.00127502529977355,0.00214329378148317,0.00214021124324902,0.00384201128234205,0.00177835726612192,0.00146882814597551,0.00155943588459543,0.0012099034477665,0.00131810493686172,0.00139147440005213,0.00297461775267904,0.00121644112775828,0.00278989891505881,0.00199329922010751,0.00129342115107832,0.00208933873156153,0.00343989990426452,0.0038766839460232,0.00286924743378843,0.00354472314569733,0.0033171746386112,0.00193403874482754,0.00255423796552832,0.00283928058560585,0.00318945190083366,0.00196165847358282,0.00129790437224133,0.00160151167661054,0.0013380042927146,0.00265431755208109,0.00223898677954075,0.00147337702008997,0.00166703917328353,0.00395976469136834,0.00126216631114061,0.00283314108588156,0.00171699561912487,0.00124194066934164,0.00286342548167887,0.00353064261146582,0.00301218753712572,0.00369792171777382,0.00122182526134788,0.00267329938851203,0.00390189863233695,0.00157745122129141,0.00373704796246403,0.00197418609012242,0.00133660764652403,0.00289000142684612,0.00136457404323558,0.00141780740510614,0.00131256269039625,0.00163477166715476,0.00287626880412934,0.00435951740063741,0.00210502644883556,0.00221359442905709,0.00404455556455611,0.00123077262738409,0.00219378103112114,0.00257611908156002,0.00366893266438383,0.00130004890110633,0.00232127634872302,0.00462347092722858,0.00121968257774443,0.00339413543315543,0.00121901224924557,0.0021208814173702,0.00276099080820138,0.0040768870071993,0.00323810771087949,0.0019872800504077,0.00165760645100324,0.00123665664220594
"SG0007",0.00169725318638846,0.00142686134558327,0.00313828230336604,0.00186722521337395,0.00275834844391465,0.00187821824345685,0.00373786017701526,0.00180537608625072,0.00374119954758192,0.00140210432838133,0.00395471626405229,0.00160982789441108,0.00160524143384914,0.00164825103604565,0.00159101423395999,0.00172505180610164,0.00165281869681884,0.00185450527115944,0.00276455905088089,0.00191486985980051,0.00186593042264604,0.00192043560390128,0.00134393768774127,0.00247894108725737,0.00250916192024683,0.00342765691144342,0.00337713288166075,0.00385237894300379,0.00172147170808548,0.00137007852182448,0.00158996070059549,0.00315818443652017,0.00169388439892887,0.00166650180359132,0.00140389574642305,0.00161385462634319,0.00335684029656586,0.00392795840877926,0.00266718789786724,0.00369906598526578,0.00278024993757689,0.00201559596552787,0.00303302519045512,0.00185670843678733,0.00193082726566999,0.00180982335067969,0.00302339691720457,0.00223731749561594,0.00186308223394033,0.00151502385322585,0.00209422634093382,0.00197769706546966,0.00171330867951319,0.00347124134697718,0.00185423392179339,0.00277297844363489,0.00167962067645312,0.00327983955012149,0.00352025123312834,0.00131400994412494,0.00171012525602165,0.00168877641675119,0.00191037816909442,0.00219123229955147,0.00140325944901972,0.00261627750719006,0.00176225682464857,0.00192465759066766,0.0019702666306076,0.00207850927957922,0.00246453070134076,0.00273639984674684,0.0022772686125598,0.00168795923167358,0.00143009434847843,0.00314862097007545,0.00140208532327504,0.00201871383180948,0.00252585167037418,0.00354006437234532,0.00140381688119046,0.00161098435285532,0.00140098312874593,0.00169309124015729,0.00343501225826027,0.00135904758589343,0.00282159539041833,0.00332356045861946,0.00227670430000799,0.00372347637623791,0.00415942873790192,0.00345427479058882,0.5,0.00166945788312328,0.00167748430265051,0.00174466102960792,0.0022241080064856,0.0018938700127875,0.00237602285529921,0.00210012129358537,0.00208438814515288,0.00187618906351841,0.0016263897324469,0.00220264509604371,0.00160864832198653,0.0020781010697788,0.00296281261919375,0.00202457611962864,0.00216653838137824,0.00338367932717528,0.00368946261061853,0.0020264737864954,0.00312986181103222,0.00193014498211358,0.00165422324491398,0.00140275798738992,0.00159004072502833,0.00160660538259185,0.00159758155855821,0.00162710562304109,0.00173697616012886,0.0034977106815015,0.00181739753590742,0.0016324205125211,0.00163064240662168,0.00255808305640095,0.00371162033958936,0.00352695914367129,0.0018808469943239,0.00357113651546931,0.00233805806927615,0.00289927098467323,0.00179782960133836,0.00184719290905613,0.0018266737016775,0.00194516819289191,0.00332310401777579,0.0032099002996201,0.00264801848649475,0.00280876910024604,0.00276708839902707,0.00143128245403994,0.00179258492290831,0.00162300829669048,0.00276487084962193,0.0016220762202912,0.00158679086893413,0.00155451326625321,0.00178733312333671,0.00185815448497553,0.00177720314972204,0.00281692864364162,0.00175930359935272,0.00239045661497377,0.00196977278665911,0.00196941063590646,0.00150440441051694,0.00394785089094532,0.00328848412363665,0.00315832930422842,0.00294967820314589,0.00373618972977376,0.0024937566729728,0.00327069033071345,0.00281409845188044,0.00346194143653614,0.00140030029461988,0.00189359289207248,0.00224822175258731,0.00186222826208047,0.0018849619052013,0.00215963722192699,0.00231414863133153,0.00187669963350207,0.00297899477253798,0.00144878320672619,0.00314566674734361,0.00212527386189292,0.00166780846534581,0.00299734288904619,0.00315797410710492,0.00320612360813744,0.00296302715573394,0.00183208250922763,0.00303861960496809,0.00310161011867946,0.00206605745963128,0.0033813190369146,0.00188066916855558,0.00179001886270842,0.00302846912144772,0.002040952678802,0.00196986300844381,0.00181626665554281,0.00215024577330546,0.00335079440870528,0.00369818426020776,0.00252715199669957,0.00290529423455253,0.00154517946938246,0.0018992096402405,0.00278412464826753,0.00302521676753823,0.00368050956259394,0.00184814709655535,0.00228120185072732,0.00313609141774147,0.00178137110619398,0.00269390341327162,0.00185684336014038,0.00145463748686719,0.00298388960139035,0.00373169474446025,0.0037235399826524,0.00206703844800138,0.00217043498982851,0.00185154348823224
"DU0069",0.00202946951938506,0.00216719518567324,0.00174027660557533,0.00177607114820855,0.00123946748653247,0.00169025563911146,0.00170968714994298,0.00131131156169794,0.00115987359621245,0.0024316806830565,0.00164136796043069,0.00235369669011833,0.00233085742472617,0.00223981259274282,0.00237829585234606,0.0973765304520746,0.00228780975234162,0.00564601148488218,0.00169132889133831,0.00162122660918018,0.00198734716157792,0.00151090358001125,0.00228441814809361,0.00165110844750809,0.00201504305811825,0.00212891883731605,0.0013052706505227,0.00165080737274669,0.00400076153953017,0.00219053684899489,0.00242799237850488,0.00223627484546581,0.00211331154447019,0.0022499481851488,0.00239700304993809,0.00233555070717182,0.00144819456324376,0.0012708553544657,0.00114688120089024,0.00176053984240314,0.00157559887527996,0.00173605740322717,0.00180301545204917,0.00180308870804624,0.00133336557023762,0.00167928464378873,0.00140665122508202,0.00191514117637056,0.00203677532243451,0.00137116141711597,0.00179225899165266,0.00168643280607718,0.00207969494448731,0.00183585308896696,0.00181931747311606,0.00199090769329492,0.00208933728581163,0.00198656449227203,0.00204653196845463,0.00232885698972563,0.00200465552994908,0.00131686813763918,0.00162642067146013,0.00182985820352304,0.00243265483410331,0.00140530186125435,0.00198380006333207,0.00172448057175188,0.00175732043663079,0.00119186806094615,0.00124191788733716,0.00137286845544807,0.00123483024532251,0.00128897326506603,0.00234279380314658,0.00196744042850153,0.00243172492520391,0.00224140503853869,0.00216116554450137,0.00217108197266801,0.00239753362489415,0.00236010273876179,0.00242874180246454,0.00209710484355654,0.00137634479244642,0.00229794803458359,0.00197241884121557,0.00187102116264586,0.00200628272820717,0.00125697290008598,0.00127221675901176,0.00204492872881077,0.00166945788312328,0.5,0.00223096058240749,0.00207357646953423,0.00117797185308477,0.00193239096911849,0.00130249361795413,0.00166198579915352,0.00111649153431846,0.00192152315148397,0.00236142226880967,0.0015651687025219,0.00240118286195416,0.00116848361595238,0.00122506418601329,0.00117807377857319,0.00160525556937846,0.00188291194448283,0.00191718959677933,0.00203298812436344,0.00162315146708631,0.00186721725602146,0.0019724869198846,0.00242808283256293,0.00236166874273119,0.00238121258479853,0.00242097941181934,0.00211465158276872,0.00187439826530864,0.00209457716892174,0.00186736393372504,0.00224283617045392,0.00226398967234806,0.00174820373865304,0.00193050366753348,0.00120306818243095,0.0017486347537357,0.00166474679919826,0.00204854803066708,0.0012273488859477,0.00185141807160142,0.00108179528820732,0.00192911781915333,0.00133039714499716,0.00215500346277699,0.0014064008355651,0.00212430385909934,0.00202185242024959,0.0021629443773542,0.00132397194204185,0.0018619953109518,0.0021041498590738,0.00218018747828576,0.00236760413620151,0.00199304401439152,0.00104552548465689,0.00175768381719252,0.00172703668920466,0.00170777500827464,0.00179686005414498,0.00195104891881408,0.00198954144357515,0.00110600236552311,0.00183566936267988,0.00233434794829396,0.00169240018441065,0.00232113756511522,0.00203631128601146,0.00229987465702591,0.00140907780557808,0.00136566263853695,0.00161062766546295,0.00216119902613726,0.00190613706301222,0.00242875827333967,0.00190542721237618,0.00165305277179388,0.00191928135125564,0.00198471855021267,0.00156252557917523,0.00115777691663245,0.00152856525003238,0.00226863466178914,0.00213200017643157,0.00197268251385181,0.00141229515476378,0.00187154103663189,0.00121285499630117,0.00203936205783769,0.00207755855597322,0.00198966372101861,0.00195962445737981,0.0019268661807154,0.0020613284930158,0.00136726084887176,0.00118735203990073,0.00200199863326227,0.00133362040169888,0.00168782123581742,0.00169925451847453,0.00148758467370486,0.00186112690123976,0.00187605966867958,0.00123780375816792,0.00197471415130275,0.00191692690046401,0.00169556879907228,0.0024976715343231,0.00185053884721776,0.00167958487419037,0.00126207347308592,0.00193471282171129,0.00192665543892111,0.00210093425872609,0.00223119259958602,0.00153173738619019,0.00209967744879472,0.00148047504311348,0.00215692062620787,0.00165954504157939,0.00120584350061745,0.00180151310880616,0.00172026570452307,0.00158017672442307,0.0020185083196352
"DU0068",0.0036800277385832,0.00342590793636575,0.00175890538703519,0.00344866669262147,0.00132046696623005,0.00334058709262026,0.00163691095139343,0.00131381850957347,0.00116720583241156,0.00371186427095257,0.0016107433640005,0.00365070328113627,0.00365669187769215,0.00377511237857678,0.00378371026983805,0.00224227606572275,0.00357319983707805,0.00141910129376102,0.0016909824350754,0.00166026644761154,0.00358143878835849,0.00167589088608972,0.00323852601984656,0.0019788827767782,0.00218564375112536,0.0017646562697857,0.00112970949995591,0.00166189157249201,0.00179176437693829,0.00322995532310577,0.00369306369034376,0.00169225349868584,0.00372871073957428,0.00374442306933766,0.00371670183389044,0.00371913589508098,0.00144417565521362,0.00120921229556145,0.00114751710737333,0.00176026408996583,0.00165413652298149,0.00338502663542261,0.00174098264176724,0.00181046547032432,0.00316281635389817,0.00337953180361197,0.00142362483968284,0.00179228853746471,0.00169183569531359,0.00324950830630595,0.0018329205348845,0.0033505852083118,0.00345225927853925,0.00180040884081202,0.00356901220691643,0.00197857355141806,0.00372968879639042,0.00197863057726599,0.00200620992909312,0.00323801771811797,0.0036616298627108,0.00118722212787264,0.00183554963452637,0.00138742172520819,0.00371558028339579,0.00174701853029469,0.00138973504010233,0.00336249491605044,0.00341406604491553,0.00131107779454124,0.0011914137665693,0.00139396903864147,0.00132030876672908,0.00294380162429332,0.0020093361738076,0.00166566983609201,0.0037117482546957,0.00172145870188264,0.00195946562936882,0.00188368901719865,0.00371649574756156,0.00362575744127259,0.00370795621294497,0.00356521291748663,0.00109869833771217,0.00378085971656416,0.00186607582551147,0.00186661292773792,0.0019850679766765,0.00156824075845704,0.00141406086271841,0.00139493325989917,0.00167748430265051,0.00223096058240749,0.5,0.00334562246992707,0.00137284025025148,0.00356590536173852,0.00134975633440136,0.00178625702082391,0.00114044630869581,0.00356130528495482,0.00366165239259776,0.00162197579838302,0.00368805395178372,0.00150699266826223,0.00137320212525361,0.00129398823114922,0.00166690126612614,0.0018774644379397,0.00184768989267013,0.0016979779759528,0.00162857114780332,0.00350159006520976,0.00353222633381144,0.00371377725373018,0.00377774932102757,0.00374030150122293,0.00371431815235868,0.00339045412740956,0.00344757572527263,0.00185174342492518,0.00351559907311452,0.0037865952642939,0.00186992086471935,0.00176491438185919,0.00188144570979914,0.00119278740283496,0.00344974084389244,0.00162362707734239,0.00190436062490847,0.00135562711553307,0.00341545704190934,0.00107795234310371,0.00353454445778631,0.00317754472621802,0.00143002897148288,0.00158818804721971,0.00165929593258021,0.00202903192717083,0.00189016422911439,0.00310256931070784,0.0034685890753325,0.00337051165627772,0.00144113160099747,0.00379032639634615,0.00185943931969623,0.00105102638340591,0.00341563362363164,0.00334845250462571,0.00161949548633486,0.00140471191226903,0.00357965420710372,0.00166859249611633,0.0010878947991695,0.00348653526305699,0.00135639854042524,0.00172317028982526,0.00203307160416982,0.00199564310899444,0.00197075230438512,0.00160452237967909,0.0015793552358002,0.00163868238238958,0.00205157178364544,0.00190780905655248,0.00370560141495075,0.00351781833731716,0.00172331224913394,0.00355564206279386,0.00165389680895973,0.001610513268342,0.00133282453964568,0.00338282041164898,0.00192047123760915,0.00377379901379095,0.00195006887654004,0.00158351165356294,0.00344945551537144,0.001170975007235,0.00168497239082796,0.00200439064507475,0.00186121859550001,0.0035830000663716,0.00189715161992637,0.00145099352223665,0.00154427620314635,0.00112007340047683,0.00175484196480535,0.00306019948850923,0.00165226998155536,0.00332316609668102,0.00133048922117326,0.00184699301216648,0.00190546830200738,0.00132948866658549,0.00140451717329982,0.00189425176589049,0.0017268542786577,0.00114641704352578,0.0034589698242939,0.00171321475639002,0.00153789789230538,0.00179665054390441,0.00354297344419865,0.00196815153515679,0.00143988695089302,0.00322414859895067,0.00169481551725352,0.00321605202929731,0.00188749452134108,0.00166173617943495,0.00139012315986265,0.0018043971459008,0.0016916129962045,0.00161845278768358,0.00362529594232304
"DU0039",0.0033824655449771,0.00389014042786954,0.0016995272311179,0.00343237040280114,0.00172684691108519,0.00344179922110909,0.00176164467808724,0.00170861009914317,0.00132591159035554,0.00372496603615603,0.00179797181663988,0.00356634740143491,0.00352580657773289,0.0033915813990323,0.00351235508257473,0.00196734387605011,0.00361779766614506,0.00137007973694874,0.00161095053336876,0.00167444234182751,0.00335569801088327,0.00147113964319255,0.00404826722294841,0.00168350025770178,0.00130036543808265,0.00216120870776941,0.00121094249473619,0.00173629410485274,0.00152224112634829,0.0038063415939127,0.00366551895817989,0.00227243814046107,0.00298985586007819,0.00341980007961961,0.00363281869803228,0.00350983619463392,0.00128880660707506,0.00173486555179382,0.00127539054628163,0.0016061636303502,0.00162392564849958,0.00337307392956937,0.00178561005414831,0.00132200997395892,0.00330020180948707,0.00315416482821091,0.00142457683018504,0.00199286381364941,0.00211251961033076,0.003242944767128,0.0016261053511538,0.00332544403559686,0.00364010180659302,0.00128149729473783,0.0033174329534706,0.00130484971800663,0.00302197108524213,0.00143643006950918,0.00146818443333659,0.00409968898258492,0.00299494228671361,0.00122391112222782,0.00138939546275676,0.00204742154593387,0.00368477216422453,0.00138851351559469,0.00220459852729573,0.00347132369231013,0.00329356650960302,0.00168603282197958,0.00168213416859352,0.00161510749185361,0.00137248227965584,0.00327468314543699,0.001981287027832,0.00211577663331849,0.00372664887707827,0.00226333564397136,0.00173967500446407,0.00177947624105562,0.00363350848144282,0.00365926668574511,0.00372841727076942,0.00346320845004104,0.00112332197043784,0.00393051493461531,0.00175130817923977,0.00165292511193293,0.00169512039613105,0.00135780059373429,0.00138009440710867,0.00203881288448494,0.00174466102960792,0.00207357646953423,0.00334562246992707,0.5,0.00169547466092077,0.00330521738921259,0.00136420903032254,0.00184369736990387,0.00129411227388586,0.00333004036932936,0.00369886415550842,0.0017174896789738,0.00359180757897467,0.00135448954499343,0.00175879124128595,0.00117853638833233,0.00172554629416567,0.00163461103737492,0.00172190110801231,0.0021158508865901,0.00177583859288392,0.00311629084175453,0.00294429468443567,0.00367027074646142,0.00350314876102143,0.00352339932909708,0.003612193852359,0.00363533745309897,0.00306971601819975,0.00170538554088257,0.00362109207663424,0.00341637047781171,0.0019985330488111,0.00173506830290566,0.00177007393007745,0.00129412969522727,0.00344591419655819,0.00169074127184334,0.00183078422141638,0.00165951347378558,0.00347758364981489,0.00113992668237362,0.00330199363591066,0.0034271358861323,0.00226027991345476,0.00172434206232894,0.00219996783262794,0.00143986980465712,0.00211278155578322,0.00307737359006687,0.00332297400046838,0.00385681878324534,0.00227503997211616,0.00347568133144388,0.00152599698923874,0.00109138180176012,0.00330296769897202,0.00340229640253638,0.00169889368861127,0.00196287587460729,0.00297521778599731,0.00210256848978415,0.00115250642462748,0.00333126937415943,0.00137132873407526,0.00159054215173661,0.00188409620703209,0.00145335118447002,0.00192574993855922,0.00173662685305209,0.00175521527948766,0.00169801823861662,0.00169226132239506,0.00130939649845044,0.00374666503807283,0.00332053972631922,0.00172627450346707,0.00335263982768512,0.00220737460949507,0.00170242055244517,0.001394343978876,0.00360489379421224,0.00185151179441841,0.00320271143516412,0.00145287309724541,0.00172758767267326,0.00308900830245034,0.00134054007394092,0.00207439437187187,0.00174561662907195,0.00143783091993634,0.00328915243874806,0.00143847862630332,0.00215815643797957,0.00165386829394318,0.0012564102587525,0.00197394518716753,0.00329137026464222,0.00182557689591772,0.00351179058188018,0.00155292883819637,0.00174164266928794,0.00160962369773234,0.00158456870459896,0.00216638868574413,0.00144378660546383,0.00165341038759133,0.00133903484142859,0.00328679373139437,0.00172917514670683,0.0016110465693325,0.00186746478900705,0.00339670264570906,0.00177674650835003,0.0023579196696404,0.00315886762593106,0.00217220912890393,0.00315605828855768,0.00216863249474709,0.00126955956290261,0.00143478663154299,0.00174205806165949,0.00168742133720108,0.0018454085986636,0.00336231188354795
"CH0038",0.00135850767631161,0.00152328406809197,0.00231997841712611,0.00193581191643599,0.00283142332826041,0.00202086205637655,0.00207726658354166,0.00202851864667963,0.00239080177759116,0.00116085395341476,0.00216834680842034,0.00149949148015098,0.00153325064922003,0.00118359892628516,0.00117144469944284,0.00129133802588776,0.00133361690260354,0.00224239062550644,0.0024845736714923,0.00205489181284295,0.00173247519010656,0.00214804305812356,0.00128165332141087,0.00280743547768113,0.00222175945896307,0.00142729184340353,0.00256810295970391,0.00219489201504652,0.00171633276358414,0.0016545960891742,0.00116957687472986,0.00133406295451732,0.00171811681917834,0.00135831484272625,0.00115994411576779,0.0011725115658729,0.00230163824571046,0.00224842026594164,0.00196266216193817,0.0020121519003255,0.00270660531152506,0.00192393686507761,0.00220333849022228,0.00193704949156642,0.00214101957761764,0.0020676724208599,0.00252421385695101,0.00337521855181035,0.0076936334472532,0.00181613854128143,0.00488814157049069,0.00200953699069203,0.00180043481269868,0.00201803084187963,0.00193169122763109,0.00199652215175251,0.00154406703032221,0.0018007527784896,0.00140979213022327,0.00122871888770315,0.00171732253070687,0.0059727952748421,0.00765976860459671,0.00341169168534634,0.00116049817766486,0.00225283812194581,0.00336509189593184,0.00205760488641015,0.00192662428654063,0.00744900482869454,0.00261865068370362,0.00300900663296435,0.00747912016432676,0.0017750405735727,0.0012416342347063,0.00200824308353861,0.00116088796753651,0.00170589484344798,0.00163750745135884,0.00150531738793492,0.00115990964503786,0.00130674268752316,0.00116082683167458,0.00173471867631539,0.00158121471758043,0.00132694404189667,0.0018488216439958,0.00193171078744945,0.00248651919322529,0.00150794400502104,0.00203237288481556,0.00181922936260305,0.0022241080064856,0.00117797185308477,0.00137284025025148,0.00169547466092077,0.5,0.00176845220329328,0.00404986811455387,0.00539427743052724,0.00315012879876538,0.00173056617862639,0.00117717878512754,0.00627667097076134,0.00130376074600324,0.00583284849112549,0.00266271008723163,0.00329794880587162,0.00618829563896822,0.0019404526605209,0.0019021600676415,0.00227737058533856,0.0024940590167043,0.00191530961297676,0.00138006454345633,0.00116044304491709,0.0011703360537235,0.00131515653216726,0.00116988730853639,0.00137013249685871,0.00178140038720865,0.00141084479185475,0.00181432643702989,0.00117797733527871,0.0012760093321143,0.00264194660845986,0.00203669928921313,0.00193621678148071,0.00201282998760504,0.00194276571933452,0.00288702454350965,0.00276878297369334,0.00168058657266275,0.00301541858830046,0.00177650616158551,0.00210938464314703,0.00149162306143387,0.00262432023428083,0.0016149887032016,0.00170288268402055,0.00156984753197657,0.00149817758222702,0.00173267330972787,0.00161570468507142,0.00162183327349435,0.001319667263036,0.00156856345165812,0.00552235411104715,0.0019184277992003,0.00205397242081605,0.00188980052689364,0.00251910995349777,0.00177971565856358,0.00248179682164965,0.00261590043690046,0.00187359549123858,0.00218014451580718,0.00212079643163556,0.00145654848743615,0.00178285276074014,0.00144897625776332,0.00244233266289438,0.00356648503127575,0.00243396579708608,0.0019400356524671,0.00191197557049534,0.00116061530817453,0.00185649436221995,0.00733527915326365,0.00170885535396503,0.00364949808926795,0.00775916360269087,0.00710108176264052,0.00206350680894906,0.00132271387220282,0.00119262982045217,0.00183517009217111,0.00531362604051638,0.00137947126604446,0.0020019590095978,0.00190127770479107,0.00149924943315832,0.00156242816790091,0.00176279706089174,0.00212193453916164,0.00146759375217546,0.0066791149370383,0.00168384374661957,0.00210598056078831,0.00189926632490246,0.00238107429971987,0.00207720840185839,0.00221381567196253,0.00181323704647065,0.0038048505298458,0.00235710716762801,0.00187159750855581,0.00256095832263693,0.00259516792914949,0.00219424716371739,0.00184671878084025,0.00266966017899946,0.00250012934125985,0.00192007241300423,0.0017967897032006,0.00250597839512734,0.00138100316930517,0.00211095909371999,0.00159587607826849,0.00213256784718794,0.00144352524496486,0.00225546840056009,0.00174460297744473,0.00212864564834009,0.00684537670560829,0.00589393334645637,0.00163119145013581
"CH0039",0.0036401141265754,0.00312648721458927,0.00176613890234553,0.00336806658506682,0.00163961882630342,0.00342659776583439,0.0017002962769133,0.00139141783609032,0.00210603219982021,0.00347187902466629,0.00189409291291193,0.00349119134631713,0.00348599258246473,0.00356168205568894,0.00349694107146819,0.00194155187349221,0.00346556963444124,0.00178381780125669,0.00176844969688427,0.00184634240551801,0.00377174131151129,0.00185879347167703,0.00302488975776852,0.00143704399961048,0.00190146080737463,0.00141627863528913,0.00123617684159939,0.0017895609893938,0.00196629236921377,0.00310537168356698,0.00348337406463206,0.00128221148858425,0.00358487993549197,0.0035437091297806,0.00347781658304882,0.00350688261486398,0.0015080279274698,0.0018712470837839,0.00133882231952047,0.00192229541800503,0.00195542304157069,0.00368746184303898,0.00182685190986402,0.00201887989810681,0.00366529711556898,0.00363311585991466,0.00190108026161092,0.00123494787684846,0.00142951106131985,0.00362251629614221,0.00202334241319806,0.00367795525942571,0.00340943304677202,0.00188677963336795,0.00351466298661642,0.0019342304913502,0.00367338168668613,0.00192434324215282,0.00192945441079587,0.00302318919807729,0.00365047712724383,0.00123095044347956,0.00160447912363253,0.001417326276855,0.00347614551991048,0.0011788036418957,0.0012156514862835,0.00347711031203082,0.00374060050843271,0.00138496215072047,0.00164801242665428,0.00191313278353122,0.00199147507699591,0.00334475967806771,0.00178871210304931,0.00161408065555262,0.00347172726893136,0.00128149931432834,0.00174705215475822,0.0017280181857778,0.00347762470002873,0.00345900887435944,0.0034681319691412,0.00338633555626728,0.00118601401045688,0.00306183991684255,0.00181316580164131,0.00197115500430715,0.00183109358566584,0.00141113179197147,0.00141055147111334,0.00129017806112456,0.0018938700127875,0.00193239096911849,0.00356590536173852,0.00330521738921259,0.00176845220329328,0.5,0.00172628201452319,0.00139252507155603,0.0013466809303037,0.00373578694965655,0.00344666864899202,0.00166875752633079,0.0034921994438555,0.00161538137840612,0.00176455384500015,0.00135619846620398,0.00169055974675078,0.0020080986471565,0.0018079363456647,0.00175645965783484,0.00184258966584876,0.00367069503594258,0.00345649261228409,0.00347470747145088,0.00349658554715507,0.00349117594518703,0.00348960013586444,0.00294607696815939,0.00338461200798349,0.00170914565503262,0.00318208092239919,0.00355359504167845,0.00173618844658694,0.00174548816027189,0.00194015479094624,0.00121534296621241,0.00339100956093475,0.0017597604768254,0.00180752561570044,0.00134990139099677,0.00348189515125083,0.00113067839416833,0.00368620628054048,0.0035685433811116,0.00122495773287237,0.00165954350071303,0.00126157480126752,0.00190477707480257,0.00143821665116543,0.00310385793522796,0.00357230561499947,0.00312894375781172,0.00123473485520923,0.00351768281410064,0.00186366388490504,0.00108377705529839,0.00351331217150795,0.0034041313844316,0.00172011165386596,0.00164087789283888,0.00365340692357905,0.00141647938674647,0.00114092081662479,0.00376274936227964,0.00147348817711336,0.00193841059612266,0.00183587346250583,0.00186500743507737,0.00174757673671306,0.00164922102599673,0.0016116836279954,0.00192283467604415,0.00180998786843456,0.00202810252196858,0.00346531440298712,0.00377416956211963,0.00193725615483882,0.0038705072417519,0.00122488624581221,0.0018095007704942,0.00190824804484401,0.00339490724198013,0.00168743636385685,0.00366882886743741,0.0018914457638763,0.00142006539478416,0.00352711684441219,0.00134479288639452,0.00163053727393968,0.00180682192319901,0.00183132098226116,0.0037460807382336,0.00187268931274714,0.00124235643090436,0.00161206517557297,0.00120727178037854,0.00175681254140284,0.00329976364161589,0.0016729079487533,0.00361267340662533,0.00190692642524893,0.00188628547994138,0.00192818358718404,0.00168412258791823,0.00138542668010184,0.00182636246198686,0.00200514502408381,0.00144625645157748,0.00356742758803646,0.00176006882151338,0.0015693117860657,0.00177371238085566,0.00358901581059943,0.00183102147017996,0.00124538017256313,0.00354972021152263,0.00140932833414301,0.00357397087633177,0.00133019060188751,0.00168058686554556,0.00180907077607451,0.00180631101756222,0.0014008862095089,0.00165231425259664,0.00381932454461622
"CH0036",0.00133078089702199,0.00131918013482673,0.00265852327008978,0.0014717785035397,0.00335982482636156,0.00182544209613904,0.00183867605112734,0.00156846842441157,0.00177032768381515,0.00120114995104573,0.00217347476587381,0.00141633864053716,0.00163872852042118,0.00134239486262371,0.00121300245685856,0.00131545932352697,0.00135458468109332,0.00267444123385597,0.00366513024255932,0.00274692625369692,0.00169049742781574,0.00294490800413131,0.00120941171405174,0.00348004543152434,0.00289220676195231,0.00172163643660786,0.00225975703834818,0.00199060719452304,0.00151971744953701,0.00207887742431029,0.00129572325949863,0.00153529266717525,0.00186333470231871,0.00136360860701053,0.00120166650152277,0.00132887637480183,0.00348419300418767,0.00222601433760778,0.002684450330789,0.00264450432550833,0.00373279378572727,0.00203442975023083,0.00289280072630859,0.00221928593545675,0.0024223376655022,0.00240365315934097,0.00338616898976073,0.00449183698362619,0.00313973212197492,0.00198823357131735,0.00395928586676177,0.00223803893616708,0.00173142720376023,0.00259074506649794,0.00194586185484673,0.00264307782129646,0.0016067527627477,0.00203677451470515,0.00172607782723976,0.00119136194469783,0.00187634754142851,0.00511885730914109,0.00321567321523045,0.0046535475680308,0.00120188000580314,0.00253899313805647,0.0039908746014883,0.00181079757184665,0.00212373263899541,0.00363376112037334,0.00304858925556942,0.00390756713556962,0.0051529702929158,0.00172240603179876,0.00134902645532445,0.00208309520277467,0.00120114017493494,0.00152821973042599,0.00222880860478459,0.00162646835404504,0.00120162238018083,0.00134533438597371,0.00120002744698101,0.00204417673733997,0.00191040762238361,0.00123683581815611,0.00237660926494216,0.0020677643247847,0.00356243048371562,0.0017303092549152,0.00213549481688108,0.00170942425183172,0.00237602285529921,0.00130249361795413,0.00134975633440136,0.00136420903032254,0.00404986811455387,0.00172628201452319,0.5,0.00446351316752474,0.00424956841312334,0.00142346450124621,0.00120948409068816,0.00425296490006017,0.00134368707449244,0.00379710595536154,0.00270125973237516,0.00464341948988845,0.00372752788178272,0.00204632944054444,0.00182475425088332,0.00262252621781029,0.00273531902362151,0.00192345311416003,0.00139331457056853,0.00120112871857952,0.00121101861830071,0.00134620181308233,0.00131157803475165,0.00123660331871997,0.00175803035918797,0.00184258878287103,0.00128772447130631,0.00121390872300469,0.00138530261314063,0.00313205260500051,0.00186245829801781,0.00198742470004833,0.00170718685964132,0.00196931322227072,0.00373409541254025,0.00292419321630369,0.00138872487014908,0.00436409005010619,0.00234580821365995,0.00167324373070805,0.00164742460098189,0.00290843686505184,0.00214466157564827,0.00230375808925415,0.00205675629151253,0.00137856417227575,0.00145718182813734,0.00136599974058882,0.00199670142682701,0.00133687885797245,0.00159437275401908,0.00381422560401806,0.00227582298521455,0.00215956598454037,0.00149576269341321,0.00271619062914666,0.00210885891583452,0.00315290462849891,0.00380013302537805,0.00171777856409401,0.0013967903205112,0.00245935161232293,0.00167492537907495,0.00197042018857015,0.00184939008214801,0.00273239297755387,0.00429675700043152,0.00268197813212015,0.00232131295764858,0.00215216317742816,0.00119929122173854,0.0017059042907314,0.00384292392050451,0.00144544539193691,0.00439208300599462,0.00315912535077941,0.00484788101118667,0.00151861583682643,0.00153618686132061,0.00123170901140736,0.0020534565419867,0.00498922978851231,0.00140195050614181,0.0021803948168365,0.00201038679562992,0.00189232735008314,0.00170974209540598,0.00169070497198156,0.00258072037132573,0.00180923347387271,0.00367963167248513,0.00183254196543985,0.00216096021008259,0.00148346431786705,0.00278162629018813,0.00180153799045874,0.00201213928031244,0.001616393630748,0.00466099298217608,0.00245502293803775,0.00187411642099373,0.00367236410759436,0.0031451823233199,0.00155136095260076,0.00151915716081653,0.00323748934093134,0.00291871897179956,0.00196169632322528,0.0014711497619512,0.00362662905168792,0.00153085312018106,0.00254129292779578,0.00210090566047726,0.00276642289640157,0.00139884326065805,0.00317818651060028,0.0021348619178553,0.00205697924519948,0.00391112186913069,0.00381530019052258,0.00182551779156924
"CH0037",0.00134681015165259,0.00170226994732575,0.00247139824101407,0.00190959839986891,0.00315322862936833,0.00206151373985688,0.00209985841841091,0.00206323825776524,0.00159034507840322,0.00135273815311892,0.00213844662815949,0.00166609813658397,0.0016614905738806,0.00160488825769662,0.00155137417789031,0.00172716511734285,0.00163188213811696,0.00182444425551469,0.00254863060304882,0.00185738739603017,0.00122435317687416,0.0018669051517753,0.00169774872343133,0.00366045766819142,0.00275646946915493,0.00198150243444522,0.00175867446166876,0.00222340938122061,0.00122178292353166,0.00183848989792414,0.00156928537071804,0.00186225708610271,0.00163123026377507,0.00160594431948387,0.00134767005267755,0.00159231042448805,0.00215273269791271,0.00204779368989833,0.00211880570208328,0.00190466751682526,0.00285932836305321,0.00170657690332487,0.00239121347245493,0.00167140270901344,0.00177872050268309,0.00174691845743795,0.00240988891247401,0.00441740754972514,0.00489424625529681,0.00180948039351806,0.00509864358198511,0.00172285170647337,0.00186901883917528,0.00203281285298674,0.00185989848612751,0.00205779518438357,0.00136044911948538,0.00161791129111484,0.00150479547060736,0.00165601339272497,0.00156669839868192,0.00552040347715937,0.00521879095034127,0.00420925917432449,0.00135078949559482,0.00304990976300692,0.00415111333980574,0.00204120372354142,0.00168477115813831,0.00553797392604763,0.00279007240112123,0.00305972982838297,0.00541676755696481,0.0014817266662098,0.00142874605637049,0.00222534271745982,0.001352848654461,0.00199568759674575,0.00220852154427528,0.00164779980530075,0.00134764996218082,0.00161946976868684,0.00135211203098684,0.00178040640174066,0.00162138517916602,0.00234860909932387,0.0023124738473641,0.00163699252121918,0.00312592595983795,0.00155006454433965,0.00180074366785438,0.00208111474470336,0.00210012129358537,0.00166198579915352,0.00178625702082391,0.00184369736990387,0.00539427743052724,0.00139252507155603,0.00446351316752474,0.5,0.003312220920649,0.00140854266104637,0.00153057310786831,0.00568262992780942,0.00161071093285551,0.0051314183213188,0.002775027244583,0.00380261468957167,0.00561798055806759,0.00161597676261658,0.00207579760051926,0.0023806270521583,0.00260362597532109,0.00144412147902551,0.0012340076174865,0.00134939316806127,0.00154856420674425,0.00160385979963915,0.00158083374949425,0.00164136359245822,0.00168307521357004,0.00192920952838522,0.0019471365949038,0.00155806667810787,0.00166731501884792,0.00308621086842145,0.00208172354448217,0.00182977127816203,0.00204633057838338,0.00160616821187637,0.00345688334946197,0.0028780456273431,0.00168766254244484,0.00358097061716295,0.00161834834350252,0.00180653103397672,0.00198816240819206,0.00268051210788298,0.00227349041896331,0.00191395277519097,0.00230845659221989,0.00133301130202103,0.00139936420221018,0.00180322378187086,0.00221081809770241,0.001607440620768,0.00156102566607924,0.00524749777089535,0.00171982415533768,0.00196334561560656,0.00179047860726565,0.00289757301271768,0.00162522523193012,0.00297720414154784,0.00308152345285154,0.00125440981845206,0.00147939239364871,0.00199890492190156,0.00183848330919649,0.00175251960464289,0.00176749639462304,0.00248735100433262,0.00418255150475512,0.00232239488517812,0.00226180164233187,0.00178973917296574,0.00135293502074453,0.00141160628148596,0.00485284395501715,0.00121710024315404,0.00461747077803534,0.00469897285774149,0.00557167734344925,0.00218729337513982,0.00141932160772665,0.00118538415448322,0.00165544100960494,0.00608626221142995,0.00122399753941185,0.00178754199420431,0.00212011253077632,0.00201398388488258,0.00152323852548572,0.00138010684248935,0.00221818711985503,0.00204296103323088,0.00555388621348158,0.00175131864138981,0.00218826748271474,0.00174459810357096,0.00267902230150732,0.00191267250388149,0.00178807482179037,0.00190104382782408,0.00438069752001859,0.00225791810681241,0.00212679660589,0.0027757913354556,0.00255801255314298,0.00152604495099375,0.00143387922735516,0.00292552517492653,0.00251355455486253,0.00209657042190768,0.001795356065943,0.00322229022122951,0.00188044115042955,0.00182118892442613,0.00222078625103548,0.00181347878867716,0.00193730652243754,0.00228630371167933,0.00187795922016933,0.00219189106949911,0.00562661357689535,0.00580932188906606,0.00121939061365691
"CH0034",0.00125692105546028,0.00123215052095904,0.00243658704667322,0.00132349223312237,0.00422487613592622,0.00163266634316885,0.00251967274458314,0.00278058202365589,0.00233191774737117,0.00111415882689515,0.00205211375562891,0.00111397435321877,0.00111331892754843,0.00111918294585742,0.00111474161133651,0.00118867395541133,0.00119469118839944,0.00164298470893265,0.00289187783280265,0.00160342725185923,0.0015764913332459,0.00164892841041313,0.0011348310954034,0.00375794267389696,0.00299372336817769,0.00186110384294057,0.00276191948102772,0.00211345829414778,0.00137447049768316,0.00114166479885313,0.00111357219091802,0.0016288753152097,0.00123453565185667,0.00120575025355443,0.00111423839279308,0.00111467343946242,0.00174497493036534,0.00255277343386081,0.00569800717055147,0.00217529918825287,0.00367568405670662,0.00140511967627461,0.00304486741554085,0.0013445042930975,0.00165896625609369,0.00156537785820491,0.00284439375428961,0.00399113920020168,0.00249932125551443,0.00185824800901429,0.00331098192005125,0.00139298943874182,0.00130756772087744,0.00208388291511737,0.0013526257983782,0.00249570457951461,0.00114660870422237,0.00208168582067719,0.00186065156544152,0.0011221128754446,0.00124928883158783,0.00438422170799276,0.00372891272922704,0.00371723673275197,0.00111450544256872,0.00425543558047295,0.00355486376221701,0.00137999725149754,0.00138181468945045,0.00303073515687103,0.00416602090345767,0.00404375323028373,0.00329617809795656,0.00350641659479513,0.0011374484138668,0.00228158345890788,0.00111416561670429,0.00175318477329581,0.00258702992249102,0.00200831749639504,0.00111420532202593,0.00111443570065071,0.00111318510849465,0.0011388465898689,0.00348387294357919,0.00116975809723563,0.00259659036684368,0.00241862457132456,0.0037803966387462,0.00304428101277078,0.00213365835795836,0.00202142035408414,0.00208438814515288,0.00111649153431846,0.00114044630869581,0.00129411227388586,0.00315012879876538,0.0013466809303037,0.00424956841312334,0.003312220920649,0.5,0.00133969876348245,0.00118563698127056,0.00304842760659448,0.00111301404070628,0.00378546343044333,0.00324817299672145,0.0063747283482856,0.00304093384425568,0.00216445847363309,0.0019656281908504,0.00187316003792431,0.00289048027869258,0.00161029470316529,0.00234120263226542,0.00111373576462409,0.00111504225990351,0.00111057249822031,0.0011121748907934,0.00190297038431754,0.00205573761289979,0.00248586776168075,0.00129415988501475,0.00112026004375707,0.00121432264795882,0.00333826122042668,0.00190947303936751,0.00489935278393217,0.0013812938180555,0.00211317229172987,0.00394892746710572,0.00320498464012937,0.00187952276046515,0.00800383034525928,0.00132185206338827,0.0017261681484078,0.00179098821377146,0.0028979834310112,0.00235137560015338,0.00250694465845454,0.00222951375488245,0.00369222832217438,0.00130833910366064,0.00127791324177743,0.00219379026140278,0.00111549280355212,0.00271546766824776,0.00732805987456501,0.00134804584791801,0.00140970553746562,0.00142315934984098,0.0032233399180943,0.00128423264655042,0.00340260488337945,0.00768769040918374,0.00159447611357494,0.00131761114973159,0.00205351154629413,0.00156149156897926,0.00196754046440428,0.00199781640948672,0.00217903073592794,0.0041831015114718,0.00283483364770204,0.00229695654582209,0.00181766836177024,0.00111274822811165,0.00136160715529737,0.00316098966668116,0.0015396268751849,0.00377854126994508,0.00289188827929362,0.00355816987510932,0.00163439991790905,0.0021087873915796,0.00114510102297757,0.0021765747223337,0.00338219285776221,0.00246971895659316,0.00456682299420311,0.00215969207222629,0.0020505790288538,0.00193266915069481,0.00155951327026082,0.00227509273672578,0.00211148214288357,0.00353189483904913,0.00502298630745851,0.00175797530854471,0.00287871496593202,0.0026780841123171,0.00163795981627202,0.00208739818104634,0.00128592272778198,0.00361392754619116,0.00358506208679461,0.00223595847256198,0.00316656435319072,0.00327834030105554,0.00163113651310149,0.00168878210767352,0.00315436669743054,0.00328884567345836,0.00204242733036641,0.00131961571359799,0.00376762259020543,0.00163780643782891,0.00152254655695268,0.0023616038889481,0.00150131353878004,0.00118108840479252,0.00222840722230043,0.00234449706935022,0.00205748984643394,0.00294102108266923,0.00320344423884769,0.00150651819162898
"CH0035",0.00370940930558315,0.00313507005531852,0.00185966874451718,0.00353409412111346,0.00173785882578051,0.00343154061873141,0.00178947890572706,0.00162357672785736,0.00203605516651933,0.00345235509176817,0.00188422341739224,0.00343532067323956,0.00343890396394969,0.0035047111993354,0.003492564780339,0.00195107602547767,0.00342303602496634,0.00175299142769631,0.00169643751148312,0.00176893420642572,0.0036720752738035,0.00172668123552961,0.0030755364629479,0.00175532976056441,0.00188490704752641,0.00144089015452906,0.00127163602901184,0.00185787491922013,0.00191365738634553,0.00300703692734685,0.00345510256956958,0.00128816961213855,0.0035053495654298,0.00348280363926521,0.00345812087246536,0.00345395091985202,0.00142200863151442,0.0018597972320612,0.00135924473227184,0.00186727281759052,0.00191491279193299,0.0036305303366998,0.00182931115746179,0.00194471640251182,0.00355398143133482,0.00350684212984756,0.00177741215826314,0.00140646432113688,0.0014321782603346,0.00363997847143436,0.00199235617440425,0.00354456383139253,0.00299923801890722,0.0018512631085422,0.00353040819417499,0.00188097565130888,0.00360402000698074,0.00191685704926542,0.00193629752437086,0.00301126958371794,0.00358095400735033,0.00126316281893486,0.00167333405052811,0.00141212951520203,0.003456533011044,0.00133546278881194,0.00130396797716124,0.00349874903893194,0.00362191990326986,0.00167910278860165,0.00173114811099087,0.00183459394206255,0.00173803326533824,0.00311654609942415,0.00177312324568631,0.00169359217975179,0.00345220720049455,0.00142928235414435,0.0017485415663085,0.0017323631181688,0.00345793281667896,0.00342665583529118,0.00344866764930507,0.00300099507165282,0.00122849653610343,0.00305289555187407,0.00185986817215916,0.00195481011044837,0.00184208691049386,0.00175152442024275,0.00193216215700488,0.00131107995470484,0.00187618906351841,0.00192152315148397,0.00356130528495482,0.00333004036932936,0.00173056617862639,0.00373578694965655,0.00142346450124621,0.00140854266104637,0.00133969876348245,0.5,0.00349585252420336,0.00172810564552871,0.00343783749828612,0.00166423672040062,0.00183303090649733,0.00134902483962544,0.00177846653049209,0.00197840576812857,0.00185119739681302,0.00128762854313359,0.00183653223623884,0.00361955532124442,0.00343010310679171,0.00345510366118223,0.00349255776479271,0.00344827165530742,0.00344730985951524,0.00310508398080924,0.00336635190319634,0.0016980394652251,0.00348331157462962,0.00354020008849418,0.00173273489410064,0.00183767522212194,0.00196255726306029,0.00129505809863536,0.00351689516275334,0.00176002121959582,0.00185108379842141,0.00172413196874132,0.00344988176556753,0.0011542036517077,0.0035922800747311,0.00358301968904713,0.00129851819829105,0.00173918086463782,0.00138535577930449,0.00198207236321086,0.00144460264190218,0.00311765286872722,0.00355048866518201,0.00312822970057134,0.00124138533611871,0.00347682165547504,0.00186904848498477,0.001105564843919,0.00348555925058572,0.00340120949320074,0.00176630854167822,0.0016088680957817,0.00361825480693189,0.00143236652724581,0.00116987833074904,0.00369968569053541,0.00148519347247981,0.00189893200862341,0.00179461155035355,0.00185190061436302,0.00174387136977755,0.00170800019950196,0.00178360313343482,0.00194660707913712,0.00178243511258672,0.00197018080905272,0.00344590487496111,0.00366187012835479,0.0019056083108397,0.00377704388282494,0.00138431886512278,0.00186572065957996,0.00174215296603845,0.0034669546236096,0.00172412967313238,0.00367190973184531,0.00190237753236998,0.0014333676628843,0.003509161078332,0.00138455694616726,0.00160895839280293,0.00187392822302051,0.0018690148066357,0.00364061094223775,0.00187503968856585,0.00125003624676825,0.00164156244904874,0.0012640108899079,0.00153740674915051,0.00336557075595477,0.00173459988329121,0.00354210812551632,0.00177845313533891,0.00189919325809487,0.00190450075383332,0.00173458079223741,0.00141615873527756,0.00182595100877929,0.00195974505247281,0.00146355120384448,0.00357110713440651,0.00182112272618111,0.00162588904011759,0.00177592542711776,0.00363123312593765,0.00180332067724461,0.00125138781338608,0.00322907224884616,0.00142826293606825,0.00323720123998695,0.00144760823487003,0.00146249193237462,0.00187719077120692,0.00189168635125757,0.001659481663414,0.00176601875977117,0.00373707663899422
"DU0065",0.00353968509009234,0.00381140197001061,0.00166774926989778,0.00336187883427845,0.0011714504027742,0.0029743838748125,0.00161599500223319,0.00126372166136802,0.00131792959804398,0.00394579139603278,0.00141184107976244,0.00377624574157671,0.00374390502505844,0.00363179889694916,0.0038025174016656,0.0022343201290719,0.00377100867662071,0.00120682359382909,0.00157462380709608,0.00128265580322995,0.00353613610630531,0.00141863156974315,0.00391951606428464,0.00165483132610068,0.00177910587076303,0.00210840699769779,0.0011394237582861,0.00160790187533887,0.00165497618267983,0.00373263029219832,0.00385999787442565,0.00219478980205222,0.00352254184724988,0.0036604326832543,0.00388544877118165,0.00373085919640557,0.0012966407382961,0.00120351414041707,0.00113520460554042,0.00167846221941708,0.0015509204015206,0.00331764422765747,0.00174157349056815,0.0017114274275534,0.00312610318472782,0.00332013085062549,0.00137383820905442,0.00178091949880496,0.0019366918095191,0.0031004882936092,0.00173392955873313,0.0032837191557405,0.00364559598458651,0.00169206500373921,0.00340615800089381,0.00174920705325816,0.00351349964142016,0.00176888454560401,0.00187035812927059,0.00401232358834134,0.00346594755867723,0.00116001467732638,0.00156276914610951,0.00188336164308946,0.00393284717575391,0.00128959379552689,0.00199852144708813,0.00311879208094409,0.00332597781423745,0.00126482004341956,0.00132958299896938,0.00120492885259886,0.00119083543029081,0.0029372657117536,0.00217150238105913,0.00196549523354348,0.00394584111225771,0.0020950868455616,0.00193592728548463,0.00199093944580054,0.00388603935332803,0.00383273621174079,0.00394225384477307,0.00358140275342443,0.00110533363797293,0.0039213581077219,0.00188824597997534,0.00178140807454575,0.0018483401159566,0.00154430510531358,0.00140317942875166,0.00195529432351158,0.0016263897324469,0.00236142226880967,0.00366165239259776,0.00369886415550842,0.00117717878512754,0.00344666864899202,0.00120948409068816,0.00153057310786831,0.00118563698127056,0.00349585252420336,0.5,0.00134550238596914,0.0038020151249009,0.00128919382605564,0.00133668398463401,0.00113925613736514,0.00154394052294221,0.00174124970426735,0.00173148635353336,0.00199136918456317,0.00138541260833175,0.00344552202237062,0.0034207907077722,0.00391922186020362,0.00378039859151819,0.00377232174856438,0.00382487946347017,0.00364829152095911,0.00334113453452852,0.00189218349814021,0.00347833096770735,0.00368049898204727,0.00205044956480799,0.0016546921620267,0.0017979356649841,0.00112906966427278,0.00333448909349051,0.00165772288301268,0.00192478949379986,0.00129213781795621,0.00345817896232544,0.00105689927760451,0.00343923680212191,0.00316189203239844,0.00211912457250908,0.00135278222604747,0.00209353060877901,0.00184805849693019,0.0021116592999661,0.00296571028697313,0.00339013573499853,0.00372155305575167,0.00215234401601423,0.00376023482067706,0.00184811382901591,0.0010208223863366,0.00332635165710855,0.00326974177844458,0.00122841358319638,0.00168735896394071,0.00347397155809997,0.00197965902027006,0.00106889987600514,0.00345054873317127,0.00114524741493125,0.00165568822794754,0.00208390836564135,0.0017993511795621,0.00214452492557097,0.00152055453780833,0.00133904371034909,0.00158788190773153,0.00192860901684382,0.00176646743361615,0.00394207978051708,0.00345547322288552,0.00169045220303913,0.00351128217342363,0.00197547783392307,0.00154121591631837,0.00118006321253503,0.00334324396206051,0.00213739860130646,0.00363461332694814,0.00177341917906478,0.00120046032819502,0.00339763204917727,0.0011610440242591,0.00199061820092296,0.00189708166251352,0.00184185279603567,0.00343754252229495,0.00171111716287329,0.00202163608515321,0.00114838304265827,0.00112704492612897,0.00185581729678762,0.00290352799858347,0.00161326655472187,0.00311221104277133,0.0011351952527796,0.00169116231659138,0.00172431574110387,0.00117374293050793,0.00196508655312054,0.00178023012335527,0.0016483811755771,0.00110622900857524,0.00339853394277062,0.00160714583482477,0.00118588634676832,0.00183731347145725,0.00344997012629503,0.00190482101084262,0.00223544800276556,0.00304363434910142,0.00205445681060385,0.0030533555998942,0.00205535717691711,0.00126952976925634,0.00136212756169274,0.00171492653576237,0.0016099950596586,0.00158019818835878,0.00362211674479362
"CH0033",0.0015965477621069,0.00160587730124176,0.00247410472111205,0.0019624087288666,0.00277883971267559,0.00202704418388415,0.0020145893448857,0.00191148942437118,0.00153175708780514,0.00130840947925368,0.00210808270061745,0.00160189368625716,0.00161649666358932,0.00156244803279403,0.00134121620120813,0.00163483407136977,0.00157801158582466,0.00209767765568747,0.00259554074711426,0.00198296546039348,0.00159568776288744,0.00197814594692332,0.00130308278388885,0.0032094479114002,0.00242247312802959,0.0018193532969933,0.00166092363280085,0.00219559334457127,0.0014304750160657,0.00168026614811363,0.00149855364242076,0.00152170072955066,0.00178077575546651,0.00158988106596401,0.00130832527370202,0.00152751162775645,0.00229295494654668,0.00211347371462802,0.0019886268630961,0.00200657384072606,0.00275742492558191,0.00181291547446224,0.00223548645299078,0.00186710979451022,0.0019897649526457,0.00190108900394119,0.0024367889609459,0.00359688879064728,0.00559322731273361,0.00152712489115047,0.0049272035244608,0.00189604757555668,0.00172048083798959,0.00214410456334587,0.00193261848590938,0.00217972574591784,0.0016296942274013,0.00194646202503669,0.0015978651074411,0.00126216608643015,0.00177745537755814,0.00629960634896527,0.0058036800775091,0.0034461489491273,0.00130861776108375,0.00211466204012038,0.00344679003374322,0.00197275800944416,0.00182280416590436,0.00638800110614144,0.00270255527178005,0.00293650341000689,0.00635895721872568,0.00149865010970235,0.00138314669931151,0.00207669947804258,0.00130843118712951,0.00183800014084376,0.00174600155949346,0.00157563482178514,0.00130826205937771,0.00154383336632665,0.00130765938246493,0.0017992141564937,0.00160259934935068,0.00135198273811632,0.0021574841721782,0.00191242896705025,0.00290219044391709,0.00203646936723858,0.00243792870150776,0.00162006748803177,0.00220264509604371,0.0015651687025219,0.00162197579838302,0.0017174896789738,0.00627667097076134,0.00166875752633079,0.00425296490006017,0.00568262992780942,0.00304842760659448,0.00172810564552871,0.00134550238596914,0.5,0.00153912673637789,0.0061628278521738,0.0025847210818486,0.00349288817296158,0.00639421025854288,0.00195144368892747,0.00201293974732426,0.00223000737682801,0.00246727701419035,0.00181000559627043,0.00160481680700527,0.00130809281188133,0.00134021828963918,0.00153532042425809,0.0015111670081611,0.0015930387438322,0.00182123965605429,0.00163719568292572,0.00190449936415923,0.00153438600190554,0.00158620891369304,0.00288143022458211,0.00204474124228182,0.00176334376143618,0.00205941448082294,0.0019188806818484,0.00313050821627731,0.00269338205431744,0.00167024520179436,0.00325538357125566,0.0017778050864238,0.00186252576520812,0.00154909922010809,0.00263434352291003,0.00187456939144578,0.00220059336516461,0.00180524634877594,0.00148908567457299,0.00168472538232397,0.00164868337663465,0.00171324340825416,0.00153690736019402,0.00167631962463864,0.00579984002592041,0.00191287085525913,0.00205029531301334,0.00183016241565092,0.00252980031065251,0.00182887913964653,0.00270038867393512,0.00281010511776383,0.00171485248112674,0.00154252410113578,0.00214003724535402,0.00172580086881038,0.00190718922864959,0.00164944157696369,0.00239975943732786,0.00384365672279832,0.00238115404629801,0.00209419032784512,0.00189150005509572,0.00130735597189192,0.00170024011124763,0.00594846604808471,0.00160000878416332,0.00391463134264435,0.00560061414861858,0.00642513744205548,0.00195343991321283,0.00135660190180148,0.00134399653743937,0.00195107799274966,0.00563797695770706,0.00156892031917798,0.00187876518391029,0.00196550748620185,0.00209604080554909,0.00160598506783853,0.00165655927107732,0.00220178309905871,0.00185331180680843,0.00633697225303832,0.00169052547454257,0.00215796449394006,0.00184134420522385,0.00245124286594554,0.00195356509450978,0.00186551450650128,0.0018829268743719,0.00412071183829463,0.00220642419412732,0.00183345896419863,0.00275138117978253,0.00253975606390225,0.00159150095225282,0.00179347361983715,0.00279638630045836,0.00257181735406858,0.001985339300685,0.00183818373351142,0.00291127508948811,0.00143166965652411,0.00196377627637577,0.00202436095839198,0.00200307941228163,0.00162908987216041,0.00237077640989702,0.00179269773308525,0.00223597386280961,0.0063416767391133,0.00620147656640543,0.00139957301001471
"DU0067",0.00358552478497202,0.00369961838376542,0.00163174694708505,0.00332135245176524,0.00116419783757814,0.0032963868413149,0.0013829111675671,0.00118345062410291,0.00117162089648388,0.00393656979226229,0.00156973651535325,0.00386759627093201,0.00382257733495498,0.00376564337954991,0.00381110289079909,0.00227958687046001,0.00378640122353547,0.00135617800168825,0.0015996282003193,0.00161408911598504,0.00348645019241827,0.00145655863701638,0.00384713041480064,0.00157807320821887,0.00189350431311576,0.00199728917355678,0.00113027196005387,0.0015752239434328,0.00171157978860221,0.00380813080605404,0.00391148811850909,0.00210378884371751,0.00361697610029824,0.00369895537972038,0.00390850826541332,0.00384289134476971,0.00148483907003331,0.00119507865726557,0.00112905517478853,0.00170215546477121,0.00157426802507845,0.00333772252487185,0.00171623810362573,0.00175898672567953,0.00312611896447395,0.00315612741466378,0.00138816654287004,0.00182411155191522,0.00194912043073678,0.00308963281785813,0.00173038372829762,0.00332411849779582,0.00360516857766127,0.0017826694670823,0.00335325297615253,0.00192900971287927,0.0036705858919057,0.00189681938432879,0.00194160072428657,0.0039057128632721,0.00358590538796431,0.00109064691744662,0.0015255777255596,0.00176358628889233,0.00393756533216593,0.00117786336384936,0.00186762532432385,0.00331199250432667,0.00336557638372152,0.00113232275995742,0.00118624782660873,0.0012019817156421,0.00128492058993095,0.00292576426711321,0.0022158145210767,0.00184826990736511,0.00393658206105212,0.00205798019505232,0.00200756408607873,0.00196056327286797,0.0039090288303065,0.0038707617565085,0.00393286716649682,0.00359021090793368,0.00109552282748897,0.00387841734953552,0.00184593725107679,0.00176882727706851,0.00189811623291193,0.00119670271440983,0.00121385985338143,0.00190546623252828,0.00160864832198653,0.00240118286195416,0.00368805395178372,0.00359180757897467,0.00130376074600324,0.0034921994438555,0.00134368707449244,0.00161071093285551,0.00111301404070628,0.00343783749828612,0.0038020151249009,0.00153912673637789,0.5,0.00112761506760405,0.00119568283789891,0.00125884127692071,0.00154410099727523,0.00180401272884904,0.0017860506291545,0.00198164289106265,0.00155369403517466,0.00341211837401536,0.00349006521475056,0.0039348249765562,0.00380343615202594,0.00385065832206004,0.00391059271790019,0.00359633268048466,0.00335658026603215,0.00194495231178375,0.00338593331430956,0.0037563189093805,0.00209111518433192,0.00166072357289155,0.00180216058330661,0.00112079698027289,0.00298652957889781,0.00160294988789184,0.00186832653639416,0.00115974074588446,0.00338861456068443,0.00104979820896305,0.00350653699430444,0.00299676648460316,0.00202721112662851,0.00135513322823752,0.00200779749538176,0.00190387870457005,0.00203868445359612,0.00295562166890082,0.0034202970412183,0.00365147268651611,0.00205311295048361,0.0038072548046822,0.0018569029980129,0.00101012802682616,0.00334931117032797,0.0032826996165493,0.00157665750211675,0.00170425079545607,0.00351469409833914,0.00190085540195846,0.00106235016773508,0.00336107871074329,0.00116425449294148,0.00165440241589995,0.00221449215256202,0.00192001653137614,0.00217241809321215,0.00151257912244429,0.00119140945146625,0.00137675010338788,0.0020158900820063,0.00185704446414742,0.00393222023695131,0.00346522932563524,0.0016096760790124,0.00347494694533584,0.00186697673697404,0.00133512171802068,0.00129048611636837,0.00314767717315552,0.00202920027665541,0.00367585432858938,0.00186043440706774,0.00153003412462271,0.00340173063977284,0.00115609492119887,0.0019123085524711,0.00193991215386432,0.0018395577536079,0.0035072152982571,0.00185014365208852,0.00192813197691739,0.00114091066027086,0.00111861073797299,0.00190875057060777,0.00289315072602094,0.0015954230758577,0.00325157479487737,0.00115577864067868,0.00179387158482724,0.00182122870212574,0.00116824495826241,0.00187104423837271,0.00179102078002745,0.00161386137960048,0.00111560066090106,0.0033490716721223,0.00161371401837985,0.00132154545487792,0.00176148023907228,0.00344664615770589,0.00196441485068577,0.00213687731866376,0.00318245032980871,0.00197322117136744,0.00318812506010066,0.00201150866031037,0.0016637677987062,0.00123907713603896,0.00169722427724789,0.00158477942340717,0.00117690334153308,0.0035065382189049
"CH0031",0.00151978230897988,0.00152580005628447,0.00230421360383673,0.00185586282690298,0.0028654566100374,0.00172536913544709,0.00216679265374105,0.00198177375399616,0.00255719390132664,0.00124894418877189,0.00199014231052058,0.00112752537245494,0.00112770832092352,0.00114366590770595,0.00113149165488203,0.00129898507498587,0.00128998412823585,0.00207415213883409,0.00242525690823594,0.00171155378311749,0.00162652918263718,0.00173133488181479,0.00120397671237431,0.00333376893408625,0.00247468287558524,0.00182602504204534,0.00364140288399502,0.0020923207174642,0.00182781017138685,0.00115148917423917,0.00112798869861359,0.0015218230380504,0.00154094958485355,0.00131020596793907,0.00125021881081563,0.00113187234519931,0.00157832418938242,0.00222434888970849,0.00271107866181167,0.0018521475386819,0.00276355882715451,0.00165230535130212,0.00203419443586519,0.00166691545828955,0.00178012589734724,0.00160178021857719,0.00221960748729679,0.00314882703743831,0.00526802985554647,0.00190677914188232,0.0054963597536513,0.0016792299002764,0.00135419952785222,0.00196292129859134,0.00166274933173089,0.00216855269050398,0.00150825463418689,0.00192161653247048,0.00165590368748598,0.00115663966855269,0.00157365390990648,0.00723028952468741,0.00600406144193758,0.00339379225079693,0.00124949764063553,0.00267135197005361,0.00347869347511017,0.00167856894493654,0.00165613832790375,0.00691267120516673,0.00300626488802264,0.00302793708032729,0.00572112499707208,0.00202519065422462,0.00129474350457634,0.00202229570286472,0.00124895252022421,0.00192558019271925,0.00220102924280652,0.00195824160102896,0.00125014533003178,0.00112806014205889,0.00124818494940587,0.00133684388988682,0.00282944205760676,0.00125173753379909,0.00198863776170285,0.00198381118954757,0.00296833002964679,0.00260397935284109,0.00262547310521257,0.00245327109892521,0.0020781010697788,0.00116848361595238,0.00150699266826223,0.00135448954499343,0.00583284849112549,0.00161538137840612,0.00379710595536154,0.0051314183213188,0.00378546343044333,0.00166423672040062,0.00128919382605564,0.0061628278521738,0.00112761506760405,0.5,0.00250203217566053,0.00388542739311358,0.00605085969632029,0.0019469101752745,0.00197410204642318,0.00180636356477517,0.00233981594673873,0.00168895601359775,0.00176662626894464,0.00124922098479488,0.00113163751412151,0.00112477807112153,0.00112799377775116,0.00178171999797617,0.00183125199359198,0.00199022608195582,0.00172935460284068,0.00129822116157473,0.00123162371613344,0.00277099435985285,0.00168200150307765,0.00239599939398342,0.00185489776863481,0.00264887394347882,0.00291469576839136,0.00352160689024116,0.00185817756612688,0.00424677403171394,0.00154238135897999,0.00188162640901201,0.00153960793609318,0.00236296612108689,0.00188770416231982,0.00234643157141886,0.00181597483339206,0.00211333852408392,0.00215717134979056,0.00152048267047458,0.00169580882171401,0.00113286539568784,0.00209398320739465,0.00680704595734752,0.00166195434938741,0.0017316614885221,0.00186026569763578,0.00241926218991391,0.00159976735818062,0.00274923585398425,0.0037704404212253,0.00171469581209984,0.00241075007962138,0.00214187994992276,0.00134776507436623,0.00186968882076657,0.00166511006602322,0.00200536836571616,0.00373487190547244,0.00238979894866865,0.00170566699617158,0.00182050290296262,0.0012476798242707,0.00161456001769493,0.00579257635235602,0.0016681087866239,0.00378843877559014,0.00579532747174304,0.00583079078706196,0.00167133668564129,0.00187593680576053,0.00151007212642896,0.00197331542420443,0.00531553454595535,0.00183770492196091,0.00253147938691354,0.00194612721843095,0.0015945137971239,0.00246378157757036,0.0016252708556998,0.00187836133937645,0.00190654316938664,0.00621082502769926,0.00243968578291035,0.00171484155896809,0.00203498491987887,0.00226501224795154,0.00171605541471855,0.00208711889434885,0.00161435043563943,0.00397907549006211,0.00240864064471449,0.00151981172135806,0.00238834287602488,0.00255960554337182,0.00303003054624329,0.00189471359780776,0.00261898660917475,0.00250896227650643,0.00174434078688772,0.00164108055803014,0.00262372560599269,0.00142259781294605,0.00165576753130894,0.0020304919022825,0.00167272690760331,0.00137032056950645,0.00211264852365232,0.00183892130213996,0.00206699785435607,0.00605954076372114,0.00618613271137903,0.00155408404936785
"TT0034",0.00161495909011752,0.00156941745885178,0.00348139961613167,0.00190438293788612,0.00403413599441593,0.00220605554511334,0.00285581046674844,0.00229087055460487,0.00295394690560014,0.00119386125686866,0.00310000828982349,0.00119622722200648,0.00119336470452885,0.00120910938376273,0.00119941298884492,0.00133397475806206,0.00134667736814005,0.00181541690730139,0.00357052361728078,0.00187223174738561,0.00167875236917664,0.00178746127066787,0.00129567791427988,0.0032969829439058,0.00331338986699892,0.00262651611907992,0.00267592547986651,0.00336412112331996,0.00169917280089563,0.00121249076293621,0.00119626858631153,0.00212562188220589,0.00138166835501106,0.00136109103936021,0.0011939667522491,0.0011978552971874,0.00222898404059326,0.00302901145942088,0.00347607658792526,0.00257894942374751,0.00353809433440793,0.00189095482686998,0.00359954161382922,0.00175078615374967,0.00192482370873741,0.00185405100849032,0.00363914923203146,0.00300949898604891,0.00217796875577596,0.00180783891906574,0.00254323744811041,0.00183592802450907,0.00161189809682834,0.00281701827189624,0.00175087499588162,0.00308099490241727,0.00151685797474916,0.00286141923460057,0.00245548169706722,0.00125019291009339,0.00154281324774385,0.00230497116478107,0.00225190844222098,0.00264083971005031,0.00119448228367612,0.00361559357404542,0.0024786721924056,0.00209266995253603,0.0017810088492959,0.00260949054285707,0.00325912818550557,0.00356731689817412,0.00251223634519757,0.00176350140413046,0.00127008804714324,0.00317028549215671,0.00119385762012484,0.00197778430860033,0.0030013555962939,0.00230386495967194,0.00119392908355039,0.00119649515914583,0.00119269317906147,0.00137737490647085,0.00262671915896513,0.00131883663636207,0.00343445424181551,0.00301934601662621,0.00298919847001653,0.00265843771583823,0.00263481713270994,0.0024083862363987,0.00296281261919375,0.00122506418601329,0.00137320212525361,0.00175879124128595,0.00266271008723163,0.00176455384500015,0.00270125973237516,0.002775027244583,0.00324817299672145,0.00183303090649733,0.00133668398463401,0.0025847210818486,0.00119568283789891,0.00250203217566053,0.5,0.00301513642204235,0.00274444145780366,0.00300370808951027,0.00275841931044044,0.00205671962879383,0.0038388727027424,0.00176327115781739,0.00138620637726471,0.0011936217270539,0.00120066649121423,0.00119458349536763,0.00119447377393953,0.0015686855020475,0.00144892969155997,0.00244336542678791,0.00217530451383979,0.0014891004016047,0.00129710101134189,0.00338050029893583,0.0027839651814182,0.00278454770691278,0.00232393498767437,0.0028678098121973,0.00306102670052826,0.00400026074825384,0.00171116358965871,0.00271790615232204,0.00160261840374099,0.00193834830758012,0.00231842870401017,0.00372827640569548,0.00306592837937248,0.00337843438642429,0.00278441246095848,0.00167366297555934,0.00165730137052776,0.0016484309523103,0.00283468718105306,0.00119997682340607,0.00145166923409126,0.00211956901834004,0.0016901082057812,0.00192438386732722,0.00190266076391475,0.0038507172480188,0.00161589667756129,0.00326088536894072,0.00293108916206194,0.00183487348488255,0.00187518746129524,0.00280332161283855,0.00191947630377097,0.00278383999804247,0.00252746558060167,0.00327466872040158,0.00377526063636306,0.00368428191730732,0.00287968872192196,0.00240144524301503,0.0011921703752033,0.00179266469428195,0.00243879835494534,0.00176530912817745,0.00280409215741516,0.00251308497834746,0.00260891110414143,0.00241773019873266,0.00197285170087341,0.00135445202004455,0.00298700374133711,0.00283415374983753,0.00158115250087272,0.00317190987642567,0.00291878021389549,0.00291178832963678,0.00243237570535765,0.00168501761613363,0.00316229546211014,0.00278719848565635,0.00293196267486895,0.0024896637284847,0.00186405952137037,0.0019442742153643,0.00366927339185389,0.00210233524924164,0.00208404555785281,0.00208342470038407,0.00267097249713496,0.00343914656467929,0.00275976457270865,0.00330049013457888,0.00372776550420489,0.00189009372660037,0.0017596079550863,0.00386810388923594,0.00354595281714266,0.00283752406927641,0.00192123738136799,0.00279183257458923,0.00206385306925008,0.00168317619869979,0.00316395345772121,0.00167644519700353,0.00161390788116479,0.00315157687846059,0.00290379055950875,0.00298333773459903,0.00242243326586677,0.00289215284791035,0.00170645173150954
"CH0024",0.00117956290151315,0.00117293826870167,0.00241932654364657,0.0014074101014065,0.00382523571256734,0.00164127438698142,0.00234951610933148,0.00256389495389601,0.0018493654671656,0.00113555734095097,0.00197735897869919,0.00126233070036774,0.00126426770792578,0.00127652098291701,0.00113946367350535,0.00130118036710442,0.00127607694998314,0.00179317955330396,0.00305733717270654,0.00162774176894659,0.00131586625083893,0.00175948197661285,0.00114808679222146,0.00363940324198505,0.00322172039837923,0.00180233724051185,0.0025968280202482,0.00206052545937949,0.00139082092115652,0.00127147595051523,0.00113717802242048,0.00159110377717896,0.00130675145831341,0.00128914320249159,0.00113657028252059,0.0012625654845871,0.00213389982336911,0.00234775321470342,0.00497049298493554,0.00190869079136204,0.00355073748688418,0.0016126041367058,0.00254600986888412,0.00138255619322532,0.00166470028047999,0.00163670167946867,0.00280834997399122,0.00428759541006135,0.00276955982122188,0.00183691170853863,0.00336898781184784,0.00158883781160434,0.00134790210138432,0.00210414067951054,0.0013960156143578,0.00270846874745274,0.0013231200979749,0.00227190215894275,0.00181088663943688,0.00113498815827333,0.00133666832896584,0.00452003950566285,0.00384886669020885,0.00326167462702052,0.00113646921216382,0.0039500099435975,0.00334637301985608,0.00142302919033289,0.00157252242374915,0.00344884414954127,0.0037284037182118,0.00384921857376028,0.00344484133762293,0.00313297083603927,0.0011683620923885,0.00218260125750214,0.00113554164676432,0.00194393667452389,0.00253945018149055,0.00216270758614777,0.00113652914888536,0.00126001548728669,0.00113447461495827,0.00131054699411093,0.00324047413846437,0.00118748420804725,0.00250012272072683,0.00211044743930147,0.00360213939887881,0.002881891165501,0.00210045501911772,0.00180184793061134,0.00202457611962864,0.00117807377857319,0.00129398823114922,0.00117853638833233,0.00329794880587162,0.00135619846620398,0.00464341948988845,0.00380261468957167,0.0063747283482856,0.00134902483962544,0.00113925613736514,0.00349288817296158,0.00125884127692071,0.00388542739311358,0.00301513642204235,0.5,0.00328606491078498,0.00209483620772462,0.00219233970797628,0.00188353944505879,0.00259931699158811,0.00138922678340144,0.0023713123314534,0.00113581776257133,0.00113967842481407,0.00125929590148644,0.00125261469229063,0.00186651105597124,0.00208496061798554,0.00252881622691893,0.00122004184848333,0.00114623328062279,0.00134578344238483,0.00328106563878603,0.00187495629383746,0.00482020870421901,0.00165417022251715,0.00192350169937506,0.00386787882627244,0.00293121942200863,0.0017046926834131,0.00827331750990558,0.00154027205967398,0.00163261785242013,0.00173851641705369,0.00281121997872157,0.00226132091966398,0.00242055827898348,0.00215250035662681,0.00376062251807373,0.00137619918694162,0.00131553273371802,0.0021111593879256,0.00126813143293168,0.0025865225875913,0.00765351162267861,0.00160341705420169,0.00164258489530707,0.00148805631771211,0.00309513090286087,0.00135046867591598,0.00330537856951371,0.00759739074310538,0.0013722507534136,0.00133404238811758,0.00200536046307932,0.00166466756567564,0.00205449171511325,0.00193757867182662,0.00234613650544497,0.00463425903017923,0.00248092892615642,0.00235223647088572,0.00198731945628398,0.00113374646849978,0.00136672950046796,0.00300429056531339,0.00118617351156757,0.00392862807626254,0.00281200120420977,0.00359891164271368,0.0016228214326347,0.00206836934365126,0.00116710675418234,0.00215847711100958,0.00390060635772121,0.00231061356145857,0.00425834879631388,0.002092465250013,0.00198745737004718,0.00180994128636536,0.00156640871033958,0.00229836414737193,0.00206180554753672,0.00377367418125901,0.00496970538994085,0.00177053985386651,0.00257060805959422,0.00280296338695805,0.00161097344344791,0.00201106877093994,0.00138938969837276,0.00391728887038664,0.0032506028302529,0.0021182823943779,0.0031541984150835,0.00295490557429476,0.00170057253564349,0.00168426654793148,0.00306505739947147,0.00322189443665855,0.0019774597811664,0.00138510586663248,0.00373324090128459,0.00159420627336525,0.00169609754403644,0.00220305842812097,0.00170901610825967,0.0012090137007659,0.00255370696535391,0.00211582826575742,0.00205561648104334,0.00346075789277028,0.00339252265961959,0.00118844209850207
"CH0027",0.00163583363597112,0.00139749161161365,0.002453617619404,0.00196932489130494,0.00295523748335506,0.00219338947485804,0.00209895241123614,0.0021563337065313,0.00169906590557157,0.00131636650225256,0.00217818747274743,0.00155324200958416,0.00156546970369771,0.00157608595119853,0.0015230109787089,0.00169788693107221,0.00156905902179254,0.00187153291350013,0.00244800244368483,0.00183292352866299,0.00163099714446271,0.0018396676443602,0.00128547579621725,0.00318617826778057,0.0024786988171251,0.00182896233474595,0.00179198128025315,0.00237268489055026,0.0016306001037579,0.00134353591401241,0.00134713589819962,0.00148655121008812,0.00168482667441647,0.00158723332230898,0.00131816050950263,0.00153676600564205,0.00170492151342332,0.0021305872569924,0.00226973232458533,0.00197544439870544,0.00282092896305402,0.00183347545454501,0.00224857047227325,0.00175282521244602,0.00181905987188352,0.00174893327325302,0.00227046202837344,0.00355190522032225,0.0056057685812599,0.00190947490659235,0.00507017437963031,0.00178649532049235,0.00166885803146035,0.00203212666704955,0.0019048029703432,0.00219428766245565,0.00164937192810008,0.00196241920123559,0.00161825137275734,0.00123377262830287,0.00166793882658958,0.00679246787481621,0.00596858326348346,0.00336865542700841,0.00131742539821711,0.00236839622825459,0.00337939079255599,0.00211847759453457,0.00178616504367156,0.0064381526022221,0.00275562218223978,0.00290701311783012,0.00602613712659172,0.00152162586159313,0.00136998619885076,0.00206120600326354,0.00131635397533754,0.001844820133431,0.00190597588592248,0.00177755619976375,0.00131807887768591,0.00154752302659987,0.00131546616243284,0.00168919250874017,0.00237276567135163,0.0013325146857213,0.00220470183086366,0.00194788676417528,0.00289635095720014,0.00206927258790749,0.00225118874185713,0.0015974410801105,0.00216653838137824,0.00160525556937846,0.00166690126612614,0.00172554629416567,0.00618829563896822,0.00169055974675078,0.00372752788178272,0.00561798055806759,0.00304093384425568,0.00177846653049209,0.00154394052294221,0.00639421025854288,0.00154410099727523,0.00605085969632029,0.00274444145780366,0.00328606491078498,0.5,0.0019578862479706,0.00213158981709029,0.00203835446958934,0.00255111845411192,0.00176454892873503,0.00166799887859773,0.0013171494959886,0.00152204522005309,0.001557065612533,0.00151972816813127,0.00165206746496305,0.00179169026088403,0.00184479609033067,0.00210886249895126,0.00155220591019858,0.00159799633796567,0.00304330117829041,0.00211961931215529,0.00180797777836265,0.00221838365731943,0.00196479469641213,0.00312646926304424,0.00271766731060919,0.00174927063352833,0.00327422093424533,0.00168155850377019,0.00192108981221701,0.00151892506505671,0.00253011033635871,0.00183609514212435,0.00218870332553019,0.0017984590806555,0.0015204199712964,0.00173292574567916,0.00159807150198052,0.00168017709851304,0.00156287756589614,0.00168559917115281,0.0057978358183248,0.00183190997560452,0.00204312913548344,0.00185447755214821,0.00254152749898615,0.00173436015975978,0.0026433744892253,0.00283024569444482,0.00173955533949558,0.00155681740270706,0.00205646346959218,0.00170908099235878,0.00194145688041876,0.0016522672608298,0.00240483257398725,0.00398546868344329,0.00236525026763941,0.00206957970172138,0.00186087345204734,0.00131467671475558,0.00171394321075099,0.00601989690984306,0.00163052936927235,0.00386439832212254,0.00565801615156591,0.0062987872955673,0.00218881817909024,0.00151878670278625,0.00137956757901512,0.00197816747005305,0.00550242101490318,0.00160747915734438,0.00189167959700191,0.00193983873398462,0.00196117350520855,0.00165912990270253,0.00169848704980706,0.00213860249005734,0.00167758587046728,0.00660903510300237,0.00172929036838188,0.00198906678140547,0.0018713389835777,0.00246180473223594,0.0019418632376131,0.00187777905778726,0.00203113878482078,0.0041198342229134,0.00222103926463233,0.00164500165137855,0.00263616399481182,0.00254570013437915,0.00160798714600219,0.00181367743216584,0.00293050551418879,0.00243730274339866,0.00198361487511075,0.00199450347424404,0.00290597819579912,0.00140681665767868,0.00173942401998317,0.00183772520029154,0.00174580698021626,0.00143673556003652,0.00213901286737849,0.00218776000794634,0.00223997349807651,0.00632243018056213,0.00629019034342535,0.00141795147245141
"SG0017",0.00215870609919414,0.00129509756106395,0.00320836873485009,0.0016584058956949,0.00269862644957953,0.00168474991875529,0.0031137241361308,0.00143855240784113,0.00321439271403098,0.00185382065890457,0.00335312628826003,0.00177110270535844,0.00176428091678406,0.00202852376853917,0.0018970481356056,0.00191168116128227,0.00175317957989916,0.00171042009086623,0.00288950471038032,0.00173419283069104,0.0019743572460594,0.00168647333170505,0.00128307700477817,0.00229351553531446,0.00308982349622766,0.00305697903091532,0.00283731149353118,0.00345085290865407,0.00213036500924968,0.00128757266945175,0.00181143193092217,0.00266343551147724,0.00189631187199779,0.00193303599638203,0.00194356268854412,0.00191504733424657,0.00279141822734498,0.00322924042449581,0.0028315056263028,0.00326079146091085,0.00278904702904922,0.00187617593199695,0.0031059108675357,0.00187047914129957,0.0017916695620083,0.00178589421668998,0.00315995878291799,0.0019025167507689,0.00162241648858973,0.00149534811635199,0.00243469776930444,0.00184783505392333,0.00144279992805327,0.0035811980805236,0.00177540119867425,0.00342760422777461,0.0021286959784597,0.00390073220524231,0.00381539572135874,0.00131131241746497,0.0020560707470556,0.00165578215444113,0.00189201254785076,0.00186459497798084,0.00189447442036229,0.00276450602009666,0.00168153481024825,0.00176892576362391,0.00187966600988062,0.00173476366030911,0.00243582953146649,0.00271244125034592,0.00199325021499333,0.00165686782878436,0.00186416451179685,0.00325383206161127,0.00185221376204856,0.0017968535044207,0.00324523185675616,0.00321227093852572,0.00194261121699779,0.0017439238315919,0.00184521616981382,0.00164886531887253,0.00308131150550802,0.00129109908920166,0.00314599710246064,0.00387194029429041,0.00280591023852333,0.0029540970928583,0.00311116190985276,0.00287408510829428,0.00338367932717528,0.00188291194448283,0.0018774644379397,0.00163461103737492,0.0019404526605209,0.0020080986471565,0.00204632944054444,0.00161597676261658,0.00216445847363309,0.00197840576812857,0.00174124970426735,0.00195144368892747,0.00180401272884904,0.0019469101752745,0.00300370808951027,0.00209483620772462,0.0019578862479706,0.5,0.00325862863435487,0.00185961241521517,0.00312314545021031,0.00190457245748837,0.00177524892182046,0.00190481319630751,0.00194164579725199,0.00181853060170717,0.00182678303429159,0.00144406567014923,0.00172787558875091,0.00333929721569038,0.00165217961269485,0.00204244681834801,0.00168466292011839,0.00253906883130433,0.00334035579172238,0.00301219323288356,0.00166186607682073,0.00353430841557336,0.00252867537179195,0.00268609244546148,0.00171183301449653,0.00193963616982382,0.00191339526465767,0.00173923387969268,0.00284021425426216,0.00314691751928502,0.00286472307431766,0.00339198310846679,0.00297786795933915,0.00144282768388347,0.00184559738044604,0.00143012264342145,0.0029153673516891,0.00183960793190611,0.00192207239955231,0.00154938965898145,0.00174686041642885,0.00171107509440332,0.00169578230209736,0.00278970614930046,0.00191159475060657,0.00248522509770671,0.00205519661091755,0.00192753475962717,0.00148754783442652,0.00340276574463483,0.0030409026088464,0.00374014456060125,0.00366620277305244,0.00331108289267882,0.00233584741096131,0.00323535345755422,0.00330017610434453,0.00325987632854874,0.00182338640010813,0.00195519640366986,0.00205940543922499,0.00201686566043618,0.0019257617403056,0.00197695865102316,0.00203689554297274,0.00166835601475879,0.0029585039956582,0.00216450964980066,0.00377207049497521,0.00180222271325809,0.00184988382285593,0.00319261478861667,0.00330981173373124,0.00371350729846612,0.00342945948650407,0.00206594219564675,0.00342467683721459,0.00301233827064142,0.00190293536763574,0.00289570784996638,0.00178252834993937,0.00167401362413452,0.00298987582925746,0.00179797331411503,0.00176726928375992,0.00182541704559404,0.00259185921413488,0.00340803657905578,0.0030224088597872,0.00279061208169022,0.00299233052339993,0.00150946133965901,0.00186592098490806,0.00279402654938025,0.00304337031946887,0.00339829028493994,0.00187280180042345,0.00269351332083984,0.00258295950117357,0.0016700736694253,0.002911980262208,0.00167969932039866,0.00131070473340401,0.00317858953884177,0.00313275752331168,0.00344483688263114,0.00151831125025667,0.00198887018159794,0.00201620808342974
"TT0043",0.00187417587976875,0.00144353522635084,0.00298154085844825,0.00176638990477423,0.0026823209920785,0.00189919859009935,0.00414860532094045,0.00197074557586895,0.00379315249819827,0.00175001892636701,0.00400170292818865,0.00178243541644932,0.00177701973231697,0.00184167240902085,0.00178424768606896,0.00202204174277884,0.00176615617701218,0.00144368650439809,0.00249667161525365,0.00164073561793582,0.00177335234167513,0.00146555258420417,0.00138531127995213,0.00227216640348706,0.00258773317956327,0.0033352445732292,0.00433764889204594,0.00366870330514948,0.00173122351973671,0.00138763370060338,0.00177350343037211,0.00369449094923795,0.00182651817942272,0.00180489476352996,0.00175591246490367,0.00179707124823254,0.00382387592814477,0.00419828491891607,0.00257766652683982,0.00409240545870983,0.00235907906793013,0.00172326081848329,0.00268498564330926,0.00174379782596193,0.00145014223590079,0.0014403518354425,0.00246916014056611,0.00212374754550162,0.00181585972043272,0.00151889206227733,0.00202217544296428,0.00168264977300414,0.00143401704621287,0.00340071619008999,0.00173648679308968,0.00280612952993657,0.00184767260542198,0.00329582117106586,0.00378821626246891,0.00136059910697573,0.00180229982399412,0.00235662977331671,0.00197544616230676,0.00171170455541991,0.00175276384546575,0.00282332499955898,0.001650172193135,0.00189606892607998,0.0017085470932594,0.00196765424389158,0.00229960538743006,0.00207083789703433,0.00158684198086566,0.00148842433754893,0.0017341785259761,0.00292259215858782,0.00174995320660741,0.00212217795774322,0.00283431419320205,0.00406743365367803,0.00175575583269607,0.00178050275539923,0.0017484294504678,0.00168868364194475,0.00419402198803551,0.00140481033167221,0.00279022959026057,0.00317643806032455,0.00234172915493849,0.00422097509444562,0.00400356066286669,0.00354908384220143,0.00368946261061853,0.00191718959677933,0.00184768989267013,0.00172190110801231,0.0019021600676415,0.0018079363456647,0.00182475425088332,0.00207579760051926,0.0019656281908504,0.00185119739681302,0.00173148635353336,0.00201293974732426,0.0017860506291545,0.00197410204642318,0.00275841931044044,0.00219233970797628,0.00213158981709029,0.00325862863435487,0.5,0.0016311251855706,0.00284480279004693,0.00175852728582362,0.00190127922554383,0.00175264844829595,0.00178485168942975,0.00178638698366637,0.00177911194486586,0.00173938835060589,0.00183766710642202,0.00363470189539204,0.00193700187663611,0.00182569910211585,0.001759931723857,0.00254821694036616,0.00381407207946388,0.00377567693651883,0.00191626774289759,0.00316680108219384,0.00232308826184113,0.00243761357921969,0.00176265883466247,0.00194847121578388,0.00179687176369679,0.00148136066852817,0.00334131417253393,0.00292386548358849,0.00253718170132513,0.00280753046020267,0.00269193314246607,0.00174570338862639,0.0017588482919681,0.0014358928613024,0.00265582267857046,0.00180723889832895,0.00202784880956626,0.00171485930380936,0.00168708501977936,0.00187198319668216,0.00171576730327656,0.00267013523706071,0.00180981971719591,0.00206286983553993,0.00204534911491531,0.0017294428913187,0.00145241940967241,0.00369110519760747,0.00395253992594639,0.00320759842472898,0.0031586587094711,0.00357041264726096,0.00238523619592255,0.00276949209689315,0.00285283600633607,0.00397325589117146,0.00174703093732443,0.00179692128542359,0.00189089041971369,0.00177165183386485,0.00180410702001476,0.00186177615722183,0.00162116816786762,0.00188810953956488,0.00404896298056828,0.00183525662599968,0.00315421256562132,0.00213469139268061,0.00185653743897371,0.00312583933239269,0.00279019268198302,0.00326240771038614,0.00330141595756855,0.00181790841997472,0.00304056835892357,0.00301495868958283,0.00216626754710174,0.00360390460754597,0.00189710859181423,0.00177974002971148,0.00272832616151565,0.00180441823979944,0.00173490117675325,0.00198824867330613,0.00215866877480551,0.00307600288180276,0.00335908091953236,0.00250446689074365,0.00252242812102997,0.00144495662009232,0.00182753559237172,0.0026535424210049,0.00292339848683939,0.00344634364526107,0.00200866236581678,0.00229764594310161,0.00367722659946626,0.00143915631451155,0.0025772748395434,0.00143615998919038,0.00145400987176047,0.00281152965466837,0.00381077130334428,0.00360146752713118,0.00188276689111972,0.00213353032366876,0.00177398303869934
"SG0012",0.00131512440481102,0.00222458144250257,0.00196187237520975,0.00183920711012801,0.0020802169227388,0.00180267179859139,0.00196074919836324,0.00150724925700049,0.00165866056641823,0.0019424645168584,0.00193277397477024,0.00203752393882664,0.00204067486238145,0.00173994128736161,0.00186155295397371,0.00191968822228696,0.00200990276773792,0.00192450344843566,0.00219508018314988,0.00203482187188107,0.00174424716996429,0.00203259722750007,0.00234590077637339,0.0018978921495585,0.00171655832132637,0.00231330847600356,0.00152147514760948,0.00188848268134933,0.00141823555858154,0.00246164266628205,0.00196898841508286,0.00244109109911517,0.0018129872171533,0.00183770238698735,0.00191826403472913,0.00190708386473532,0.00235807338402355,0.00195089228376164,0.00166196287219631,0.00202664384181015,0.00211373905867298,0.00183845773481947,0.00215037654409703,0.00186301453653615,0.002044226506031,0.00203256191697902,0.00228943679793249,0.00257731842475258,0.0024139397239886,0.00156550506133168,0.00183943405166156,0.00196977722079058,0.00224263780077772,0.00199733971740605,0.00187122096856248,0.0016856931417496,0.00146393813435426,0.00164162062968469,0.00159026455955897,0.00237072509349004,0.00176462520588298,0.00179524520800975,0.00153401519687653,0.00266691246445254,0.00193195529188537,0.00174179553224793,0.0259640293018453,0.00181231324143431,0.00190004468087998,0.00178553130592221,0.0131902759475224,0.00222922506282097,0.0024670867228712,0.00173457852114782,0.00192367054672832,0.00231127409780882,0.00194294969800165,0.0237058084157839,0.0019945871581744,0.00203974167295396,0.00191834468929595,0.00200597096556201,0.00194202985149178,0.00207475639879342,0.00152218523009303,0.00233236751177615,0.00201151470540607,0.00186547093176562,0.00184682074506673,0.00145155888453993,0.00170825100392232,0.00237860847436914,0.0020264737864954,0.00203298812436344,0.0016979779759528,0.0021158508865901,0.00227737058533856,0.00175645965783484,0.00262252621781029,0.0023806270521583,0.00187316003792431,0.00128762854313359,0.00199136918456317,0.00223000737682801,0.00198164289106265,0.00180636356477517,0.00205671962879383,0.00188353944505879,0.00203835446958934,0.00185961241521517,0.0016311251855706,0.5,0.00202351759076067,0.00185778944822783,0.00129199371724666,0.00192704475751782,0.00184825486935703,0.00195161613664698,0.00196202418819854,0.00201285914683023,0.00174462185006337,0.0019649940860547,0.00156628369813099,0.00172478840521559,0.00194438716131393,0.00199797121462517,0.0018599845364227,0.00157272071523852,0.00175851208486822,0.0016592920604033,0.00223002293985195,0.00175410572333126,0.00187735483013782,0.00171210954342615,0.00186879350792228,0.00186999602064857,0.00472286079271907,0.00209963244085529,0.0024306785163205,0.0015348348681035,0.007392519484334,0.00145691744799323,0.00167530170435511,0.0022422257353796,0.00251689038901803,0.00187198112374046,0.00144541941038391,0.00159128005670327,0.0018884239971525,0.0018877875953369,0.00151272105851006,0.00234867253194421,0.00180895514809674,0.00244172552069295,0.0016885078796522,0.00178402051165239,0.00142548206695427,0.00201570705346118,0.00213414618246353,0.00500176150398714,0.00266944998585578,0.00217483651642322,0.00193602905118261,0.00204351582534954,0.00201704603059793,0.00191001184323077,0.00194794335718379,0.00178495263928373,0.00210430345119957,0.00171250327641466,0.00265495158053269,0.00202497368972066,0.00238764454689911,0.00191042226567165,0.00299313850890032,0.00131652083715292,0.00165235133287054,0.00237424447383465,0.00129190271166921,0.00165973601165301,0.0023390046227295,0.00168122982512964,0.00465001644160724,0.00173090366571735,0.00189490326661861,0.00237301769466109,0.00203009160448924,0.00362341777525461,0.00213586775813762,0.00169841927492231,0.00219886030784837,0.00189281021267826,0.00185587602554626,0.00135446994589068,0.00212992905520538,0.00199345580329888,0.00243087851665698,0.00210469717030501,0.00204826327382264,0.00142794961915058,0.00173171349288537,0.00202306288571631,0.00208805580015462,0.0021064551913234,0.00128952407504321,0.00219926377357112,0.00253979801199186,0.00206894767445768,0.00236164499812987,0.00212618546291198,0.00217653468458908,0.00220620754496911,0.00172802187430948,0.00189865066921127,0.00223129043191775,0.00208762874643864,0.00170446962722205
"SG0010",0.00168885990573031,0.0014039730336423,0.00356614624941516,0.00188102605297073,0.00363232222981888,0.00206754142472912,0.00289162803277724,0.00198798403960859,0.00276612177967502,0.00136023869572288,0.00311190178257377,0.00155434782863993,0.00155417753197913,0.0015939047740319,0.00139029812445089,0.00168395309300014,0.00160833466578323,0.00174975730573908,0.00341040099728322,0.0018726994949076,0.00178369681584215,0.00181785352114832,0.00131778305206414,0.00306720410295455,0.00314840258616346,0.00258764936451692,0.00245236517665371,0.00322806108030996,0.00166280793760697,0.00133863568032332,0.00154315102132677,0.00220650595056138,0.00166098177637531,0.00163152678751273,0.00136206088393387,0.00156062079598195,0.00236904000442772,0.00302197226380315,0.00355008569895428,0.00275666132377243,0.0033847132405178,0.00188280636364582,0.00364103564661701,0.00180278026144016,0.00187510890559554,0.00181460989224622,0.00364429004255812,0.0028041889803584,0.00208689072973748,0.00188136990144798,0.00239743811612523,0.00189245805301952,0.00170600131268419,0.00302329057847251,0.00182794121096072,0.00342541724270565,0.00162468937712505,0.00303310991375932,0.00259322097736309,0.00127866428856213,0.00164390724623627,0.00206373604901108,0.00212892235177908,0.00243228016438165,0.00136153733700185,0.00336945771707085,0.00215088845649173,0.0020935862711325,0.0018919248596486,0.00234836538351321,0.00301590388351062,0.00334560234084303,0.00239653837538675,0.00169380360307209,0.00139714517599635,0.00320490886868949,0.00136021715250894,0.00197666164400749,0.00318601840595103,0.00259760276399835,0.00136198429216385,0.00155581441783508,0.00135879523067664,0.00165196276671507,0.00270615823245558,0.00134126352463119,0.00347983601314616,0.00313445857248905,0.00283435332443028,0.00277042726422219,0.00265363308735205,0.00249260160517712,0.00312986181103222,0.00162315146708631,0.00162857114780332,0.00177583859288392,0.0024940590167043,0.00184258966584876,0.00273531902362151,0.00260362597532109,0.00289048027869258,0.00183653223623884,0.00138541260833175,0.00246727701419035,0.00155369403517466,0.00233981594673873,0.0038388727027424,0.00259931699158811,0.00255111845411192,0.00312314545021031,0.00284480279004693,0.00202351759076067,0.5,0.00181103459732315,0.00162239920853182,0.00136075734688396,0.00139068747919238,0.00155507466614179,0.00155233064368304,0.0015993477132564,0.00171091984195979,0.00257562159099949,0.00193384968707534,0.00140640613407731,0.00160322519217654,0.00318507145697549,0.0029114105007337,0.00263134955193096,0.00201441828593303,0.00304268906623267,0.00290165389912497,0.00364379786004162,0.00185135017379409,0.00242565754195302,0.00170829502522414,0.00198353207038235,0.0023966335152805,0.00369211952347725,0.00314925670029066,0.00324351702357891,0.00302364799069449,0.00144574138583264,0.00174704374787555,0.00160571518676316,0.00292384934764165,0.0015800771261351,0.00159863688063263,0.00189839491281527,0.00176491392306532,0.00193760263739533,0.00182816524088579,0.00361600070172192,0.0016849307634682,0.00301950415234466,0.00263855827363506,0.00185354848476029,0.00151587633991751,0.0029497731603892,0.00234835293730902,0.00297053874263759,0.00276400640047608,0.0032319424853153,0.00315991816720364,0.00371327937129724,0.00330383565653038,0.00252434732732604,0.00135805985718011,0.00184030383937279,0.0023667608981569,0.00178489948079847,0.00256595058676285,0.00239005752432026,0.00247051597576805,0.00205336208808473,0.00205854660347424,0.00141507650937662,0.00312282365845755,0.00266323730181366,0.00164093583966055,0.00297134844241229,0.00306256004382128,0.00309014404405542,0.00255459904347036,0.00178537876662533,0.0032983876380485,0.00269502862847769,0.002499622823354,0.00249399067437189,0.00193276246205461,0.00180774929929242,0.00375676495811493,0.00210823674839747,0.00192695275238325,0.00191174278591161,0.00255239775185069,0.00337569700187533,0.00280704361970893,0.00315064964495539,0.00349706250467165,0.00153339039826702,0.00179788419264098,0.00351621983998552,0.00353577334100714,0.00302133756893512,0.00189657879670352,0.00281133149992158,0.0021602795520858,0.00178816981826056,0.00329293697664547,0.00173051515839868,0.00145123062413349,0.00324700938478436,0.0032415896287503,0.0031017990769493,0.00226723274432222,0.00263643103182399,0.0017287214443847
"SG0018",0.00349356124792389,0.00311084714204707,0.00189883931756732,0.00339281579840245,0.00163333841377876,0.00342933353670351,0.00168567736876589,0.00139476860060018,0.00174770985499042,0.00319731467508957,0.00183969184042766,0.00346412635553312,0.0034751648921285,0.00346097691687009,0.00342762258383957,0.00187806152110043,0.00341614169882084,0.00195775109370885,0.00190724033388318,0.00192038833592041,0.00368503892811781,0.00198392924118019,0.00305702290012349,0.0017026717822594,0.00184125420469859,0.00141601017179383,0.00122875251439998,0.00182317408315322,0.00188551586166853,0.0031431747455384,0.00338665038715494,0.00137934682362574,0.00357919280473994,0.00347914947037153,0.0033725874257287,0.00341133873133112,0.00190585543958438,0.00180599059591408,0.00131141177880976,0.00199175838058484,0.0019299398916156,0.00365226423722886,0.00188648311643634,0.00204366088543689,0.00370174421234807,0.00366377826688106,0.00197340201349446,0.00141084005377092,0.00144145130935195,0.00328262829912286,0.00188013740503372,0.00367689791929821,0.00343167939697126,0.00194124870810209,0.00358686997333221,0.00186274634345668,0.00359212057657742,0.00183819640026113,0.0018147727228279,0.00303125590110659,0.00362624014628151,0.00130475776981636,0.00165310059594079,0.00170231194640301,0.00320102973460053,0.00130388622232748,0.00135093542107114,0.00346399741804327,0.00370993280687344,0.00140822879273884,0.00164557172054897,0.00193455156881425,0.00204120708912518,0.00333362705589122,0.0015434506862248,0.0016415714566087,0.00319717247674315,0.00127334114708565,0.00167607112714966,0.00171457958799618,0.00337240949349386,0.00340883378342376,0.00336373611344563,0.00348184379021369,0.00118531757456707,0.00310334950314237,0.00177926472276786,0.00192582034378718,0.00177116762883794,0.00141875274506852,0.0018385503999822,0.00121738067531596,0.00193014498211358,0.00186721725602146,0.00350159006520976,0.00311629084175453,0.00191530961297676,0.00367069503594258,0.00192345311416003,0.00144412147902551,0.00161029470316529,0.00361955532124442,0.00344552202237062,0.00181000559627043,0.00341211837401536,0.00168895601359775,0.00176327115781739,0.00138922678340144,0.00176454892873503,0.00190457245748837,0.00175852728582362,0.00185778944822783,0.00181103459732315,0.5,0.00342521896587956,0.00336971808095847,0.00342669316330826,0.0034388647981285,0.00339375780825771,0.00308026617547166,0.00348256940944431,0.00167943523277791,0.00337253062699284,0.00345087972325714,0.00170869462310878,0.00178093363253514,0.00192336386670016,0.00125540806542647,0.00345081914521728,0.00173947924002556,0.00179738029776476,0.00137414079808618,0.0034233147581648,0.00115951313513359,0.00367946857591151,0.00351398199685868,0.00128763696924556,0.00189258321637623,0.00137599510533822,0.00186756368265812,0.00143714724796883,0.00309692087809227,0.00352858845984279,0.00310331125201397,0.00128720857074307,0.00345214925149958,0.00181875531880287,0.00112691892258689,0.00359737119290496,0.00348180532274146,0.00170677537050624,0.00162101399083449,0.00364018272410878,0.00143093874143784,0.00117439727048276,0.00373519435926791,0.00146807355112384,0.00204544208364212,0.00179397789362213,0.00179947004536713,0.00166523855818374,0.0017722091663776,0.00168800952552669,0.00193914552478989,0.00182151030911461,0.00201505343274351,0.00336128908979015,0.00369229121676135,0.00194939825484717,0.00365552464596513,0.00123444061394172,0.00184384352296268,0.00207556306553256,0.0031852229875746,0.00167529814383757,0.00355758174058156,0.00182536252309601,0.0016785591970223,0.00346144810738277,0.00135678967753335,0.00165803478891112,0.00171156843247521,0.00174311778549115,0.00363547038693894,0.00186511791252969,0.00136825055318439,0.00164959022923768,0.00122584272209956,0.00182849216454677,0.003332668397916,0.00167927124415527,0.00351582864964343,0.0018952034056533,0.00186658965959273,0.00189131137608373,0.00171860605685672,0.00138178652638759,0.00190866433591124,0.00200531383461925,0.00144317691186647,0.00364288784746189,0.00186597602852998,0.00172998101188372,0.0017694352332507,0.00355068370688141,0.00178244052800139,0.00127329923032644,0.00364915033121286,0.00140955071299033,0.00371742799138764,0.00144803438098441,0.00182282937453594,0.00141791862813659,0.00189932470959877,0.00171054531934131,0.00168558403560812,0.00369166847493084
"DU0054",0.00348660383024319,0.00297640983564489,0.00168592168006123,0.00327744527449167,0.00168124748135131,0.0032952603933506,0.00173965328355813,0.00203157185488929,0.00125079952592852,0.00346789806472464,0.00162911928244494,0.00348579829871772,0.00347464305843061,0.00355399311545492,0.00349104598652677,0.00203605247919907,0.00345304412755858,0.00138245941120119,0.00164272216760823,0.00161134162562045,0.00344490845662969,0.00161362459939039,0.00308846386182203,0.0016342305780683,0.00189532232695016,0.00158857900375813,0.0017352228425172,0.00163856649732004,0.00171992818848583,0.00310659201498166,0.00348300538218225,0.00143785736017385,0.00350089321557784,0.00347046531935222,0.00347240292866794,0.00350452901677594,0.00146270402243983,0.0016346429061773,0.00241437892771218,0.00174588658931248,0.0016490027766229,0.0033387295810823,0.00166785768284292,0.00177592865947039,0.00311124917024026,0.0031321249234113,0.00141638026162052,0.00125312422699819,0.00161063548465214,0.00326304781099877,0.00172877383790117,0.00332151445152868,0.00296547543778354,0.00181675410077476,0.00335059605072212,0.00187309823648626,0.00356397132227724,0.00185894762504552,0.00186860240592337,0.0030840640936234,0.00349069246276692,0.00202265154380086,0.00214602450472174,0.001276516562469,0.00347154499729053,0.00221730984733284,0.00121540787645518,0.00330697963725863,0.00337147842105662,0.00121650728879697,0.00168168436796546,0.00140256577425008,0.00135052329639304,0.00392599240709457,0.0017795436357902,0.00125697048293518,0.00346777397716935,0.00174915944232301,0.0018986813188988,0.0019238862914181,0.00347222804390577,0.00348671760673985,0.00346431951269628,0.00337982884886318,0.0021484063975765,0.00315068531997287,0.00178043215363858,0.00173484391981539,0.00180641504115749,0.00213119288184066,0.00125473414151894,0.00131439129594022,0.00165422324491398,0.0019724869198846,0.00353222633381144,0.00294429468443567,0.00138006454345633,0.00345649261228409,0.00139331457056853,0.0012340076174865,0.00234120263226542,0.00343010310679171,0.0034207907077722,0.00160481680700527,0.00349006521475056,0.00176662626894464,0.00138620637726471,0.0023713123314534,0.00166799887859773,0.00177524892182046,0.00190127922554383,0.00129199371724666,0.00162239920853182,0.00342521896587956,0.5,0.0034699701548621,0.00349061195379898,0.00348523827700192,0.00348957430312453,0.00356059577952317,0.00373884660465218,0.00208457565087282,0.00331197624888317,0.00353278005926057,0.0018236409077548,0.001734109305612,0.00182215599395139,0.00248181867929514,0.00328515294803429,0.00164732845341167,0.00176787540651393,0.00120745416575584,0.00345455990806514,0.00303397581414732,0.00347294333903637,0.00298484519870543,0.00133966878819861,0.00138815788116066,0.00141694296443949,0.00185762264072483,0.00165134572654827,0.00418623475476894,0.00344102095363858,0.00296036321533879,0.00134120539574039,0.00351349245622627,0.00243268354941253,0.00322113801500479,0.00334239436594007,0.00333539840600864,0.00166648940671057,0.00140729767025596,0.00346149717784815,0.0014140016947473,0.0029447418756718,0.00338301295055184,0.00138913067988309,0.00171649729605348,0.00185985247722164,0.00186603888540517,0.00177524173226244,0.0012454347782318,0.0014042480332989,0.00158762676487071,0.00182887365093475,0.00183407087548729,0.00346189169029721,0.00347043485293066,0.00167328307774569,0.00342086907369251,0.00126041814232919,0.00158213803496806,0.00137157233372263,0.00297093247836434,0.00198577753318289,0.00356567171271281,0.00181747220583155,0.00156969252252179,0.00395174602652907,0.00229055284816513,0.00142123940722296,0.00179904935565086,0.00188821423968347,0.00346444304184616,0.00181201318172442,0.00142038556159638,0.00173907272625274,0.00260385633664318,0.00160778893698886,0.00375767866589062,0.00123535411306854,0.0032532374862593,0.0016684237995443,0.00180113538079278,0.00180608626924905,0.00191723444663747,0.00125166449907903,0.00182879608154163,0.00169285667040953,0.00117613411640382,0.00346089818176573,0.00167461496265172,0.0018426343091115,0.00146508526102662,0.00346168095195546,0.00178962417087005,0.00133756289652827,0.0031543082210091,0.0014284983133331,0.00315879878764878,0.00143966229144275,0.00168710870065463,0.00127426223327499,0.00174305666677524,0.00122419802063472,0.00156002571211943,0.00345620015754461
"DU0055",0.00380306026450029,0.00377508603354934,0.00140499753516838,0.00315492615095455,0.00116067955500522,0.00310212015606544,0.00137933231710141,0.00117558311840687,0.00118099479966221,0.00413211258334587,0.0013902474557792,0.00387463359008633,0.00382669033724761,0.00388335945873978,0.00394554985998968,0.00228314595864331,0.0038121325346274,0.00125233614742812,0.00137367870207397,0.0012949293406335,0.00353491120670334,0.00129805318536107,0.00391091858073345,0.00140938377986606,0.00198028381055961,0.00207551799330913,0.001142396971903,0.00138845490698182,0.00187386093461429,0.00373863329199911,0.00397007218866046,0.00219297305474374,0.00362183845200473,0.00379112967353481,0.00414714178351444,0.00396484545345296,0.00129621356917631,0.00119753392506714,0.00113191560022081,0.00162447339314489,0.00135828354682168,0.00314278431021212,0.00170785062018307,0.00167265498224768,0.00300957228883758,0.00303623741954361,0.00124298589486903,0.00174749833114419,0.00191197033935275,0.00311929118777189,0.00184613544881813,0.00313454542535207,0.00355731451517622,0.00169826197996301,0.0031523925032119,0.00199494228723284,0.00376153904719901,0.00198937116765376,0.0021571559791197,0.00401131825600097,0.00366839470637828,0.00109032881171111,0.00152999558146279,0.00180604277994764,0.00417152555134468,0.00118172731003662,0.00190904938208922,0.00311584596439316,0.00316368600969578,0.00113033811791394,0.00118700203314691,0.00120016416130589,0.00117347913711079,0.00295437923822781,0.00240164625537933,0.00187135825033626,0.00413056648881857,0.0020962987304032,0.00216727538904733,0.00199386112807092,0.00414768849898647,0.00388169737969529,0.00412166963157309,0.00354720541550068,0.00110536805377795,0.00396156153979739,0.00186702000503065,0.00192470188004823,0.00205505326326686,0.00148467749760679,0.00121865109320027,0.00195394335076286,0.00140275798738992,0.00242808283256293,0.00371377725373018,0.00367027074646142,0.00116044304491709,0.00347470747145088,0.00120112871857952,0.00134939316806127,0.00111373576462409,0.00345510366118223,0.00391922186020362,0.00130809281188133,0.0039348249765562,0.00124922098479488,0.0011936217270539,0.00113581776257133,0.0013171494959886,0.00190481319630751,0.00175264844829595,0.00192704475751782,0.00136075734688396,0.00336971808095847,0.0034699701548621,0.5,0.00396975552838348,0.00388004771360261,0.00397441725452176,0.00366256443946682,0.00314431687365506,0.00193108848055405,0.00343712431363446,0.00392362910109135,0.00208965981868567,0.00142787502565103,0.00174984267495025,0.00112633480400109,0.00301030769850622,0.00164321162444661,0.0018620575889993,0.00116180778385779,0.0034379682924069,0.00105336435734885,0.00346630911871231,0.0030236199233463,0.0020858631631942,0.00121816066389709,0.00208312391646555,0.00205159255334009,0.00211676892193714,0.00298756290272044,0.00322034820334912,0.00369362883386627,0.00213139046263815,0.00384011581947105,0.00189236430549382,0.00101188220362228,0.00314972313873389,0.00309455393069156,0.00139082013396791,0.00164862951711667,0.0034785241606539,0.00193064751506226,0.00106651022003047,0.00319843490457673,0.00134260997620102,0.00142758922306827,0.00223976978481189,0.0020127277479361,0.00238609537629483,0.00122499416134696,0.00118711899130125,0.00135713684470889,0.00207769480057595,0.0018893400622115,0.00410035114672336,0.00343300429885822,0.00161901968490469,0.00354137319666539,0.00191190611676486,0.00131223450555816,0.00116425742054045,0.00314933564930631,0.00211790693536836,0.0038926601448081,0.00198459481812875,0.0011895407683203,0.00343171389343506,0.00116231505128539,0.00191619915994443,0.00212425496642287,0.00190207893275119,0.00355576295918505,0.00179881114245742,0.00199083075483141,0.00113255498905697,0.0011257309192715,0.00185706412784242,0.0029193045913166,0.00138038644996948,0.00309736665993195,0.00116440751623172,0.00171014252293092,0.00187791037022313,0.00116854981404783,0.001893498954695,0.00172719422301442,0.00140995909375931,0.00116214987072531,0.00316562175962545,0.00138832922612031,0.00118110133149457,0.00176734561648296,0.00341755891767012,0.00206409248640873,0.00221694001272173,0.00306160069624117,0.00204231753928048,0.00307136204243885,0.00203350774866236,0.00127360374069894,0.00124385285815346,0.00145836366571157,0.00132800221381384,0.00131407333366831,0.0035853880344999
"DU0056",0.00377595585783884,0.00359529762293871,0.0016463477134419,0.00334835209617006,0.00116560050273899,0.00312193026806115,0.00160257686187598,0.00116809006933404,0.00117247294864351,0.00392289033376171,0.00157480496197455,0.00376517305519338,0.00376786040649158,0.0038935890544363,0.00398010282518763,0.00232263074301234,0.00368434022205408,0.00125016707910991,0.00161788205540091,0.00128522427339315,0.00357191303795274,0.00143149882956887,0.00366595819265994,0.0016173052041923,0.00205079290736095,0.00188726561788445,0.00112880583132073,0.00157225469586683,0.00188138189579951,0.00357013543947879,0.00383006686645862,0.00193826081853721,0.00368482624040495,0.00383685959813966,0.00398656721276717,0.00391299404154362,0.00138970249575286,0.00119822957206861,0.0011306711067104,0.00168992634209269,0.00139718048057952,0.00331938416866528,0.00174219221802696,0.00170354960468968,0.00300316491990601,0.0033210548822336,0.00138330714008338,0.0017045946704931,0.00178606699948576,0.00310591690938209,0.00182807641292333,0.00330070381686437,0.00357343595014098,0.00174499106848764,0.00338357954812359,0.00204213388178291,0.003797407514114,0.00202889525296796,0.00214229289390581,0.00369064308365257,0.00370066217689663,0.00109025416928721,0.00155340621326306,0.00175718217876897,0.00396157964663941,0.00128409941636393,0.00173687839177001,0.00312911913150195,0.00334458650244118,0.00113344947131862,0.00118097777451834,0.00134817951827558,0.00118627860079241,0.00294034255128638,0.00220105552339097,0.00176697166455222,0.00392136202142571,0.00192306375136277,0.00216240039149187,0.0020192505283007,0.00398633651026334,0.00374614937140684,0.00391277319910005,0.00361922187867965,0.00109515958579209,0.0037640340479911,0.00188061492005873,0.00195033054726371,0.00207302324306253,0.00120069178428843,0.00121494499031835,0.00181489416768428,0.00159004072502833,0.00236166874273119,0.00377774932102757,0.00350314876102143,0.0011703360537235,0.00349658554715507,0.00121101861830071,0.00154856420674425,0.00111504225990351,0.00349255776479271,0.00378039859151819,0.00134021828963918,0.00380343615202594,0.00113163751412151,0.00120066649121423,0.00113967842481407,0.00152204522005309,0.00194164579725199,0.00178485168942975,0.00184825486935703,0.00139068747919238,0.00342669316330826,0.00349061195379898,0.00396975552838348,0.5,0.00385411009906279,0.00383620026616232,0.00353034746550041,0.00339107990608018,0.00193543645367697,0.00344966063280133,0.00393073458593086,0.00196338198766963,0.00164964886428248,0.00182415639916429,0.00112104779907116,0.00331543310915567,0.00162283773340525,0.00192952612822684,0.00116113282231341,0.00342342363405803,0.0010502879831987,0.00349310298883632,0.00301196422695477,0.0018342602853819,0.00122506897984013,0.00186483516966721,0.00208308326369192,0.00192732532174515,0.00309145802656346,0.00342967705088965,0.00353244014977492,0.00185509590358564,0.00388587095805234,0.00187737883382861,0.00100917302744114,0.00334362168372182,0.00311855755826116,0.00157845468582135,0.00164954351771589,0.00350503484539512,0.00178955521078913,0.00106362474127531,0.00342597008919152,0.00134266393191505,0.00162532971536874,0.0021697761347455,0.00206342693651047,0.00223064602684036,0.00122847099001838,0.00119432832932698,0.00155226006906553,0.00214029649846899,0.0019112726051764,0.00389173205954167,0.00346741805940768,0.00163292284438347,0.00352005857650261,0.00173549208178176,0.00150581250981083,0.0011757979584973,0.00331959951859135,0.0020731011232338,0.0039024102466302,0.00203986814306486,0.00133555167594662,0.0034417024488209,0.00115954777167913,0.00182302534174312,0.00209268588850341,0.00186479139170493,0.00358323647871234,0.0018344411934729,0.00180377278281426,0.00114240214605459,0.00111611940741386,0.00186278033759216,0.00290794031750756,0.00157803401309798,0.00311825841902044,0.00115852225132378,0.00173605510709732,0.00193150221808438,0.0011706669196731,0.00172929272451323,0.00182048113317422,0.0016285714073071,0.00114003854420589,0.00337990821006927,0.00160144182296383,0.00118696838301611,0.00184065400410052,0.00346261449564263,0.00208633263691495,0.0018994017361822,0.00319234934822921,0.00186445311352218,0.00306599595236352,0.00188365643563166,0.00158770068979297,0.00123932473112853,0.00170053627645787,0.00158630901939026,0.00151360211348024,0.00361376703697515
"DU0057",0.00360602888500147,0.00362530625962772,0.00167047164136818,0.00333346304914521,0.00116287654395542,0.00329756926623037,0.00157759534660782,0.00116419750549121,0.00116487770169194,0.00388090520556138,0.00156562783310745,0.00381797629262732,0.00381911490049093,0.0037771809073055,0.00386235350429467,0.00230491247540439,0.00372067446237964,0.0013762990411407,0.00164813674146559,0.00162437598363626,0.00352497081505974,0.0016447761067806,0.00373223579143722,0.00159511251444121,0.00193533757008234,0.0019214629706526,0.00111753715740395,0.00157311332437913,0.00173482255864082,0.00370344209210492,0.00384028597852064,0.00199297191137171,0.00367369978687791,0.00375041849105125,0.0038816785614095,0.00385025493188294,0.00148604968846129,0.00119280158830107,0.00112456308457811,0.00171985309308414,0.00158380980249131,0.00334481647837043,0.00171219462736583,0.00175740918298066,0.00312951228903491,0.00335016860861665,0.00140905574589832,0.00180734896845053,0.00186401106346657,0.00309014202029385,0.00174789413817157,0.0033259000230705,0.00364284582101512,0.00177771016258983,0.00339468553142508,0.00194724568807329,0.00369417587012611,0.00191262822055545,0.0019636495282151,0.00376762105528165,0.00360742830339239,0.00108672548696955,0.00152631203914023,0.0017531524301548,0.00388257143616754,0.00127519603738732,0.00180634897983357,0.00330878094018173,0.00336751324173777,0.00112603811439943,0.00117971471991906,0.0013478023470349,0.00129544689008676,0.00292458857005823,0.00216640001008504,0.00179343192548748,0.00388088595161036,0.00196311771173118,0.0020156473510138,0.00198765379567951,0.00388148332242171,0.00379879606172048,0.00387713907586385,0.00362872804303341,0.00108875150183094,0.00384048357979183,0.00184102184954347,0.00180767803509042,0.00192438509600202,0.00119046945463553,0.00120991926456425,0.00188581242679846,0.00160660538259185,0.00238121258479853,0.00374030150122293,0.00352339932909708,0.00131515653216726,0.00349117594518703,0.00134620181308233,0.00160385979963915,0.00111057249822031,0.00344827165530742,0.00377232174856438,0.00153532042425809,0.00385065832206004,0.00112477807112153,0.00119458349536763,0.00125929590148644,0.001557065612533,0.00181853060170717,0.00178638698366637,0.00195161613664698,0.00155507466614179,0.0034388647981285,0.00348523827700192,0.00388004771360261,0.00385411009906279,0.5,0.00385762824758892,0.00354548266095834,0.00339898580261994,0.00193262090497194,0.00341309072769312,0.0037686462921046,0.00200713416624823,0.00166449842774583,0.00183815290504402,0.00111488625607307,0.00331212168965192,0.00143158502408974,0.00190082717075749,0.00115172069408237,0.00338547286835851,0.00104537316869366,0.00350710447385352,0.00299695446973703,0.0019062045437079,0.00137800708661413,0.00190913886462704,0.00193158041828304,0.00195489685395993,0.00295433206850698,0.0034183907148379,0.00356602245037315,0.00193018716773019,0.00385577873008439,0.00184534574428816,0.00100491902490739,0.00337496730231838,0.00329837316897024,0.00140647821263427,0.00169506389703201,0.00351626762471113,0.00182169901324452,0.00105771577942474,0.0033947377147178,0.00131304851207088,0.00165255533924776,0.00221246719163132,0.00194898979516598,0.00213561927867889,0.00153735323053075,0.00132372773161153,0.00153970104278324,0.00206740588056801,0.00187062675577559,0.00387607938119466,0.00347407337456859,0.0016065252120598,0.00347457562495028,0.00178484726910022,0.00133962553000846,0.00129178378787847,0.00315030615852452,0.00205841016260945,0.00372137564796193,0.00189201876747379,0.00153061903071039,0.00339953651162047,0.00115107995198381,0.00186293733774939,0.00196125732078829,0.00182703760666458,0.0035364936053689,0.00184865333063176,0.00184479546143424,0.0012871712224198,0.00111099283338026,0.00189551005609743,0.00289207957682886,0.00159601178981633,0.00326305937780376,0.00128908037414897,0.00179575792745115,0.00184780212051805,0.00116546456717977,0.00177845506492737,0.00182996021883843,0.00163060618284805,0.00111658716041757,0.0033708784650056,0.00162969670168082,0.00133336048364045,0.00179749800176496,0.00346494554221353,0.00198983660123819,0.00199091235572304,0.00338560967893525,0.00189784031430825,0.00319650305191237,0.00196107712222387,0.00166086369350168,0.00123449279642982,0.00171968083737094,0.00163085808092644,0.00133606427665398,0.00355415293834876
"DU0050",0.0036185294767488,0.00372243289945093,0.001606345121449,0.00332826732127811,0.00116279627413362,0.00327159488803424,0.00138360562050125,0.00118386566517973,0.00117087205056823,0.00398006350126157,0.00157082830456891,0.00385581574471188,0.00381040499464681,0.00378466119401447,0.00384389599405951,0.00229029910765037,0.00379891107834054,0.00122584926321659,0.00156813574239882,0.00158237606712217,0.00349695802258935,0.00131340201805002,0.00387566079724157,0.00158097762995853,0.00191256527378782,0.00201515213409355,0.00112891982177686,0.00157638379514274,0.00173667499540928,0.00379255926169235,0.00393526494842287,0.00212474897789948,0.00361842758300372,0.00372584202957656,0.0039434964346682,0.00386431671772121,0.00143488939614629,0.00119321209707092,0.00112668898635507,0.00167592725759997,0.00155117976235795,0.00331563573984658,0.0017206561771562,0.00173264152142629,0.00299097684861897,0.00314260401112,0.00124459671242383,0.00180038306711801,0.00195461338227118,0.00309441365830536,0.00175802589730651,0.00330269740721602,0.00358567134935878,0.0017536645697428,0.0033329091983028,0.00192541473021953,0.00367252585114866,0.00191774688019808,0.00197245783533353,0.00393649572030792,0.00358700630821988,0.0010908678165946,0.00152906440349343,0.0017694669994025,0.0039811157624788,0.00117623360304063,0.00188659196021836,0.00329101470410526,0.00334452696320385,0.00113267225199548,0.00118589251265708,0.00120097536310975,0.00125973502929879,0.00292952324658424,0.00224931287291452,0.00186230213279736,0.0039800754653077,0.00207771222821943,0.00203370587636075,0.00196769140703792,0.00394401825396424,0.00386711521379065,0.00397630378515572,0.00357036427812802,0.00109251236071993,0.00389187080401837,0.00185226972865191,0.00179235619722241,0.00192519569097447,0.00119500044850467,0.00121142854884323,0.00191174690670849,0.00159758155855821,0.00242097941181934,0.00371431815235868,0.003612193852359,0.00116988730853639,0.00348960013586444,0.00131157803475165,0.00158083374949425,0.0011121748907934,0.00344730985951524,0.00382487946347017,0.0015111670081611,0.00391059271790019,0.00112799377775116,0.00119447377393953,0.00125261469229063,0.00151972816813127,0.00182678303429159,0.00177911194486586,0.00196202418819854,0.00155233064368304,0.00339375780825771,0.00348957430312453,0.00397441725452176,0.00383620026616232,0.00385762824758892,0.5,0.00360877786659075,0.00333541322830771,0.0019409377484247,0.00339515118748228,0.00378976386092794,0.00210643834813964,0.00164831730229062,0.00178207891448032,0.0011184064835954,0.00299039358403988,0.00160604076588544,0.0018761105470034,0.00115854145420671,0.0033987073375756,0.0010488929227006,0.00348778843309486,0.00300112814841832,0.00204902120376361,0.00121978743751153,0.0020263533278115,0.0019319064989418,0.00205661049377663,0.00295978208107187,0.00342810932292227,0.00367338183915676,0.00207568144878304,0.00382668583488748,0.0018581222031344,0.00100970461430362,0.0033247826472156,0.00310703827311381,0.00158031086806659,0.00169801876271176,0.00349659006761216,0.00191710810884656,0.00106123261375605,0.00336887493793797,0.00132389862813866,0.00162954261149175,0.00221510539286631,0.00194071317845014,0.00220156587933924,0.00122685360058698,0.00132434782484841,0.00137642437157581,0.00201391736792968,0.00185324317361486,0.00397564650701037,0.00345209973788964,0.00161490400375541,0.00348544098972533,0.00188587315043894,0.00133630412334909,0.00117477423495385,0.00329561381903975,0.0020372402020102,0.00371110701156114,0.00188485278073036,0.00149788167730597,0.00341026973471643,0.00115424182088156,0.00192697443331043,0.00196740485257971,0.00184547069619018,0.00351712384396413,0.00182838223232812,0.00194505194010439,0.00114017465878734,0.00111647485691989,0.00188841592261043,0.00289667491697423,0.00159501623204152,0.00325769577857986,0.00115871327101638,0.0017682420940077,0.0018194458302143,0.00116583013824991,0.00188779787951091,0.00176793977302197,0.00161443280055613,0.00112273181692954,0.00335407948912941,0.0015894259791345,0.00118226904207725,0.0017662269591884,0.00343767083270916,0.00199043514810929,0.00216246992142605,0.00316529323070568,0.00199059203364494,0.00316859469353181,0.00202518527528427,0.00161905924071897,0.00123791137450703,0.00167461282936313,0.00156463738348714,0.00131966085153491,0.00351708443094535
"DU0051",0.00315405359007215,0.00373840279752226,0.00158648596025524,0.00334300318440556,0.00171220370600897,0.00309368100204834,0.00183914599748992,0.00182126869942694,0.00124656749481139,0.00366749089777734,0.00161415008546798,0.0035821890881655,0.0035456763071389,0.00341518814831743,0.00353999351318661,0.00205804755732804,0.00358920222285024,0.00127139784851849,0.00140734723294143,0.00137643025037081,0.00328523108144205,0.00124098756918262,0.00386553929605957,0.0017090936731796,0.00164060403418468,0.00207058493144976,0.00173233481739129,0.00161375998814507,0.00134301009552638,0.00365609757291173,0.00362496077685955,0.0021424994210349,0.00329946756643701,0.00342481664128334,0.00364396631667341,0.00352846218994658,0.00132724021351156,0.00165500210279352,0.00195181888232258,0.00127238726042939,0.00157421575153294,0.00328239317060902,0.00172458891503895,0.00125570550477462,0.0029335921537573,0.00295262376658194,0.0012442508027268,0.00188743207652878,0.00197983876306895,0.00323932213634368,0.00141988238968409,0.00323530563069768,0.00354125795223791,0.00143520947644459,0.00327977188282237,0.00145409395361241,0.00315073986155364,0.00145612831961082,0.0014885201504264,0.00388962978993906,0.00311731360119982,0.00203759395115344,0.0019895427179861,0.00187011410676253,0.00366582139268072,0.00207947621197382,0.00200535530501402,0.0032532191709854,0.00292430035842427,0.0013886584487724,0.00176234598916465,0.00122795213952427,0.00122722185427343,0.00358409754867821,0.00192790059406975,0.00196037946161103,0.00366759939677554,0.00225484443241315,0.00190347094560627,0.00200617955330652,0.00364463722994247,0.00360329732624501,0.00366458470146657,0.00349170392692657,0.00211255241049518,0.00389692418576023,0.00173018455596785,0.00160883190894439,0.00170231684111465,0.00198556568441024,0.00142180497349543,0.00199847413350291,0.00162710562304109,0.00211465158276872,0.00339045412740956,0.00363533745309897,0.00137013249685871,0.00294607696815939,0.00123660331871997,0.00164136359245822,0.00190297038431754,0.00310508398080924,0.00364829152095911,0.0015930387438322,0.00359633268048466,0.00178171999797617,0.0015686855020475,0.00186651105597124,0.00165206746496305,0.00144406567014923,0.00173938835060589,0.00201285914683023,0.0015993477132564,0.00308026617547166,0.00356059577952317,0.00366256443946682,0.00353034746550041,0.00354548266095834,0.00360877786659075,0.5,0.00354517556830109,0.00203319785913386,0.0034729471799614,0.00346019363538466,0.00190927268608044,0.00166966358435422,0.00147304954705714,0.00203493617554961,0.00311625004586275,0.00162584790791213,0.00178856044734387,0.0013523208468697,0.00356898893217066,0.00220773390686416,0.00295049425442505,0.00314088106004376,0.00210624827385613,0.00138550545883574,0.00206052562276673,0.00148196700603502,0.00203116530623547,0.00376513120175762,0.00328986956653865,0.0037047251785217,0.00210278876938968,0.00350125242886281,0.00203407903081622,0.00230202184529536,0.00328204318426209,0.00330767884955148,0.00143152614615574,0.00183177644240971,0.0029433582736446,0.00199695304065971,0.00218431353360634,0.00326853920734629,0.00131472156396719,0.00140789925551899,0.00193149161842669,0.00164145854506519,0.00196260921878446,0.00140011151219578,0.00140486850455141,0.00160616783394021,0.00174013020833283,0.00146705197682887,0.0036652648052103,0.00310008495811716,0.00168104412963591,0.00296390690319682,0.00199595342079648,0.00161481784216892,0.00122508891616909,0.00335958377569835,0.002116322788081,0.00319920992642274,0.00164088427542233,0.00139881401355917,0.0035381056688788,0.00194648446980886,0.00195149152162515,0.00173867039410157,0.00167773177975357,0.00310391492933967,0.00143575801640405,0.00205020833179539,0.00171338971540983,0.00210559933810236,0.00194231375849636,0.00353091692975907,0.00167014783614052,0.00326001203045503,0.0015619292957216,0.00141077199083823,0.00128131470173913,0.00179779587224969,0.00197325332412787,0.00164195761084524,0.00160047398799098,0.00126724041625972,0.00332671596437393,0.00161600374323547,0.00180527939527575,0.00181273426895084,0.00328146886853017,0.00175919549791779,0.0021754956099233,0.00298029625530335,0.00204065055767046,0.00309791790029504,0.00199828314308835,0.00140656502133649,0.00127882328279794,0.00162781142298789,0.00166587725676835,0.00163355394856402,0.00313657070649784
"DU0052",0.00337305072689894,0.00307507250902868,0.00185925935767151,0.00314985622850338,0.00174736593728626,0.00341884772660643,0.00181312292735491,0.00194054074159074,0.00126684606360222,0.00314292197362539,0.00170656587898222,0.00341401269421064,0.00343906582152952,0.00339813686066177,0.00340764874915506,0.00198756187523846,0.00333591377474832,0.0017571413410098,0.00189803969444286,0.00177235385394029,0.00340143066190395,0.00188853739133515,0.00305657707192317,0.00167302558787153,0.00178771904366175,0.00141238330091804,0.00172278676092682,0.00172310304226225,0.0016665904455077,0.00314868057133508,0.0033275947134931,0.00140013421578638,0.00355316951813344,0.00342635489256918,0.00314547464250173,0.00335168588703576,0.00196232131185246,0.00175226315178995,0.00206685668374614,0.00184725381972406,0.00172138005766946,0.00343048861511931,0.00167988942585556,0.00183509241185812,0.00342284802332368,0.00353710600344962,0.00179169260954011,0.00161840462006105,0.00145728769462822,0.00326479186776415,0.00148072205784834,0.00347234930417329,0.0033934051755155,0.00186633234062331,0.00353264580641492,0.00178958745215063,0.00348290142025357,0.00173016781518404,0.00152286706580187,0.00302972485985382,0.00350029175476612,0.00202620596600099,0.00208408566889404,0.0012821983428487,0.00314583741682649,0.00218291819618667,0.00123898311245174,0.00338937449735041,0.0034954181027034,0.00143094376312032,0.00178120722019431,0.00146740305295637,0.00174292082005306,0.00367636924124736,0.00148479921395356,0.001581328188336,0.00314281176844757,0.00175815969720163,0.00174806198379134,0.00186303606086676,0.00314535296777881,0.00335484142317567,0.00313985493924786,0.00355694000980917,0.00211361914073392,0.00310709164480268,0.00167874687180585,0.00169150165585338,0.00168892821687007,0.002044214910313,0.00138869055811649,0.00129393616682884,0.00173697616012886,0.00187439826530864,0.00344757572527263,0.00306971601819975,0.00178140038720865,0.00338461200798349,0.00175803035918797,0.00168307521357004,0.00205573761289979,0.00336635190319634,0.00334113453452852,0.00182123965605429,0.00335658026603215,0.00183125199359198,0.00144892969155997,0.00208496061798554,0.00179169026088403,0.00172787558875091,0.00183766710642202,0.00174462185006337,0.00171091984195979,0.00348256940944431,0.00373884660465218,0.00314431687365506,0.00339107990608018,0.00339898580261994,0.00333541322830771,0.00354517556830109,0.5,0.00192870468941111,0.00337377232042598,0.00336821280483165,0.0016705521885198,0.00178468556340471,0.00185643609855326,0.00220525040641993,0.00344357735517869,0.00144834291301688,0.00178355147787122,0.00134957037235311,0.00344516314583406,0.00239913157137891,0.00348305486899911,0.00316792905462204,0.00131779761593038,0.00175875592112796,0.001386984428157,0.00172191000477004,0.00144635379287179,0.0038557378692719,0.00343634253127053,0.00307556972136222,0.0013113882385642,0.00343660351504133,0.0021445064172582,0.00252937414775149,0.00350725126333176,0.00351421204088041,0.00148719294225449,0.00163926885592933,0.00348283048888185,0.00140935224561471,0.00236147183435549,0.0034134914700131,0.00140916481349621,0.0018160434483043,0.00176237381633499,0.00176813715219906,0.00146696541575213,0.00173670144514211,0.0014592579497053,0.00170297418808928,0.0018201481169602,0.00184129971892409,0.00313777724800781,0.00342465614562389,0.00172079512502713,0.00333566822271361,0.00137860912329707,0.00170898819663775,0.00175539350760794,0.00313286861244816,0.00190219015117501,0.00342503972756302,0.00173557813565764,0.00178354966742451,0.00369219257084085,0.00201816297826812,0.00161648644883118,0.00170258688414816,0.00172715234584903,0.00341388889281356,0.00183939334211072,0.00139496697070341,0.00187996307108886,0.0022256196526847,0.0018859198621257,0.00363328188733113,0.00143055596907123,0.00334342357464751,0.00175751957150734,0.00178353806089714,0.0017653154041734,0.00193432492182643,0.00123959453703117,0.00194489949155739,0.00177365556151622,0.00136506238493544,0.00348109764650121,0.00180870975485967,0.00204354343559034,0.00177514541032302,0.00343123263828582,0.00168123392887941,0.00130065565918619,0.00357352475885997,0.00141138093499233,0.00353330626368975,0.00143263095198495,0.00186098785414079,0.0012828157186604,0.00180564490359756,0.00167322015848794,0.00168359725065834,0.00344786905087616
"DU0053",0.0017312390265028,0.00176526319674201,0.0029121045483197,0.00142641766300256,0.00257577382780548,0.00140457026542598,0.00349959062849681,0.00178909666791515,0.00306200169288187,0.00193134974513852,0.00325085908662526,0.00194102993506331,0.00192639930873104,0.00191647840488137,0.0019364267284405,0.00213447667773341,0.00190292234131019,0.00132818579898469,0.0024107355508833,0.00138086231319527,0.00168909628914588,0.00138508424464173,0.00178592615399754,0.00214180905175773,0.00270677143803889,0.00375663237884282,0.00366607257003198,0.0033554274123211,0.00164576388964585,0.00177130828707415,0.00193985939031166,0.00347998469954339,0.00177515341067208,0.00187450822322594,0.00193296145439705,0.0019531276245422,0.00313643430496413,0.00321842083125448,0.00318561020957545,0.00342455249141987,0.00221801223789008,0.00141845107188817,0.00284939806695914,0.00165952033133872,0.00137251949026689,0.00137363553939765,0.00258259371942474,0.00224618414857722,0.00195280949664123,0.00144260294013347,0.0019739245757505,0.00141078441571839,0.00172485926467093,0.00351188844933725,0.00161776131436621,0.00294079752548878,0.00179297290093904,0.0034299345995327,0.00376998017495206,0.00181151387132243,0.00173419993225224,0.00230690664589552,0.00213253468906445,0.00211201215008904,0.00193217652195195,0.00319539182037979,0.00186003093759744,0.00141808780343177,0.00162229090360108,0.00147297799335926,0.0023095311603121,0.00199473562150178,0.0015125403970475,0.00185707313790032,0.0018856226138725,0.00316256364887976,0.00193137429280599,0.0023300826024747,0.00317513309629503,0.00385822713353954,0.00193282404497073,0.0019499776055293,0.0019296211871851,0.00179965558352447,0.0043462568810646,0.00185877378687323,0.00297412017959281,0.00325883365155511,0.0024428784743158,0.00382785371972614,0.0033117908772587,0.00372872099872065,0.0034977106815015,0.00209457716892174,0.00185174342492518,0.00170538554088257,0.00141084479185475,0.00170914565503262,0.00184258878287103,0.00192920952838522,0.00248586776168075,0.0016980394652251,0.00189218349814021,0.00163719568292572,0.00194495231178375,0.00199022608195582,0.00244336542678791,0.00252881622691893,0.00184479609033067,0.00333929721569038,0.00363470189539204,0.0019649940860547,0.00257562159099949,0.00167943523277791,0.00208457565087282,0.00193108848055405,0.00193543645367697,0.00193262090497194,0.0019409377484247,0.00203319785913386,0.00192870468941111,0.5,0.00145989344617784,0.00190324594849195,0.00190087367419898,0.00238575914357066,0.00353415253875529,0.00396011349330477,0.0013977306710945,0.00330702441411892,0.00245105873217159,0.00234910402495049,0.00181247588756188,0.00280859354468867,0.00172008648742445,0.00126340103717635,0.00362230961239318,0.00255180923280616,0.00309422017524818,0.00294525858435407,0.00305918116989343,0.0020181578886704,0.00168865528697334,0.00172385327882781,0.00326867850827927,0.00195461380784226,0.00223835657157428,0.00260983157234666,0.00141474827885159,0.00160798519476698,0.00142738664077974,0.00276006904670679,0.00171207262234095,0.0025027988588476,0.00290306241892211,0.00163267460952639,0.00137050692718065,0.00352275346649591,0.00350086674638376,0.00333961654249501,0.00351982523784546,0.00327221125321294,0.00195447427859331,0.00263842246197874,0.00311671818963484,0.0032859080003892,0.00192941099143014,0.00171500749564687,0.00182187256581665,0.00166972781897087,0.00216271353825196,0.00139870915578425,0.001551904146065,0.00140066033326577,0.00372947774750143,0.00178497391641271,0.00327075454316981,0.00170771573577629,0.00200141285655382,0.0035060668357077,0.00327531292766137,0.00340873081534513,0.00342007475207598,0.00172419618390672,0.00310944560946249,0.00354671546834653,0.00190418448548418,0.00393033547159208,0.00194319531076639,0.00179548254845473,0.00279745756975515,0.00139676035850355,0.0015973909066105,0.00169234852550554,0.00213970874215323,0.00327767230523285,0.00363291001121681,0.00257033197413789,0.00255673329889745,0.00120903643967779,0.00172714489286299,0.00250386573547418,0.00304628756666479,0.00362351263542986,0.00172617790610563,0.00249900687344108,0.00350138637294352,0.00137098849184427,0.00309604020335639,0.00136553426992577,0.00176180349472638,0.00297379036884799,0.00332593769654491,0.00355398128553431,0.00184735583594878,0.00149578881492094,0.00169150171164325
"DU0028",0.00353487685385435,0.00350713897048627,0.00190639891344945,0.00360361894866011,0.00190660789115372,0.00380482637789238,0.00187081171342221,0.00202222599219752,0.0012439761582858,0.00343841467153031,0.00189831205408328,0.00338052041243769,0.00338889873584554,0.00342605684527086,0.00344993200922102,0.00191833595582603,0.00339850333557434,0.00136701655478168,0.00167270933956352,0.00169798190477707,0.00340882725820415,0.00151329248016309,0.00324980429644467,0.00186733424609789,0.00167387880908302,0.00181712362273201,0.00129162528002283,0.00218620249075416,0.00136671839584023,0.00316570208685752,0.00340453516892777,0.00173801352807054,0.00341202533696728,0.0034249010089652,0.00343711847669259,0.00339317579138375,0.00129521989956894,0.0018299037642889,0.001306343790327,0.00146714164461253,0.00168606726077406,0.00341553089624025,0.00178658420702903,0.00168174003262823,0.00317837620175217,0.00317446743765155,0.00143355808796978,0.00180416553030371,0.00177695379565002,0.00329146702738597,0.00166999375691501,0.00335101955115697,0.0034225447076939,0.00147094334176347,0.00346519340042425,0.00148313265726184,0.0032116181289827,0.00168368695019661,0.00150639263663292,0.00323935146619575,0.00335771255528434,0.00136802149946107,0.001735154916692,0.00182996003763499,0.00343944535352663,0.00143766109427651,0.00168968199638609,0.00370074504647567,0.00300013072535841,0.00183884603709524,0.0017412262319561,0.00146038476137924,0.00130546521226869,0.00310290658118826,0.00175114455721316,0.00181573755233091,0.00343839653948291,0.00185327313902888,0.00169728911510505,0.00170188183811877,0.00343700142668274,0.00338603773442995,0.00343530084741127,0.00346651899089775,0.00118621295549974,0.00331155794264616,0.0017631690471175,0.00170327483530298,0.00176534413382341,0.00167121668464471,0.00177184621543152,0.00145599372075506,0.00181739753590742,0.00186736393372504,0.00351559907311452,0.00362109207663424,0.00181432643702989,0.00318208092239919,0.00128772447130631,0.0019471365949038,0.00129415988501475,0.00348331157462962,0.00347833096770735,0.00190449936415923,0.00338593331430956,0.00172935460284068,0.00217530451383979,0.00122004184848333,0.00210886249895126,0.00165217961269485,0.00193700187663611,0.00156628369813099,0.00193384968707534,0.00337253062699284,0.00331197624888317,0.00343712431363446,0.00344966063280133,0.00341309072769312,0.00339515118748228,0.0034729471799614,0.00337377232042598,0.00145989344617784,0.5,0.00346372264791214,0.00171145619002857,0.00202359093683501,0.00192979672406125,0.0013441420231156,0.00403793362357667,0.00167204870362669,0.00183557643381847,0.00185873939986923,0.00349335545836197,0.00117817354088018,0.00301209103710956,0.00349881913037266,0.00147399581708551,0.0018773312233656,0.00174346319651053,0.0017058588018736,0.00175406539107088,0.00314663778729428,0.00337209815867235,0.00345883249979419,0.00146989267109744,0.00343482148459923,0.00155639325468285,0.0011644097622608,0.00342807170533346,0.00359968698419359,0.00174992414357751,0.00187172911228678,0.00335907224139745,0.0017824109166183,0.00121466474690109,0.00342412074246702,0.00139685734334315,0.00166637002012403,0.00171221639342129,0.00167768573723633,0.00171227518847108,0.00201367980995725,0.00233061789485347,0.00182309613775019,0.00172278588751544,0.00131894027925681,0.0034342492081015,0.00336467434382234,0.00187472744514536,0.00340950260057635,0.00178256918616141,0.00183957827142722,0.00141478346174282,0.00408143240419592,0.00172638580821172,0.00345975050394322,0.00170181043100343,0.00195406756365469,0.00313336959976607,0.00138663139149471,0.00173361418757037,0.00184039088154004,0.00147265514412137,0.00317153793786503,0.00170097027859636,0.00170733568116055,0.00216551285906371,0.00128277482790379,0.00187596299342812,0.00341085501191721,0.00182588601663336,0.00358238272228471,0.00139760895926205,0.00213998365765352,0.00166978438821969,0.00164553208973487,0.00166025452360218,0.00172895370118526,0.00173670993590482,0.00133413041470736,0.00340032629076399,0.00206705167359735,0.00178465246461068,0.0018554934786171,0.00368824098230462,0.00171421697301806,0.00145657107471469,0.0031993223184555,0.00179848976518232,0.00319121538059555,0.00180131448223223,0.00144783935995307,0.00147117223009939,0.00190752064351851,0.00180856442828375,0.0021540044619503,0.00340395634628398
"DU0058",0.00398982641445544,0.00350020174591969,0.00164805334980718,0.0033785545251471,0.00116967943162864,0.00313887409711347,0.00159804647087879,0.00117428669395325,0.00117887917916559,0.00387173920842177,0.00160281781789699,0.00371527548816297,0.00370361259109962,0.0040707974297963,0.00388338627824318,0.00222935314802895,0.00363403966097936,0.00128377277120876,0.0015777859486894,0.00142320810560404,0.0035818228306874,0.00129767755348343,0.00349087271223305,0.00164398617080281,0.00210163766141739,0.00179717106671706,0.0011366731130373,0.00161757606805602,0.00207618688932418,0.00343365308758823,0.00378005534616458,0.00180843957466705,0.00368242612740458,0.00380396956514863,0.00396318565798256,0.00387542428195707,0.00139153667903667,0.00120645169494384,0.00113774149648863,0.00170031011979974,0.00158166439538526,0.0033589157695234,0.00177153721278186,0.00175341283003874,0.00301448453671383,0.0030399464289133,0.00125876463797539,0.00158509381526364,0.00170114093524957,0.00311796354407208,0.00188963577790198,0.00332832032786094,0.00342509669441528,0.00178228861057865,0.00337834975528268,0.00224253106280688,0.0040037385619173,0.00224040281678056,0.00237224264593506,0.00350759661808901,0.00378267256195775,0.00115512952618985,0.00159844127087533,0.00143200465239253,0.00391429315639589,0.0012726396868236,0.00141052492628506,0.00315029850130631,0.00338083923539578,0.00127363778033428,0.00118097920724018,0.00121825205703082,0.00119439592439311,0.00295106386636326,0.0021572309586753,0.00168614272130265,0.0038700485408103,0.00181792550318394,0.00216534187321323,0.00192140998227116,0.00396214794596742,0.00369216080398501,0.00386103267443711,0.00354218745641968,0.00110297851902796,0.00358667520884143,0.00191872679248153,0.00200370168297953,0.0022549838588763,0.00151996702582164,0.00136246330657218,0.00163897432988735,0.0016324205125211,0.00224283617045392,0.0037865952642939,0.00341637047781171,0.00117797733527871,0.00355359504167845,0.00121390872300469,0.00155806667810787,0.00112026004375707,0.00354020008849418,0.00368049898204727,0.00153438600190554,0.0037563189093805,0.00129822116157473,0.0014891004016047,0.00114623328062279,0.00155220591019858,0.00204244681834801,0.00182569910211585,0.00172478840521559,0.00140640613407731,0.00345087972325714,0.00353278005926057,0.00392362910109135,0.00393073458593086,0.0037686462921046,0.00378976386092794,0.00346019363538466,0.00336821280483165,0.00190324594849195,0.00346372264791214,0.5,0.00190659113064094,0.00168868384929219,0.00182009764805293,0.00112662188539362,0.00301210982211727,0.00165325259230445,0.00186498662225399,0.00116696281111955,0.0034511925803269,0.00105590679298229,0.00353161291408532,0.0030217040374299,0.00168278805924402,0.00123061950514027,0.00175417775987059,0.00215157655998131,0.00184168558609278,0.00310713361867904,0.00346591960015618,0.0034502844671075,0.00168357464944875,0.0037962715161403,0.00188839645393702,0.00101825777896023,0.00336446050445856,0.0033000173401627,0.00160497477954513,0.00140434518649655,0.00356043481888164,0.00172128810085082,0.00106990971980412,0.00344447019048219,0.0013777000536235,0.00167308090478394,0.00212040661035803,0.00224748338314097,0.00219664869367021,0.00123172857684915,0.0013509103926172,0.00157403459176272,0.00211915551187248,0.00197348887744819,0.00383782555139216,0.00350625395859874,0.00168371039139418,0.00358172004111068,0.00161166482193693,0.00153627834347356,0.0011843903544314,0.00335446493488085,0.00194884877837498,0.00410717854881391,0.00221562524929436,0.00134507892546343,0.00348640279240945,0.00116916622368125,0.00171546724746752,0.00213940630104197,0.00190320263055826,0.00362947025885239,0.00187399908935089,0.00169077504276954,0.00115218991547299,0.00112076029722743,0.00177687930825431,0.0029195341102681,0.00160761492623113,0.00312866513196979,0.00117305351067473,0.00177334247942166,0.00202178266432089,0.00117797751077035,0.00161288657713059,0.00181082613430479,0.00166376433639725,0.00117112680693245,0.00341015708121257,0.0016283044831734,0.00119407401722014,0.00178510690899591,0.0034989074329638,0.00208072477561137,0.00170534697309505,0.00306437126157605,0.00176069274939188,0.00318593950087649,0.00175615087726382,0.00161087931547071,0.00124767931394681,0.00172364529313378,0.00157080369083968,0.00152109478694576,0.00359357938360217
"DU0059",0.00172920251107911,0.00211524025888857,0.00163211102915283,0.0017043007773017,0.00125949663773288,0.00165469235458435,0.00144728788015563,0.0245316975895965,0.00125359890937528,0.00213949960003957,0.00160946497790376,0.00205625320307892,0.00201483101233879,0.00191702870784354,0.00197750575736232,0.00211377985284189,0.00208308448032503,0.00363213804866044,0.00157871881089916,0.0105320890777964,0.00172837168827699,0.00959863010412175,0.00227151839834607,0.00159339187752773,0.00176214729674493,0.00208352542993084,0.00135342573069301,0.00163001274522529,0.00451117019797227,0.00219277514106018,0.00214235766633124,0.00223391936023877,0.00180301057079589,0.001879422647167,0.00205499216190414,0.00201669910385671,0.00144748788830696,0.00127369414566053,0.0012202579421541,0.0016651824192323,0.00156594929021172,0.00163363946409506,0.00172409941434458,0.0139997062235694,0.00145966473506974,0.0014726297073302,0.00142222024430231,0.00184320494242666,0.00210580410913679,0.00134498768909034,0.00164791480615609,0.00163371630984712,0.00187701625518992,0.00174042904310655,0.0016592038978051,0.00176639108673563,0.0018084961035664,0.00175734170327132,0.00176354807811617,0.00233776744744614,0.00175623520488555,0.00121426805966072,0.00161241670582002,0.00178719430749609,0.00210270589407327,0.00126991644389953,0.00203937529708374,0.00167646605974766,0.00166600629372608,0.00127138173772562,0.00127067762854514,0.00127077663524125,0.00134556306820625,0.00130209774059517,0.0111833158913581,0.00192721433602904,0.00214107163473494,0.00220593255607395,0.0018751991066787,0.0019028439087312,0.00205562807351471,0.00215819636885213,0.00214323811977985,0.00183502467178159,0.00119518781644569,0.00208780098996374,0.00180163354742084,0.00164838780239282,0.00176025202758841,0.00125236135268387,0.001242505813475,0.00192910712500122,0.00163064240662168,0.00226398967234806,0.00186992086471935,0.0019985330488111,0.0012760093321143,0.00173618844658694,0.00138530261314063,0.00166731501884792,0.00121432264795882,0.00173273489410064,0.00205044956480799,0.00158620891369304,0.00209111518433192,0.00123162371613344,0.00129710101134189,0.00134578344238483,0.00159799633796567,0.00168466292011839,0.001759931723857,0.00194438716131393,0.00160322519217654,0.00170869462310878,0.0018236409077548,0.00208965981868567,0.00196338198766963,0.00200713416624823,0.00210643834813964,0.00190927268608044,0.0016705521885198,0.00190087367419898,0.00171145619002857,0.00190659113064094,0.5,0.00168022412214076,0.00176251076063181,0.0012125006451856,0.00148940524817233,0.00163325566847394,0.00179640135659018,0.00125658154704115,0.00172285044215395,0.0011672718127806,0.00175713079205366,0.00131771792938657,0.00220252007524153,0.00127017097835873,0.00212987488476391,0.0017522905694183,0.00212789816234668,0.0013047624891555,0.00173216852625729,0.00210151475628039,0.0022288584060202,0.00196416910704067,0.00182373962984305,0.00114728425414951,0.0016338041504274,0.00163272546040268,0.0251070475436954,0.00174147151332962,0.00174278781663115,0.00202694610303947,0.00117629386942336,0.00167440083114165,0.00805449844552692,0.00163144160242383,0.00201879967103173,0.00178691899660977,0.00201205360016228,0.001287889638931,0.00143006778160631,0.00156130080342094,0.00183780056891826,0.00171864942676928,0.00216360278997849,0.00176457358366064,0.00163647310263829,0.00170690978707634,0.00205193126276796,0.00142196199020999,0.00137129363257547,0.00165230631121849,0.00194410773763797,0.00179581263431826,0.00173057033203082,0.00159189230944656,0.00173081058119867,0.0012508613240426,0.00201382714390782,0.00177488420290993,0.00177124935481434,0.00171932070794065,0.00174565289249539,0.00207955583982588,0.00126344347379688,0.00121764946559149,0.00188540699430024,0.00130500026918904,0.00163363867170659,0.00163343469724838,0.0160014580675317,0.0102259834629886,0.00169427239138033,0.00125076595679363,0.00202916224234143,0.00173580109767556,0.00161967444765718,0.00588411693292116,0.00169234306147992,0.00163169335616459,0.00124924943670532,0.00175439918658948,0.00176108676173687,0.00184828261393521,0.00232247592156243,0.00145993951117791,0.00207428515426676,0.00144725570746213,0.0105605854143016,0.00164632562207859,0.00126431559933824,0.00168794859919531,0.00170487408683958,0.00141701497780578,0.00172386711442402
"CH0028",0.0017417900308365,0.00142484041240447,0.00307327933225396,0.00194878754681948,0.00373034168245624,0.00203036729369387,0.00240027844244748,0.00195957607455697,0.00196161264578045,0.00142620687695194,0.00250901846023682,0.00165814809903689,0.00165996179413643,0.00170583332138937,0.00165002375215596,0.00182265400654245,0.00168053128783679,0.00173600946036314,0.00316946930007016,0.00172240873833578,0.00168313546317117,0.00169574568752827,0.0013434792345496,0.00388379297983364,0.00339637577828691,0.00212734028612628,0.00206629720043509,0.00272633832278485,0.0016482935925819,0.00136174702088627,0.00163957405365786,0.0018444996495166,0.00173332378515377,0.00169283676824284,0.00160346460161169,0.00166650206888119,0.00195196838249184,0.00239677619630413,0.00269895877380691,0.00232678109085493,0.00363683179205172,0.00178332338879179,0.00299591693401214,0.00174651616916824,0.00172878371665537,0.00147264768819937,0.00268788186745316,0.00349236505799894,0.002374908733063,0.00181771248779466,0.00281548134473301,0.00173721245846457,0.0016364107255359,0.00256891775023755,0.00184861517277336,0.00299179144991149,0.00172020082576186,0.00257595886620523,0.00215641737348255,0.0013024518053886,0.00171739120901216,0.00263106416597871,0.00254729203625058,0.00402760825196734,0.00142851346815754,0.0028375847002869,0.00261927048404042,0.00202647653710617,0.00178618909629446,0.00270819171858562,0.00335551466582528,0.00374688634237168,0.00233529037469057,0.00146698708656928,0.00144698876336779,0.00262644429496317,0.00142614667191714,0.00200969177279859,0.00289398888444607,0.00224861555064634,0.00160331899728708,0.001662318113036,0.00142442099039996,0.00169153940579824,0.00274318233349709,0.00138340106676569,0.00302874075065816,0.00254503340548003,0.00360862948977801,0.00242965731497583,0.0027065304361976,0.00203962640438984,0.00255808305640095,0.00174820373865304,0.00176491438185919,0.00173506830290566,0.00264194660845986,0.00174548816027189,0.00313205260500051,0.00308621086842145,0.00333826122042668,0.00183767522212194,0.0016546921620267,0.00288143022458211,0.00166072357289155,0.00277099435985285,0.00338050029893583,0.00328106563878603,0.00304330117829041,0.00253906883130433,0.00254821694036616,0.00199797121462517,0.00318507145697549,0.00178093363253514,0.001734109305612,0.00142787502565103,0.00164964886428248,0.00166449842774583,0.00164831730229062,0.00166966358435422,0.00178468556340471,0.00238575914357066,0.00202359093683501,0.00168868384929219,0.00168022412214076,0.5,0.00257466602529326,0.00217686787130881,0.00209351284843425,0.00250738595200154,0.00362401291033313,0.00343917229318031,0.00175129584276041,0.00316520838666147,0.00171334576330427,0.0018172037676568,0.00196442893648668,0.00308676257148717,0.0025582025391415,0.003024170958587,0.00268804357326404,0.0014861095644325,0.00176971559820085,0.0016217032346971,0.00234852771620426,0.0016811293912157,0.00783118260391215,0.00238544843409793,0.00175835029045526,0.00192167452415303,0.00179616424367198,0.00325942314698656,0.00175738194505225,0.00355539089809841,0.00340263115422771,0.00177297712585185,0.00149634868544603,0.00248659454496678,0.00209866664014519,0.00252500597992985,0.0022897850911957,0.00273099848352712,0.00391514847318197,0.00296884552393897,0.0028194311115641,0.00216193602504728,0.00142316913149665,0.00174764074808382,0.00261664620987574,0.00170198454784875,0.00319398387312756,0.00267048372867375,0.00240209930761097,0.00205859114747004,0.00209344076734416,0.00166480815822756,0.00261826143702978,0.00315945138954885,0.00168008542026395,0.00241586981475783,0.00255811746266898,0.00263328476708242,0.00237128240374565,0.00173615819825174,0.00279545033607457,0.00228940704357026,0.00289373377781131,0.00207756631337415,0.00891929104866096,0.0017839307784773,0.00311958986527233,0.00188077623474243,0.00173193735851258,0.00198864773137217,0.00319135773776704,0.00269558992077022,0.00209128442468286,0.00351571589666332,0.00336333271668192,0.00149880574344684,0.00184102551885622,0.00366089388797317,0.00298167160787149,0.00248234958563794,0.00200218503146974,0.00356675617109243,0.0017974746671401,0.00147022218065869,0.00253236217836436,0.00147661359030592,0.00143856086665957,0.00246785007786519,0.0025386489530099,0.00270368117763931,0.00273474030812914,0.00304837279476805,0.00165745814778347
"TT0008",0.00194528086673227,0.00145346137915334,0.00304940350899724,0.00178569494611245,0.00254637869057995,0.00197688605327234,0.00361353851523063,0.00190324006955212,0.00338792141171282,0.00174693055355538,0.00378937473028249,0.00180300850376751,0.00180825088752175,0.0018472408008242,0.00182435350658095,0.00198736866987267,0.00179658695165561,0.00175733501146973,0.00258435339773033,0.00181846883574661,0.00194636405617271,0.00182583923590491,0.00138038492930622,0.00202702521606043,0.00254556806521058,0.00332120275542416,0.00328643208329954,0.00377027685802025,0.00183868761997609,0.0014103749069686,0.00177536967566218,0.00320653195019205,0.00191901944572172,0.00187770016684826,0.00175343811785155,0.00180148896747098,0.00339139620052057,0.00370339939313891,0.00245461944149815,0.00369816761463761,0.0024404779776746,0.00186515584443967,0.00271113632095144,0.00188838567003448,0.00179143265357489,0.00183219647680563,0.00278288116588015,0.00212011279874401,0.00160288611305288,0.00153277214932701,0.00208431528719227,0.00184418417842652,0.00173532686721115,0.00345909277592859,0.00189164744755158,0.00280869548630875,0.0019152690917291,0.00331694103800463,0.00376305139206217,0.00134733816597047,0.00189590631906545,0.00157279580270868,0.00182828547997924,0.00189639368952669,0.00175009658559813,0.00243160081660028,0.00166170683832815,0.00199786341923674,0.00186298748463521,0.00195791781635175,0.00223325852648552,0.00235958114676509,0.00190027698911119,0.00149135139467583,0.00175442950012443,0.00294896487896561,0.00174684480799309,0.00180581105037668,0.00267437613920807,0.0036006784607809,0.00175327562707083,0.00179775501041248,0.00174501871033669,0.00177197219653636,0.00329363688560798,0.00139083867923657,0.00277507052438285,0.00327417487362873,0.00230573881874865,0.00335828350246934,0.0035039580053792,0.00329039830528169,0.00371162033958936,0.00193050366753348,0.00188144570979914,0.00177007393007745,0.00203669928921313,0.00194015479094624,0.00186245829801781,0.00208172354448217,0.00190947303936751,0.00196255726306029,0.0017979356649841,0.00204474124228182,0.00180216058330661,0.00168200150307765,0.0027839651814182,0.00187495629383746,0.00211961931215529,0.00334035579172238,0.00381407207946388,0.0018599845364227,0.0029114105007337,0.00192336386670016,0.00182215599395139,0.00174984267495025,0.00182415639916429,0.00183815290504402,0.00178207891448032,0.00147304954705714,0.00185643609855326,0.00353415253875529,0.00192979672406125,0.00182009764805293,0.00176251076063181,0.00257466602529326,0.5,0.00335313549558403,0.00199704235786966,0.00342451579398896,0.00235919542598285,0.00264236005440494,0.00174595116304311,0.00169672231153903,0.00192793643725327,0.00182648730735481,0.00316907277612234,0.00303854207072929,0.00247898893722716,0.00277507774734223,0.00245902052014365,0.00145747617987687,0.00185829964306562,0.00146291163089103,0.00259034298916743,0.00185741651130159,0.00243780310650296,0.00144969696741477,0.00183181166982479,0.00195799775365919,0.00178220654708366,0.00263520537221643,0.00192384998847827,0.00202363567688952,0.00180494743458669,0.00190021149159947,0.00150189771177704,0.00368249451695271,0.0035152310114109,0.00322767220436137,0.00311362032175929,0.00364838332484529,0.00237525317554045,0.00285828381058265,0.00284896468433962,0.00362989457341317,0.00174334318116731,0.00194654777869639,0.00194755441907639,0.00190604070069291,0.001767589674429,0.0019824793530002,0.00194447474810558,0.00193776925789511,0.00349953827376115,0.001891468665549,0.00318500405063738,0.00212462897782788,0.00183222383257734,0.002819878235174,0.00302356546928694,0.00322007371545519,0.00325787338427125,0.00193723922087192,0.00304976132132149,0.00299640478473047,0.00207567818734827,0.00322792178873798,0.00252814327865703,0.00177644093820252,0.00271721666951248,0.00193649874850387,0.00179000453177893,0.0020643989643843,0.00220756420567229,0.00305374874641615,0.00331911452163824,0.0025403606484922,0.00260269826304581,0.00151903464841306,0.00189317248046473,0.00268439460627896,0.00287040215625933,0.00354386594195117,0.00207355040010559,0.00227409050118546,0.00315326018582798,0.00179946086299722,0.0025339587894255,0.00153873634026413,0.00150478927293785,0.00282244490206505,0.00351842510397562,0.00367549268940752,0.00190757616036385,0.00217810191677789,0.00194884068309823
"TT0009",0.00128720124256048,0.00125490816813372,0.00274414074461861,0.00136568236616168,0.00314930814010199,0.00135422652002244,0.00403218139595742,0.00290392107661003,0.00351877727793211,0.00112731527394901,0.00351522920030733,0.00112085782820032,0.00111371785401589,0.00112259135266374,0.00112074972848442,0.0013435922259288,0.00111744027100074,0.00134966247026204,0.00240995009408605,0.00127126137950881,0.00123639368864711,0.00133717624507243,0.00115903542797937,0.00216610912391898,0.00228033342605971,0.00336357309388423,0.0044465579080636,0.00342277056269391,0.0012804715739423,0.0011406997671741,0.00112222705810752,0.00314429810763264,0.00112407209226943,0.00119714789065814,0.00112581829249909,0.00111968728853314,0.00327813880381648,0.00400769166181379,0.00574949619567144,0.00336566067409489,0.00223699026927798,0.00128973320823315,0.00250956678800624,0.00117111788467246,0.00126945978647856,0.00127362443901165,0.00262724628069556,0.00205390135022003,0.00158145365001843,0.00168735952139273,0.00172481503684116,0.00125156787788793,0.00122298794448925,0.00306740043037441,0.00128072007850501,0.00241400828006258,0.00113418264616365,0.0029232723777017,0.00343987900572324,0.00119793655586519,0.00113274930125829,0.00297795626473918,0.00283586239898439,0.00184222649629411,0.00112689918896804,0.00453449331769653,0.00194438477964714,0.0013205896254079,0.00123875829695207,0.00214748624464069,0.00283977899403849,0.0022430833588062,0.00178539346497639,0.00345296171271025,0.00113127154690957,0.00288295215169199,0.00112735433027236,0.00216077467386771,0.00260350525247318,0.00379381992278173,0.00112580139560533,0.00112320654223299,0.00112690243925003,0.00118836820797655,0.00503313210202446,0.00116514036261255,0.00249809979807759,0.00298363218878449,0.00202273465905033,0.00473703693883375,0.00406991599344473,0.00351050428235622,0.00352695914367129,0.00120306818243095,0.00119278740283496,0.00129412969522727,0.00193621678148071,0.00121534296621241,0.00198742470004833,0.00182977127816203,0.00489935278393217,0.00129505809863536,0.00112906966427278,0.00176334376143618,0.00112079698027289,0.00239599939398342,0.00278454770691278,0.00482020870421901,0.00180797777836265,0.00301219323288356,0.00377567693651883,0.00157272071523852,0.00263134955193096,0.00125540806542647,0.00248181867929514,0.00112633480400109,0.00112104779907116,0.00111488625607307,0.0011184064835954,0.00203493617554961,0.00220525040641993,0.00396011349330477,0.0013441420231156,0.00112662188539362,0.0012125006451856,0.00217686787130881,0.00335313549558403,0.5,0.00158706218840704,0.00327331564346489,0.00205270467989511,0.00303258770092541,0.00147033936330183,0.00729435136707957,0.00121309450691892,0.0015957979147999,0.00344977364177727,0.00303159870212069,0.00258657404035118,0.00243858501498846,0.00247781410508113,0.00429647947512191,0.00124571851813983,0.0012631005503776,0.00278457877542435,0.00111637751612676,0.00274667267533887,0.00742165139699576,0.00126768866342899,0.00157801173128342,0.00137789495217256,0.00256097405728708,0.00121895474165464,0.00212999222575052,0.00712655988964707,0.0012680495649279,0.00128100872758417,0.00347427183204533,0.00298178767795115,0.00287997683920303,0.0028577225483868,0.0035910122863744,0.00233038286432161,0.00272670552941134,0.00247567015155745,0.00311518175782608,0.00112700894546849,0.00122419875657316,0.00162563642415395,0.00122467888368127,0.00212423115508411,0.00170530617769576,0.00175268786788267,0.00138613184167275,0.00369013209005293,0.00123417152217689,0.00287443300870841,0.00186350257902903,0.00246529381169936,0.00558366086541646,0.00289042109853385,0.00297235105359995,0.00297857422485579,0.00127285497254579,0.00274050369446483,0.00321130490294103,0.0024501692755627,0.00777272023403811,0.00164022656818399,0.00290125665230098,0.00265961317291537,0.00135634835087435,0.00181560341718954,0.00128958447758202,0.0018320965785356,0.00421492095176968,0.00356742922839261,0.00220905262608154,0.00236693802503533,0.00163006173131415,0.0013936822564329,0.00235799442657472,0.00364556346242591,0.00332306850606026,0.00132962651934924,0.00199529558964965,0.00320404270080332,0.00128909351173517,0.00266549863996116,0.00126193931201126,0.00124957352705657,0.00285445820323446,0.00398495240097735,0.00334209880268668,0.00174444667334662,0.00204993852727683,0.00123980074512428
"TT0006",0.00340177185297812,0.00335185148374279,0.00208370412584189,0.00381926614675948,0.00201574704579449,0.00395063216227818,0.00182731423159307,0.00215079205525283,0.00133214223986023,0.00301109003090629,0.00192257479779106,0.00298891359300295,0.0031308183299163,0.00315367944468845,0.00336456286308601,0.00185384640202657,0.0031279000661522,0.00195447620963333,0.00183067313501209,0.00183592025314975,0.00336633879668291,0.00191819736854966,0.00313548769173153,0.00194210520599294,0.00167694585661793,0.00128137120302585,0.0013576747487488,0.00227749413322885,0.00135487049053348,0.00313813206904907,0.00299369523372599,0.00140572236914271,0.00339600271894813,0.00336323721146385,0.00300941148593261,0.00312738407348735,0.00152548946806271,0.00187747002457803,0.00140573508300917,0.00172073189607517,0.00177049465181804,0.00346414137719413,0.00149180010238479,0.00173678635856856,0.00354752665532672,0.00356088353777619,0.0017805695992864,0.00185589200840926,0.00176744503152562,0.00367534395949143,0.00132972555066444,0.00341072714289311,0.00353901614080147,0.00168345947709863,0.00355594295883159,0.00163279488066479,0.00336128728529,0.00167942708681425,0.00142103480001224,0.00308905229881951,0.00336698274369396,0.00143684944260878,0.00168274860531857,0.00141810308413382,0.00301226116256611,0.00167192685900144,0.00159859281399466,0.00377293895103025,0.00338737766323336,0.00194791077928938,0.00177762547944355,0.00179503756802752,0.0015416573124702,0.00334439944376237,0.00137027118953985,0.0017284117685846,0.00301103999576441,0.00166303229491805,0.00128379739879642,0.00142071428428329,0.00300934961047741,0.00312035963176963,0.00300845367142282,0.00346266899777691,0.00127003206659148,0.00317425489976688,0.00146272154899188,0.00163370222541604,0.00131847880215191,0.00177913535184324,0.00222991825096365,0.00135209063328449,0.0018808469943239,0.0017486347537357,0.00344974084389244,0.00344591419655819,0.00201282998760504,0.00339100956093475,0.00170718685964132,0.00204633057838338,0.0013812938180555,0.00351689516275334,0.00333448909349051,0.00205941448082294,0.00298652957889781,0.00185489776863481,0.00232393498767437,0.00165417022251715,0.00221838365731943,0.00166186607682073,0.00191626774289759,0.00175851208486822,0.00201441828593303,0.00345081914521728,0.00328515294803429,0.00301030769850622,0.00331543310915567,0.00331212168965192,0.00299039358403988,0.00311625004586275,0.00344357735517869,0.0013977306710945,0.00403793362357667,0.00301210982211727,0.00148940524817233,0.00209351284843425,0.00199704235786966,0.00158706218840704,0.5,0.00127407026449985,0.00181170834919245,0.00200966326521361,0.00316354703336451,0.00126332316679525,0.00334590486343532,0.00367035953233985,0.00135962415095567,0.00222493490225019,0.00141703220714937,0.00173566880281976,0.00128563324628453,0.00337410880631777,0.00339266822254595,0.00339743857259584,0.0013465836983569,0.00340540253109205,0.00135238593819261,0.00123820282400019,0.00349342939734214,0.00365129746975627,0.00186225710365787,0.00192861770807764,0.00340649805489603,0.0016576145030648,0.0012751928008904,0.00346191990087993,0.0017814182489903,0.00182795037131194,0.001309709130363,0.00166402400169556,0.00129819575086088,0.00216670800294355,0.00259805520487632,0.00191167161018199,0.00166029734459812,0.00167177730378298,0.00300709160758337,0.00338613661051951,0.00174964302545308,0.00317728386197756,0.00170993538336048,0.00190721790442795,0.00176254549411558,0.00412143121761889,0.00142508800329591,0.00319334139625426,0.00165045584814882,0.00211147165174748,0.0029740661008187,0.00163182770651959,0.00164835275911174,0.00161583864045597,0.00127881321847719,0.00337047561086437,0.00172742281303713,0.00141110838447351,0.00239097174073688,0.00134701093632668,0.0017803927678907,0.00350940445196729,0.00195756005368695,0.00364132041762091,0.00181728898737312,0.00221658589635531,0.00170976980211592,0.00181721778515286,0.00160302482244903,0.00180630348708077,0.0017958293820607,0.00173020883181361,0.00353775677775134,0.00215074381417386,0.00197029267242044,0.00182130876472382,0.00373469658973125,0.00146162876686161,0.00130812384146323,0.0035608975588201,0.00128283512438093,0.00351313949813932,0.00168588358028362,0.00176713503082911,0.00181944963808113,0.00201058586856069,0.00203755616447107,0.00218305577462998,0.00337702579449775
"TT0007",0.00178483905486656,0.00158524187671803,0.0031283095528205,0.00128425409152983,0.00228673955865184,0.00143371875432133,0.00335795286380097,0.00134752580578395,0.00412026542557503,0.00164179801882856,0.0035572131363655,0.00143492914631813,0.00142653546057232,0.00163562637579491,0.00162187372321786,0.00152018198870344,0.00162869869859402,0.00170851846904871,0.00286544742947547,0.00166525038110851,0.00177082552884893,0.00164764064477834,0.00125736428342095,0.00246976539213882,0.00268984730857689,0.00355362612634803,0.00461669985259241,0.00362087159973735,0.00203451864825282,0.00124149748224093,0.00161246114490055,0.00296439866507219,0.00144363679671027,0.00164902479496258,0.00164540323380625,0.00161191520933825,0.0029032341902206,0.00344617089526993,0.00281143990889301,0.00344681003899931,0.00271793169693832,0.00179244972555195,0.00304207523871889,0.00171218103493851,0.00167081650421169,0.00165487204756181,0.00301972403710046,0.00186341014587485,0.00164979161983347,0.00147934605334392,0.0024683659187861,0.00175711209387727,0.00123339555830432,0.00368872908201736,0.001703028058795,0.00297892396079101,0.0016889187579803,0.00350096917890075,0.0036944304396468,0.00125428081974114,0.00166286192919319,0.00178356249814932,0.00199284824429534,0.0018117096328439,0.00164378771333243,0.00263333214794783,0.0016708466235976,0.00170859855187917,0.00178011548197685,0.00365491822972529,0.00245736815940355,0.00258441213400577,0.0016594732181217,0.00168162311718008,0.00164749671303568,0.00305367673947893,0.00164175567305823,0.00187852906490059,0.00294588683250746,0.00317136987134013,0.0016452910232062,0.00160308219066633,0.00164015794194551,0.00143226193898633,0.00349948374470237,0.00125382257786871,0.00300104839473028,0.00351013524075577,0.00246540989855306,0.00359049317347045,0.00326622190081729,0.00486239458386449,0.00357113651546931,0.00166474679919826,0.00162362707734239,0.00169074127184334,0.00194276571933452,0.0017597604768254,0.00196931322227072,0.00160616821187637,0.00211317229172987,0.00176002121959582,0.00165772288301268,0.0019188806818484,0.00160294988789184,0.00264887394347882,0.0028678098121973,0.00192350169937506,0.00196479469641213,0.00353430841557336,0.00316680108219384,0.0016592920604033,0.00304268906623267,0.00173947924002556,0.00164732845341167,0.00164321162444661,0.00162283773340525,0.00143158502408974,0.00160604076588544,0.00162584790791213,0.00144834291301688,0.00330702441411892,0.00167204870362669,0.00165325259230445,0.00163325566847394,0.00250738595200154,0.00342451579398896,0.00327331564346489,0.00127407026449985,0.5,0.00215992847605454,0.0047557045441159,0.00176684857504669,0.00195433043723352,0.00175084479020736,0.00168885642826532,0.00303335216298598,0.00272851174673638,0.0030439346568751,0.00300965206959052,0.00303078318469718,0.00144897286121827,0.00250499037541369,0.00126028797874646,0.00289507686960628,0.00144114934648814,0.00279638924600339,0.00160759857106229,0.00174319619556638,0.00165197253873965,0.00178143569951133,0.00240774932738377,0.00169521067489526,0.00249719125104716,0.00213684718791018,0.00178943321583758,0.00251260712942984,0.00356458465630035,0.00306130600499347,0.00333657714105518,0.00338967553368711,0.00320028910617023,0.00193508278762023,0.00313318787980424,0.00281429591862471,0.00319493133953978,0.0016390232956021,0.00174544736270897,0.00204396747102559,0.00186158969475688,0.00179295775726112,0.00245968529892442,0.00171702164438144,0.00126953689376227,0.00315502510207169,0.00177073266917924,0.00337163547953162,0.00163325901258906,0.00174360975467516,0.00341549115677718,0.00312188787859565,0.00340936664527146,0.00409614506413508,0.00173895187248823,0.00319116966320331,0.00352571783944328,0.00155608809937508,0.00316825121616592,0.00239075588303858,0.00161369007532595,0.00273797020087822,0.00168207530476042,0.00179493842981962,0.00170894263262898,0.0022140219516934,0.00310626177450026,0.00313450868044032,0.00258282849883114,0.00282652977972012,0.00404150219049806,0.00176163686252555,0.0027251565213835,0.00268024256538544,0.00365128255270549,0.00170776670468221,0.00242905943866261,0.0028541976702841,0.00142019764731791,0.00312571485925699,0.00141185146327777,0.00144727729103081,0.00311451970781178,0.00345247807035918,0.00360958118349408,0.00154371312875224,0.0020405267498465,0.00183855392907332
"TT0004",0.00185507276210192,0.00177511779019744,0.00278668175670736,0.00178880253982858,0.003238572040205,0.00177382504333284,0.00226229494263357,0.00146607112817188,0.00177479502429054,0.00186099893684937,0.00228500975491259,0.00186363054948669,0.00186965795318821,0.00186675154755162,0.00194134895557301,0.00209824358687298,0.00188065913779827,0.00143320008949118,0.00313858328719262,0.00167990343327241,0.00184164126946443,0.00151995634960669,0.00152831512529532,0.00378878224675544,0.00342564185410912,0.002374886371256,0.00182181283803285,0.00238047463945053,0.00166787664141746,0.00150567171735038,0.00187724123796726,0.00191122540042121,0.00184707538791603,0.00194748240739818,0.0018653916192484,0.00188118302464522,0.00181907720155073,0.00220114247140666,0.00254491067368234,0.00222250172208182,0.00357186252941583,0.00175102227148995,0.00297185791148291,0.0017174755201022,0.00148532205331795,0.00171969213866709,0.002597616037786,0.00417728914314807,0.00281346203516194,0.00150989266005531,0.00342019043777379,0.00172928821082053,0.00185811693114101,0.00245793553031095,0.0017987549437257,0.00297293547981283,0.00179920119837682,0.00252705152838976,0.00237831420876655,0.00151490650364812,0.00177810067687235,0.00290989242655563,0.00263807376569044,0.00346073352187978,0.00186311492154146,0.00270877219382086,0.00347752071330821,0.00177642748885751,0.00174437873028562,0.00280714668042494,0.00325261738952374,0.00380042572657041,0.00274349897229777,0.00146950373771871,0.00182792227782511,0.0026494994711703,0.00186096866555319,0.00214017302706352,0.00300468956052017,0.00238609370294717,0.00186523049035052,0.00187116986172038,0.00185872745042199,0.00186900365620643,0.0019254994597636,0.00181831193229836,0.00305987745872868,0.00256584227674229,0.00415405837352417,0.00192780342137854,0.00201584747967751,0.00232338820343964,0.00233805806927615,0.00204854803066708,0.00190436062490847,0.00183078422141638,0.00288702454350965,0.00180752561570044,0.00373409541254025,0.00345688334946197,0.00394892746710572,0.00185108379842141,0.00192478949379986,0.00313050821627731,0.00186832653639416,0.00291469576839136,0.00306102670052826,0.00386787882627244,0.00312646926304424,0.00252867537179195,0.00232308826184113,0.00223002293985195,0.00290165389912497,0.00179738029776476,0.00176787540651393,0.0018620575889993,0.00192952612822684,0.00190082717075749,0.0018761105470034,0.00178856044734387,0.00178355147787122,0.00245105873217159,0.00183557643381847,0.00186498662225399,0.00179640135659018,0.00362401291033313,0.00235919542598285,0.00205270467989511,0.00181170834919245,0.00215992847605454,0.5,0.00295449931431878,0.00179277922189956,0.00373621679808871,0.00180363088948076,0.00153596043421642,0.00202723797503913,0.00278566143595115,0.00280429599263189,0.00296949714413814,0.00275616405532971,0.00146385383136957,0.00177549890853953,0.00179867492585897,0.00241219273897103,0.00194952951541117,0.00199467633189385,0.00280265929133547,0.00172913603729181,0.00175181458047826,0.00146192795171234,0.00317690783661194,0.00179363977833638,0.00370954745869558,0.00376119547351298,0.00179405338733168,0.0013747688880537,0.00229001473161779,0.00222069943497955,0.00251141177204942,0.00260007684789884,0.00239272939153464,0.00416215844733689,0.00279304633776633,0.0029148026318595,0.00213776983230142,0.00185772226785897,0.00181975050486514,0.00297815158182764,0.00179183605341287,0.00395707832726554,0.00275916937420866,0.00281404581557374,0.00182981515308392,0.00228797809623874,0.00181063794303476,0.00262048217616516,0.00342346901391654,0.00177039353579974,0.00227606892233695,0.00255066593508652,0.00265416668020646,0.00234290648775935,0.00180647610252838,0.00271933012234547,0.00242455042751095,0.00302984701775366,0.00194107187176283,0.00209036429717532,0.00171813818602393,0.00295924938128503,0.0017898300041449,0.00142376249985742,0.0018198583131228,0.00381837803668769,0.00251745808208557,0.00235185867008523,0.00360138946059034,0.00328454695630604,0.00138779503586421,0.00179817523336587,0.00339151705824242,0.00250502793888316,0.00253854106757476,0.00186614474999674,0.00421514848724468,0.00189684084137923,0.00149592645788639,0.00278740092213402,0.0014631721912674,0.00176509448819667,0.0023287993719286,0.00206673281068736,0.00246096064385651,0.00311300116424487,0.00327405105253998,0.00186369724151846
"TT0005",0.00157973103994945,0.00137537740137448,0.00350399579458742,0.0019581212353744,0.00390484474719283,0.00182089652748169,0.00275003528436217,0.00199000664057687,0.00358007766438899,0.00116266510306093,0.00277072843954416,0.00115295897450343,0.00115114898533227,0.00116459445136591,0.0011600800151278,0.00131946924681233,0.00124887600349226,0.0020168943800109,0.00345558865124241,0.00142608141304753,0.00132540406639831,0.00139470866806113,0.00140525671030139,0.00357758902059624,0.003306569996959,0.00253647128735143,0.00421106659722526,0.00298606059939951,0.00160900764824633,0.00117726374253556,0.00116106593806055,0.00203791816803156,0.00126725918245067,0.00125687418003563,0.00116183188947084,0.0011606034426953,0.00213974208968934,0.00281588682255301,0.00354147092143103,0.00231120217002412,0.00330980504368518,0.00141772626850792,0.00322726256142348,0.00134966095924609,0.00141667621923252,0.00134046616257851,0.00320579265060255,0.00331509524052132,0.00202926006493993,0.0018013384323922,0.00286795834204427,0.00137319464677631,0.00132090560089201,0.00260537163814488,0.00176486823814223,0.00311167972721354,0.00118021384701229,0.00266682124343634,0.00235573674440543,0.00125448443380224,0.00128875442278319,0.00259903126920711,0.00218589690230284,0.00262432839646813,0.00116274547821733,0.00395625321828006,0.00264943471403632,0.00179876194608633,0.0013480237625992,0.00548805525709269,0.00324751870011501,0.00325337705225705,0.00230094042034788,0.00143178286726426,0.00120340297916612,0.00318518745843676,0.0011626873160287,0.00182996247789771,0.00305142552374146,0.00219260170834394,0.00116180600803632,0.00116160315461753,0.00116166615634405,0.00117501643594462,0.00269310605330519,0.00154097551158411,0.00320732456461461,0.0027512442215969,0.00292400009888175,0.00278915488947316,0.00320898256810567,0.00493223414546601,0.00289927098467323,0.0012273488859477,0.00135562711553307,0.00165951347378558,0.00276878297369334,0.00134990139099677,0.00292419321630369,0.0028780456273431,0.00320498464012937,0.00172413196874132,0.00129213781795621,0.00269338205431744,0.00115974074588446,0.00352160689024116,0.00400026074825384,0.00293121942200863,0.00271766731060919,0.00268609244546148,0.00243761357921969,0.00175410572333126,0.00364379786004162,0.00137414079808618,0.00120745416575584,0.00116180778385779,0.00116113282231341,0.00115172069408237,0.00115854145420671,0.0013523208468697,0.00134957037235311,0.00234910402495049,0.00185873939986923,0.00116696281111955,0.00125658154704115,0.00343917229318031,0.00264236005440494,0.00303258770092541,0.00200966326521361,0.0047557045441159,0.00295449931431878,0.5,0.00137174342434877,0.00290776722463801,0.00119263230494916,0.00210948534697818,0.00252032212091597,0.00369708697719276,0.00298510302450439,0.00325058372146192,0.0029455896716056,0.00142441991942083,0.00239471450671675,0.00157585641864497,0.00291081418864206,0.00115529235012078,0.00144267416723431,0.00226421024571425,0.00136812038427468,0.00175046994362644,0.00151748917884874,0.00383499539843586,0.00134768339403088,0.00317409171338392,0.00314484909991838,0.00140628123533242,0.00247049462918509,0.00250494990028853,0.0019397419255428,0.00259721812314662,0.0025598481505161,0.00316243665803832,0.00355809004646444,0.00354383129732405,0.00290254735771808,0.00208652917270645,0.00116150114764741,0.00133590248139356,0.00215424358854161,0.00139954785358088,0.00308802768421966,0.00323732721738152,0.00242372460601615,0.0019551527567126,0.00201166226053929,0.00118210201759015,0.00277587664540464,0.00281281302041793,0.00121520930891805,0.00312265961962044,0.00269137245544334,0.00277398305574873,0.0033615678151163,0.0013212641254174,0.00295713218263813,0.00261818381733882,0.00269649365130187,0.00277040056219895,0.00158322019178738,0.00187220115410097,0.0038160156902048,0.00179642140710934,0.00167462004225856,0.00170936445465689,0.00254250554464107,0.00337414246195773,0.00273245623373894,0.00322033767248154,0.00370263483291954,0.00527464413896491,0.001420585841758,0.00383073559531652,0.00355756047496774,0.00260887686389185,0.00175638554298881,0.00288205017837673,0.00213904621961721,0.00136579877521187,0.00303025047743665,0.00138025291803771,0.00139640098238656,0.00280317911712399,0.00307148984921858,0.00300636213303877,0.00258187550124727,0.0029020239674842,0.00128593984106966
"CH0021",0.00321243360695144,0.00346964094428132,0.00165430944579667,0.00343828656052717,0.00187063617428211,0.00340134133934146,0.00195780800795119,0.00180197359581774,0.0015065379006463,0.00343964039459978,0.00177074360930645,0.00338451611499026,0.00337757466491581,0.00342790632955781,0.00342455705887825,0.00190019157047726,0.00342056675537103,0.00140790187334672,0.00145289885213404,0.00175098214515007,0.0035182536339942,0.00150926250391884,0.00324388676333557,0.00175654947218684,0.00146961536123054,0.00177891724257327,0.00175107071135083,0.00172071377965751,0.00171354099284702,0.00315973927352701,0.0034091380092021,0.00153677615951098,0.00337646041614396,0.00344634044245405,0.00343788088512636,0.00339546237538768,0.0013144987239095,0.0018528955732204,0.00196471472571535,0.00172839456513633,0.00182182006151728,0.00344727150142825,0.00189346686976462,0.00173198129388916,0.0034067177411502,0.0031986051957148,0.00146610277888586,0.00168126890322148,0.00172933303519248,0.00404923286388504,0.00174616234051283,0.00346263839325968,0.00354515031025014,0.0014776906907835,0.00344753403800791,0.00147394134211814,0.00318307353039382,0.00146903797808203,0.00150248278289045,0.00323463370284014,0.00316463362880538,0.00212141197638132,0.00183503482512472,0.00180634097382827,0.00344037508695702,0.00178501013425041,0.00149580095858192,0.003464852976443,0.00354725524227034,0.00140052058053496,0.00194058746538671,0.00184532963230854,0.00146872545457263,0.00356185540065309,0.00172786601219433,0.00177058632263341,0.00343963328490305,0.00189324586905292,0.00182495639761341,0.00186560949679301,0.00343776116990617,0.0033893801684939,0.00343655997625017,0.00345355459328663,0.00224885960291215,0.00330367221732036,0.00183699470406024,0.00173735870331182,0.00177310480757538,0.00190727552350495,0.00137698504422395,0.00147067715485642,0.00179782960133836,0.00185141807160142,0.00341545704190934,0.00347758364981489,0.00168058657266275,0.00348189515125083,0.00138872487014908,0.00168766254244484,0.00187952276046515,0.00344988176556753,0.00345817896232544,0.00167024520179436,0.00338861456068443,0.00185817756612688,0.00171116358965871,0.0017046926834131,0.00174927063352833,0.00171183301449653,0.00176265883466247,0.00187735483013782,0.00185135017379409,0.0034233147581648,0.00345455990806514,0.0034379682924069,0.00342342363405803,0.00338547286835851,0.0033987073375756,0.00356898893217066,0.00344516314583406,0.00181247588756188,0.00349335545836197,0.0034511925803269,0.00172285044215395,0.00175129584276041,0.00174595116304311,0.00147033936330183,0.00316354703336451,0.00176684857504669,0.00179277922189956,0.00137174342434877,0.5,0.00177576799429079,0.00338128837354961,0.00358894843108994,0.00146716166100763,0.00140852459621428,0.00173442810417764,0.00147270336722986,0.00177000204998439,0.00353646626057164,0.00347245059161067,0.0034407908902989,0.00146793345488815,0.00340715623104268,0.00192137808637087,0.00177441498720578,0.00340083426716716,0.00338993109914274,0.00173991422325652,0.00182463122247092,0.00316385100497768,0.00177287452196034,0.00176338070849511,0.0034829344345888,0.00142665571613496,0.00176660377645544,0.00173463909942037,0.00146453153741911,0.00172304255432048,0.00144624465579822,0.00143535358655852,0.00178561819687411,0.00169990075224006,0.00175177204115809,0.00343566237759519,0.00346215266418611,0.00193625409084862,0.00351668919460995,0.00149989756764987,0.00180617200266819,0.00172166984546118,0.00352390773682884,0.00186725936413851,0.00324082648083081,0.00148408895899879,0.00144505189135449,0.00352464160172631,0.00177703544349408,0.00178459869378536,0.00174205615608202,0.00181230295445661,0.00344676800415633,0.00146001732768405,0.0017861350835938,0.00177882466029689,0.00148801791101577,0.00188349859483342,0.0034688241557841,0.00181272956150584,0.00348697427070672,0.00182596123820968,0.00148562230143821,0.00147466160459485,0.00179516989699904,0.00175322262350649,0.0014662925754469,0.0017625077111348,0.00137180385841023,0.00345111150132776,0.00168986925062039,0.00167779809954594,0.00188991143150965,0.00316312566732051,0.00174295605207931,0.00148710219127201,0.00347688683080847,0.00177632908327978,0.00322008107301005,0.00173143148719129,0.00142271835609349,0.00197624727566416,0.00170718321721664,0.00146443437271174,0.00174997013256088,0.0035163297860434
"CH0020",0.00113256265539402,0.00114578441977888,0.00224441270270616,0.00120077037298141,0.00401117953440453,0.00123010868316362,0.00248111314523841,0.00324073120570786,0.00207015606034232,0.00105380956683277,0.00181076382789447,0.00104913960797231,0.00104663692933341,0.00105428987275277,0.00105005623360927,0.00118262252478394,0.00107249667684209,0.00124952931415037,0.00267290545426218,0.00119181102044697,0.00114057504994477,0.00127041807741647,0.00108244993750702,0.0036693379006058,0.00292045637010206,0.00178576252685221,0.00299986071958483,0.00189301957568398,0.00119776407078466,0.00107920408912306,0.00105041265397832,0.00157805545186903,0.00107106786197725,0.00107882752797465,0.00105365941182924,0.00105080783779155,0.00166324135509047,0.00234172615196917,0.00670741683053344,0.00172411338727952,0.00319071291455066,0.00118694638719797,0.0023953301157944,0.00114498291196285,0.00120649072342161,0.00117907457740588,0.0024015426280556,0.00424485320433073,0.00268860253815848,0.00167343365082251,0.00351352646921427,0.00117104317645366,0.00111952795426769,0.00198047621754009,0.00116722444677283,0.00236559135887115,0.00107439069343954,0.00191736507793047,0.00178462690436272,0.001074959940555,0.00111321873681201,0.00495258759750043,0.00462180647766935,0.00341332684882069,0.00105403336554243,0.00487213611814294,0.00348503062677655,0.00119397730651989,0.00117350614801635,0.00329302036268881,0.00391680971351541,0.00348871855771478,0.00318177491609026,0.00435451019373923,0.00105274705468065,0.00204873940716396,0.00105382344831131,0.00180002254264677,0.00255021386409337,0.00228076332048514,0.00105363239176496,0.00105161685281455,0.00105299302542384,0.00106379280293909,0.00371680561261909,0.00112846539926121,0.00237413491979347,0.00199692793577596,0.00361684973977087,0.00360913266314893,0.00202895027819747,0.00186232042836034,0.00184719290905613,0.00108179528820732,0.00107795234310371,0.00113992668237362,0.00301541858830046,0.00113067839416833,0.00436409005010619,0.00358097061716295,0.00800383034525928,0.0011542036517077,0.00105689927760451,0.00325538357125566,0.00104979820896305,0.00424677403171394,0.00271790615232204,0.00827331750990558,0.00327422093424533,0.00193963616982382,0.00194847121578388,0.00171210954342615,0.00242565754195302,0.00115951313513359,0.00303397581414732,0.00105336435734885,0.0010502879831987,0.00104537316869366,0.0010488929227006,0.00220773390686416,0.00239913157137891,0.00280859354468867,0.00117817354088018,0.00105590679298229,0.0011672718127806,0.00316520838666147,0.00169672231153903,0.00729435136707957,0.00126332316679525,0.00195433043723352,0.00373621679808871,0.00290776722463801,0.00177576799429079,0.5,0.00114554184085195,0.00129049321621043,0.00176425869672526,0.00238268360058252,0.00227292167335817,0.00238146279725828,0.00211939174889344,0.00560872825617055,0.00115189368037012,0.00115096390516107,0.00210165746697267,0.00104948659782548,0.00352084410071765,0.011256980656448,0.00116746998689145,0.00128555856653052,0.00132795564196313,0.00276624067234277,0.00112445809734741,0.00320152242840654,0.0108046708837168,0.00116211011900528,0.00125707295255964,0.00184554819882113,0.00149624780924214,0.00186680418375651,0.00190244840920054,0.00196546793065929,0.00433625687919793,0.00232128370616328,0.00217317488720479,0.00164020561842726,0.00105264935618498,0.00112936207223484,0.00299015547382188,0.0011417726866471,0.00410905225877365,0.00275196729037705,0.00327758508091316,0.00124931343063994,0.00235400201665281,0.00111875478715252,0.00200606453586212,0.00365849814909595,0.00297334225064638,0.00586391762600835,0.00195283141413127,0.00195062146323167,0.00188396272459636,0.00119375490653558,0.00212304948992558,0.00202836782125083,0.00394657851786993,0.0076644497357902,0.00177792794813968,0.00336161697573648,0.00244243569318723,0.00121999656801654,0.00187382974050991,0.00114477472732442,0.00387980207794205,0.00376430981733134,0.00186976336446609,0.00295657479823604,0.00277673827993752,0.00133076231675623,0.00132079120442676,0.00287798349997828,0.00348082984270437,0.00184469676082431,0.00117804596543724,0.00360441820617472,0.0015908614340596,0.0011920849024641,0.00217558682555399,0.00115900762655297,0.0010973002904199,0.00211783054896634,0.00206173106095253,0.0018927785352596,0.00316162099566834,0.00341698099732337,0.00114252479282742
"CH0023",0.00360611006203965,0.00300360610444074,0.00180687986936633,0.00315576339866757,0.00135688468745632,0.00341130807962598,0.00140595320090719,0.00136611838564407,0.0013497471069634,0.00346378859798654,0.00175928465570053,0.00356309433167164,0.00357485881071997,0.00355738418410977,0.00349414201911657,0.00193475102695573,0.00347943620438739,0.00200925656339198,0.00198500458765736,0.00212231025973426,0.00370267282510208,0.00213959464089833,0.00303523963872303,0.00125178107825181,0.00188948014223829,0.00127515246742149,0.00119094533019622,0.00172686565740657,0.00194912424004556,0.00341486943842964,0.00348076705244273,0.00128323467119708,0.00370553107825491,0.00353292198879096,0.00346909782511903,0.00350576181286477,0.00218462720327164,0.00170027571101136,0.00129413617988904,0.00206536721531107,0.00191923222021046,0.0036515295966977,0.00185983758751239,0.00209450820573568,0.00367393532972735,0.00370366082168568,0.00198537781844982,0.00124808021789889,0.00143596279329346,0.00332479341644672,0.0019074856445865,0.00372396581870745,0.00340650804806575,0.00204820573968287,0.00359164206127359,0.00195729179047076,0.00370314924424954,0.00189966780167206,0.00191743215382068,0.00303427026201024,0.00376272518152296,0.00125287913997004,0.00159941744222477,0.00173913233803097,0.00346780861762271,0.00117762145995552,0.00123461343762236,0.00344502152251102,0.00373601529733813,0.00137015823775524,0.00156965908868206,0.00179204976150376,0.00214097725300864,0.00333888128811277,0.00181028943554719,0.00141247561755425,0.00346364645377449,0.00129044173357318,0.00173715058678921,0.00172203968917357,0.00346891497818142,0.00349371459646308,0.00346011198081261,0.00357246245387871,0.00112734236357326,0.00307221821364824,0.00180097721702025,0.00191648956933157,0.00182587157460339,0.00136082287563324,0.00136179701674593,0.00121663331802896,0.0018266737016775,0.00192911781915333,0.00353454445778631,0.00330199363591066,0.00177650616158551,0.00368620628054048,0.00234580821365995,0.00161834834350252,0.00132185206338827,0.0035922800747311,0.00343923680212191,0.0017778050864238,0.00350653699430444,0.00154238135897999,0.00160261840374099,0.00154027205967398,0.00168155850377019,0.00191339526465767,0.00179687176369679,0.00186879350792228,0.00170829502522414,0.00367946857591151,0.00347294333903637,0.00346630911871231,0.00349310298883632,0.00350710447385352,0.00348778843309486,0.00295049425442505,0.00348305486899911,0.00172008648742445,0.00301209103710956,0.00353161291408532,0.00175713079205366,0.00171334576330427,0.00192793643725327,0.00121309450691892,0.00334590486343532,0.00175084479020736,0.00180363088948076,0.00119263230494916,0.00338128837354961,0.00114554184085195,0.5,0.00338560367278716,0.00122633833626852,0.0016965489185277,0.00126516206245483,0.00187465433418541,0.00159869387550832,0.00310684386373695,0.00357771778075899,0.00299491465026035,0.00123877687222231,0.00351925840771057,0.00191538232345114,0.00110415666924532,0.0036924323676702,0.00354401744167541,0.00171036498444683,0.00140076577420121,0.00378625986064598,0.001412897588024,0.00115546752589626,0.0035937090834165,0.00146826257511085,0.00195876648715063,0.00186476309139845,0.00185155738273316,0.00173258793732051,0.00176909851504996,0.00140322324596185,0.00175097180946385,0.00186217449940864,0.00204876480814846,0.00345742540725957,0.00363671240659205,0.00188993444883897,0.00369413219141226,0.00123477834493477,0.00167397480302697,0.00207398350048114,0.00316497565126857,0.00169742231959536,0.00366493532061764,0.00186887395019923,0.001767378277569,0.00353738298594182,0.00133025587882664,0.00160279011287128,0.00177112214138163,0.00183233914363065,0.00365214686121442,0.00194177871812131,0.00124271613313752,0.00157028825207376,0.00120169914834419,0.00188505091441108,0.00325729193059225,0.00160581509650169,0.00342373374957607,0.00175555709060957,0.00192509267057669,0.0019413182224986,0.00155023468534247,0.00124000683101853,0.00199037426231746,0.00185214585505478,0.00142716040252568,0.00355124294897801,0.00176779792328593,0.00169864614257371,0.00172470582283328,0.00356948436522867,0.00182785336384016,0.00124701161789323,0.00373587587768223,0.00140919227221902,0.00384324175260553,0.00137201440243767,0.0019487529616083,0.00141846772978188,0.00181822844999474,0.00124132664321873,0.00159333162076911,0.00383059170182315
"TT0001",0.00337544041032595,0.0033928237867728,0.00180438744772954,0.00390597945078289,0.00201273637889535,0.00376904795331008,0.00182162767931859,0.00181131258323851,0.00179435075107913,0.00302507542115093,0.00180685979351637,0.00299746228546048,0.00299511133416458,0.00301471830820031,0.00301214741444912,0.00140964794295164,0.00312859994016823,0.00195423787403872,0.00171169721362567,0.00182957994906884,0.00358643551686427,0.00191880616390131,0.00317444495926656,0.00219711773522696,0.00131985644670381,0.00144796443638873,0.00163280605807075,0.00182629203676266,0.00169527633554071,0.00305268536207099,0.00300537974901256,0.00129975039483458,0.00317711231067704,0.00316106424771422,0.00302247083444277,0.00299949496288047,0.00143374428354608,0.00194579317228729,0.00179927443730441,0.00178650820101781,0.00214046980453078,0.00352076078342257,0.00177648598682749,0.00175361146576483,0.00359942833762499,0.00352797637990742,0.00179205881751315,0.00177621464911473,0.00151296606875008,0.00397166805665995,0.00176524108241747,0.00352334863466033,0.00354242698142954,0.00146546446924027,0.00369752424903537,0.00132313028513347,0.00317164796321607,0.0014570085718617,0.00132403538920001,0.00312921528681471,0.00319065461654778,0.00138704706370217,0.0014763392282663,0.00168393344211443,0.00302567918608258,0.00170986235999824,0.00167663936236841,0.00355016501008326,0.00360140236231329,0.00198024409521827,0.00196525871980342,0.00208000552188693,0.00196004439142863,0.00350210995849673,0.0013250635679778,0.00182412221778538,0.00302504827062939,0.0014518967046215,0.0012836348535042,0.001421409689097,0.00302241515855392,0.00299470098000295,0.00302254012631278,0.00316770192775118,0.00123501475910092,0.00321543928239543,0.00148356632698892,0.00173889966501846,0.00163976384437084,0.0018868824710726,0.0019468895698451,0.00160815536987295,0.00194516819289191,0.00133039714499716,0.00317754472621802,0.0034271358861323,0.00210938464314703,0.0035685433811116,0.00167324373070805,0.00180653103397672,0.0017261681484078,0.00358301968904713,0.00316189203239844,0.00186252576520812,0.00299676648460316,0.00188162640901201,0.00193834830758012,0.00163261785242013,0.00192108981221701,0.00173923387969268,0.00148136066852817,0.00186999602064857,0.00198353207038235,0.00351398199685868,0.00298484519870543,0.0030236199233463,0.00301196422695477,0.00299695446973703,0.00300112814841832,0.00314088106004376,0.00316792905462204,0.00126340103717635,0.00349881913037266,0.0030217040374299,0.00131771792938657,0.0018172037676568,0.00182648730735481,0.0015957979147999,0.00367035953233985,0.00168885642826532,0.00153596043421642,0.00210948534697818,0.00358894843108994,0.00129049321621043,0.00338560367278716,0.5,0.00140392230515951,0.00195298189493489,0.0012920005346529,0.00161403474358151,0.00129193542921836,0.00337245451135098,0.00346087622861915,0.00347376967171978,0.00138191757610792,0.00300537716571336,0.00133251071386134,0.00125252892172877,0.00348930535196478,0.00349033821082136,0.00177946825863005,0.00188709946310386,0.00343421406227172,0.00168790780382296,0.00129469212994304,0.00363600954605147,0.00181384473080024,0.00182869432232,0.00131603028049802,0.00144322605934572,0.00130254077361052,0.00198114777390653,0.0019557110595032,0.00202345543408085,0.00130774307227447,0.00170730563356527,0.00302144539746849,0.00354623588868306,0.00197435971419591,0.00357134349358606,0.00174771532530036,0.00208351739542505,0.00199615135062332,0.00385965548910947,0.0012778574681775,0.00306993490299297,0.0016530444127145,0.00182651472294546,0.00315973432994217,0.00165183715258771,0.00169545732032814,0.00164833824873033,0.00129038486820456,0.00348218446319676,0.00148288186866786,0.00158970987306885,0.00196289842861682,0.00154204445879299,0.00149992890910585,0.00353081047576716,0.00237639735755286,0.00369657400613039,0.00196508359062323,0.00151604911260133,0.00170865223561044,0.00195420581168642,0.00175274682877321,0.00150547778779549,0.00196164548434201,0.00201141294651876,0.00351462289002074,0.00186211051380171,0.001794294164146,0.00185294933196716,0.00348818121829078,0.00146118246336618,0.00134607676226841,0.00367141703766112,0.00144625414221765,0.00364443768888252,0.0016240494965901,0.00147790823701493,0.00497495194525016,0.00182191732697441,0.00189023129823677,0.00196331826623012,0.00342398544982366
"TT0058",0.00126763576671525,0.00286094624569438,0.00248964644888818,0.00144679873024059,0.00233854331912259,0.00135139500176703,0.00336515936285906,0.00153488300366291,0.00330766422618283,0.00217497512746133,0.00335249545720786,0.00198859765006927,0.00191862360136156,0.00164538410648319,0.00184841079564286,0.00192551950631786,0.00205295206900159,0.00122628623006126,0.00212161949621858,0.00133326684696224,0.00129707720423008,0.00124596943886959,0.00379536792419406,0.00204446012916453,0.00204631957326486,0.00468563001501273,0.00346176543346839,0.00316601793683883,0.00115984007207663,0.00291282932261608,0.00212964290763607,0.00521590233499102,0.00134608567906785,0.00150060243313349,0.00202380627829225,0.00188117350357959,0.00324518342906361,0.0032320353578797,0.00243084728109586,0.00319002860178917,0.00191895687909997,0.00128593853080294,0.00249107155751715,0.00123982071610226,0.00122586944305592,0.00122511477938002,0.00232805002529016,0.00255912746913431,0.00261559511968071,0.00139276087582278,0.00148914443038128,0.00128691325424566,0.00200495552414459,0.00291614932805903,0.00132248532035753,0.00228947253747755,0.00124935835651369,0.00287420928536454,0.00332243598551179,0.00397187532507983,0.00123771217719621,0.00158027351541872,0.00149281245678757,0.00248191495036506,0.00210703673622532,0.00270554818730983,0.00368681443011688,0.00134547804375224,0.00121554401269167,0.00156511946659132,0.00249705277236174,0.00188598066615471,0.00137718899985972,0.00133969863341257,0.0020697913056488,0.00358761065925956,0.00217781146796422,0.00927798534777394,0.00281900830589325,0.00384744398243836,0.0020250789694177,0.00214246291319372,0.00218460729838541,0.00175085930903415,0.00336821727034947,0.00254908447549149,0.002508140774908,0.0027971610333204,0.00198058870491075,0.0033450757869365,0.00390662137868453,0.00453864915391056,0.00332310401777579,0.00215500346277699,0.00143002897148288,0.00226027991345476,0.00149162306143387,0.00122495773287237,0.00164742460098189,0.00198816240819206,0.00179098821377146,0.00129851819829105,0.00211912457250908,0.00154909922010809,0.00202721112662851,0.00153960793609318,0.00231842870401017,0.00173851641705369,0.00151892506505671,0.00284021425426216,0.00334131417253393,0.00472286079271907,0.0023966335152805,0.00128763696924556,0.00133966878819861,0.0020858631631942,0.0018342602853819,0.0019062045437079,0.00204902120376361,0.00210624827385613,0.00131779761593038,0.00362230961239318,0.00147399581708551,0.00168278805924402,0.00220252007524153,0.00196442893648668,0.00316907277612234,0.00344977364177727,0.00135962415095567,0.00303335216298598,0.00202723797503913,0.00252032212091597,0.00146716166100763,0.00176425869672526,0.00122633833626852,0.00140392230515951,0.5,0.00256048513151973,0.00425707425603998,0.00231558489415113,0.00371285062304032,0.00137073746402354,0.00123745785249268,0.00278951299662191,0.00517189498303605,0.00180255612996887,0.00141788263123861,0.00147047032985293,0.00121733779305299,0.00132566381656756,0.00135795432379283,0.00284320304912962,0.0012256971626937,0.00315014267998613,0.00190885569176072,0.00129337090154386,0.00119469688513498,0.00330982351183649,0.00372259169426421,0.00298081312450694,0.00353798113383367,0.00320206996811453,0.00187333447027207,0.00246728799484493,0.00260587963215766,0.00301493502842862,0.00222161862543788,0.00130697003076117,0.00151395854842143,0.00123211916855115,0.00314004079615533,0.00146775916709519,0.00146405323091245,0.00166278974625163,0.0038387750698256,0.00127794022582406,0.00275623290637774,0.00165694289385863,0.00124941609433152,0.00284150884104198,0.00379115956664827,0.00293443778744458,0.00330179588263011,0.00122500525814151,0.00257703091609944,0.00449285583904449,0.00150238843375243,0.003725371446941,0.00191049057340522,0.00133731536330054,0.00278787506126579,0.00136315230635072,0.00127272727225828,0.00132699833295781,0.00164979091126018,0.00277081834591529,0.00489802432697231,0.00206375652115603,0.00212691457158154,0.00146309513772459,0.001297687854342,0.00211938438748525,0.00249853976972689,0.00332147798629646,0.00129793727486635,0.0022657861000861,0.00596193620461457,0.00123037180467948,0.00394617170444636,0.00130952978653418,0.00263808878210359,0.00275985765081077,0.00383405890555206,0.00311118055938446,0.0018961136517446,0.00158428867584131,0.00124130112012642
"DU0043",0.00157159363492163,0.00154304791241829,0.00390551631834633,0.00197581829179702,0.00349637296352395,0.0020629715198876,0.00289851642939585,0.00196716247902525,0.00247620939295251,0.00121834473314023,0.00315017296117585,0.00138007352655522,0.00139036557879907,0.0013645366259436,0.00122452868194472,0.00144285231749138,0.00139224154930982,0.00220204033011799,0.00343417983000668,0.00190659297248602,0.00163057495386883,0.00196861824762059,0.00133675631151853,0.00306274531765685,0.00287008294942262,0.00256837052563216,0.00255087897811813,0.00330104931292344,0.0013287066879955,0.00158114231697002,0.00122135003902897,0.00220586320319457,0.00167006047543254,0.00140796363917289,0.00121831916702931,0.00122374010378583,0.00295288307080862,0.0030640587039495,0.00335861087816951,0.00291292092099558,0.00314984655571239,0.00183770741879459,0.00345113652188186,0.00173912676644644,0.00199777186297549,0.0019606125315917,0.00378360690984978,0.0028610016379329,0.00202733270845763,0.00173492060056227,0.00203046613998953,0.0017980007541749,0.00175970230229521,0.00315425888194917,0.00186500784139434,0.00330098500102326,0.00159308362234213,0.00316133571998258,0.0025766748025409,0.00128173503580267,0.00166708000571082,0.00198666679161834,0.0017202447392914,0.00245501071095205,0.00121899495826061,0.00355171093194331,0.0023761955900578,0.00198825686936663,0.00173010682099374,0.00243038837967415,0.00282674659757595,0.00314513314708047,0.00240315649627283,0.00182181686410896,0.00127389134388459,0.00334637836866124,0.00121833984829712,0.00176500522369603,0.00296009745553005,0.00252534396047146,0.00121828451660394,0.00135699870958075,0.00121720722020866,0.00169079444463979,0.00279582217923943,0.00134670786587315,0.00313357836874978,0.00318920875133297,0.00252241159651252,0.00284834646155608,0.00359525999024501,0.00264106073978516,0.0032099002996201,0.0014064008355651,0.00158818804721971,0.00172434206232894,0.00262432023428083,0.00165954350071303,0.00290843686505184,0.00268051210788298,0.0028979834310112,0.00173918086463782,0.00135278222604747,0.00263434352291003,0.00135513322823752,0.00236296612108689,0.00372827640569548,0.00281121997872157,0.00253011033635871,0.00314691751928502,0.00292386548358849,0.00209963244085529,0.00369211952347725,0.00189258321637623,0.00138815788116066,0.00121816066389709,0.00122506897984013,0.00137800708661413,0.00121978743751153,0.00138550545883574,0.00175875592112796,0.00255180923280616,0.0018773312233656,0.00123061950514027,0.00127017097835873,0.00308676257148717,0.00303854207072929,0.00303159870212069,0.00222493490225019,0.00272851174673638,0.00278566143595115,0.00369708697719276,0.00140852459621428,0.00238268360058252,0.0016965489185277,0.00195298189493489,0.00256048513151973,0.5,0.00312535248870979,0.00337432646916019,0.00298404058263485,0.00145389289994422,0.0014443241284635,0.00163873839794517,0.00309756373057527,0.00138693492886912,0.00145820275863757,0.00188697314602385,0.00183983954548241,0.00198124994496639,0.0016942693845827,0.00353379510800443,0.00172342900860084,0.00289377521977697,0.00256448081532535,0.00178310780238108,0.00134781385261135,0.00314381487695062,0.00228000478660354,0.00307453175848484,0.0027770344457397,0.00355689440752653,0.00321478920641314,0.00377795534453275,0.00341023978244747,0.00263086171681568,0.00121666747800931,0.00173604057178989,0.00216567211226822,0.00141548332511449,0.00248770541742906,0.00226604784118237,0.00256912406853739,0.00203352214043358,0.00218082513396538,0.00124549602238859,0.00321638096832341,0.00272676427176789,0.0013921725945226,0.00330341428703843,0.00314361242078561,0.00283462659218631,0.00253096035074613,0.00167444504732238,0.00343860630020199,0.00269678131285526,0.00250606263467958,0.00267861880264183,0.00196619009781743,0.00185383063425818,0.00372548253113057,0.00197734956178991,0.00190435547096955,0.00187641166051732,0.00248243658077652,0.00357783624101212,0.00294983368726893,0.00313321692273429,0.00334389396438322,0.00181365808172341,0.00186646425225477,0.00354176032947306,0.00393071223514199,0.00309545651311607,0.0018973056689846,0.00251713136250375,0.00229335716796115,0.00195689511161532,0.00309854181327435,0.00197270421969785,0.00158968165459629,0.00351663519801968,0.00286484807939275,0.00338240306171573,0.00256155740817309,0.00255107314945339,0.00156227707287751
"DU0042",0.00142885110422838,0.00268529826827385,0.00316198627696627,0.00165098380315882,0.00271583210600018,0.00143302165402335,0.00253288141942165,0.00128998550337786,0.00233183202946181,0.00215199163210608,0.0025799484929411,0.001973905948715,0.00191503288908037,0.00172943041137453,0.00187525946202244,0.00193801956535663,0.00202604709385987,0.00116960213605197,0.00295858274942626,0.00141763497322399,0.00139618208825518,0.00127880786762858,0.00310970610681197,0.00292161680133882,0.0027354939656306,0.00388478822090444,0.00244199043533795,0.00270547090836085,0.00117755274034272,0.00258630944291157,0.0020910274395074,0.00399386595863976,0.00142619263514563,0.00175504619122817,0.00203610350780823,0.00189860117446966,0.00229663571658243,0.00249625232799106,0.00314647820623433,0.00234406959725708,0.00270410879801817,0.00137924100670742,0.00343080618990394,0.00127201332191626,0.00125801983083421,0.00125714601379706,0.00304912618682713,0.00294450371860521,0.0026853884678734,0.00128897980748896,0.00195325646459513,0.00137686429969774,0.00195253566996212,0.00282257345476358,0.00140297620962045,0.00301296059327757,0.00129183064568117,0.00291693502638353,0.00287555296801788,0.0032710260561644,0.00127834884173747,0.0017702880308897,0.00177841843521258,0.00269422978606263,0.00209998603456963,0.00323562837625943,0.00341348327994102,0.00142450676168673,0.00125457444783156,0.00183163129052428,0.00247629842693522,0.0026533900334034,0.00164175080640336,0.00127771523807807,0.00206574912377223,0.00375324530362785,0.00215418465081096,0.00289377818761788,0.00353956712658018,0.00300143257228895,0.00203704482240169,0.00209749142875151,0.00215864732747657,0.00180653172972254,0.00270041305676123,0.0023322749041443,0.00343732663039628,0.00292553463672673,0.00278506187167882,0.00274302763108542,0.00260199289357757,0.00345338149343197,0.00264801848649475,0.00212430385909934,0.00165929593258021,0.00219996783262794,0.0016149887032016,0.00126157480126752,0.00214466157564827,0.00227349041896331,0.00235137560015338,0.00138535577930449,0.00209353060877901,0.00187456939144578,0.00200779749538176,0.00188770416231982,0.00306592837937248,0.00226132091966398,0.00183609514212435,0.00286472307431766,0.00253718170132513,0.0024306785163205,0.00314925670029066,0.00137599510533822,0.00141694296443949,0.00208312391646555,0.00186483516966721,0.00190913886462704,0.0020263533278115,0.00206052562276673,0.001386984428157,0.00309422017524818,0.00174346319651053,0.00175417775987059,0.00212987488476391,0.0025582025391415,0.00247898893722716,0.00258657404035118,0.00141703220714937,0.0030439346568751,0.00280429599263189,0.00298510302450439,0.00173442810417764,0.00227292167335817,0.00126516206245483,0.0012920005346529,0.00425707425603998,0.00312535248870979,0.5,0.0030397381097345,0.00411682977380731,0.00129383150272655,0.00140231856763214,0.00256269274355729,0.00487118176991861,0.00184077767891798,0.00159224531830167,0.00174880319798977,0.00138158508462782,0.00139485666610918,0.00164001063896315,0.00344779644932687,0.00126287636464686,0.00365507689427048,0.00243410331190482,0.00138476530588904,0.00156076827132935,0.0025899707776536,0.00283497916196589,0.00288200296280736,0.00355234006136851,0.00276223741832389,0.00242579791639186,0.00321514650083321,0.00351589292796625,0.00216503721519955,0.00218716515199521,0.00139118336982094,0.00180942014123403,0.00138806042861407,0.00335037227929218,0.00171738160611315,0.00166499527361384,0.00164202364839301,0.00290005827210622,0.0015809809210835,0.00301218582160624,0.00200544132230241,0.00139402306637241,0.0031637676405935,0.003782100941775,0.00325400271160017,0.00285814476938864,0.00126496237743427,0.00309698539543443,0.00409661573344737,0.00179858653224829,0.00249067034536969,0.0019957887077365,0.00140286040649124,0.00345218104890284,0.00143715648269256,0.00121103675974107,0.00141532528096363,0.00213738808419959,0.00285940258770946,0.00384352202850123,0.00276166009034281,0.00287046345636446,0.0013193275138206,0.00137806546237109,0.00284156398925295,0.00320305609664793,0.00311770020686607,0.00138851173670243,0.00285537955368282,0.00430357645040004,0.00125918059034811,0.00441769042435675,0.00125790145649612,0.00252101864030784,0.00324744631578661,0.00276405637649734,0.00273008242870634,0.00209711561191238,0.0021220881474015,0.00139998750414589
"DU0041",0.00217420366914257,0.00145709932758598,0.00353185913141416,0.00178491685742732,0.002869724644148,0.00145974904360169,0.0023624940738956,0.00129045359781349,0.00216569043339024,0.00198967205378551,0.00268073066608262,0.00185909342824159,0.0018628395191511,0.00210556010257801,0.00204110623921798,0.0020274161442095,0.00179376307915694,0.00198486377422194,0.00337728777948168,0.001426661884646,0.00191748691168265,0.00130004425969021,0.00130454986830793,0.00319346392481463,0.00377758211367671,0.00277089906741848,0.00228858679357941,0.00289728417437359,0.00213281903856151,0.00130183536504955,0.00191367388956696,0.00223243434986557,0.00196716498771278,0.00200255013033191,0.00205991087805704,0.00203875270523435,0.00225887817358612,0.00240960960292316,0.00308634015735064,0.00271542057308038,0.00317404076498656,0.00171999972556684,0.00331931506552826,0.00180392900608131,0.00164990872299874,0.00145435860945942,0.00323108870085642,0.00235845705562579,0.00178608802756254,0.00133087949420118,0.00266404175863255,0.0016691145201781,0.0012956658076453,0.0031153440235551,0.00174543900848702,0.0040230174559763,0.00218586154916211,0.00350465715314358,0.00340242998096263,0.00130030330191642,0.00212687625006309,0.00192505132028915,0.00216794580140269,0.00205259759582439,0.0020390241413497,0.00322189488290083,0.00199309890001915,0.00147751727449641,0.00173380016714435,0.00208739636560801,0.00252180970091497,0.00301988369000481,0.00175520998583456,0.00131563089334385,0.0019878437809972,0.00289603390115796,0.00198771552404939,0.00192883962844507,0.00387850928012339,0.00281040850913925,0.00205968592034636,0.00182982368589204,0.00197929698717218,0.00149920807633746,0.0025379595777182,0.00132448360116226,0.00368703083173021,0.00344674140149835,0.00334518725255319,0.00282159702036812,0.00326827127966958,0.00238893738204667,0.00280876910024604,0.00202185242024959,0.00202903192717083,0.00143986980465712,0.00170288268402055,0.00190477707480257,0.00230375808925415,0.00191395277519097,0.00250694465845454,0.00198207236321086,0.00184805849693019,0.00220059336516461,0.00190387870457005,0.00234643157141886,0.00337843438642429,0.00242055827898348,0.00218870332553019,0.00339198310846679,0.00280753046020267,0.0015348348681035,0.00324351702357891,0.00186756368265812,0.00185762264072483,0.00205159255334009,0.00208308326369192,0.00193158041828304,0.0019319064989418,0.00148196700603502,0.00172191000477004,0.00294525858435407,0.0017058588018736,0.00215157655998131,0.0017522905694183,0.003024170958587,0.00277507774734223,0.00243858501498846,0.00173566880281976,0.00300965206959052,0.00296949714413814,0.00325058372146192,0.00147270336722986,0.00238146279725828,0.00187465433418541,0.00161403474358151,0.00231558489415113,0.00337432646916019,0.0030397381097345,0.5,0.00326676911731616,0.00163153736292995,0.00180690921796992,0.00130522137413595,0.00286328245164065,0.00195689665710826,0.00201267442516054,0.0018196924646464,0.00171746093321637,0.0014812695939215,0.00167112954299108,0.0030102766723558,0.0019416673278398,0.00287361529344166,0.00258739078889854,0.00184595439803502,0.00171087078876616,0.00294227244924188,0.00270403993539731,0.00341830818531191,0.00340032312825842,0.002495999608028,0.00281026502703977,0.00340811459147309,0.0037190502506601,0.00279223443396896,0.0019527902617579,0.0018452152410369,0.00214576020021277,0.00193614675232791,0.00222041274236269,0.00200553133476027,0.00177793650538946,0.00131567646212624,0.00261805547165332,0.00226133514164349,0.0035669892739123,0.00195205038230016,0.00187421538267773,0.00303467460506875,0.00279025599682512,0.00348833659273506,0.00308574290778493,0.00201274930077645,0.00347633492842672,0.00255717529869182,0.00190354501456242,0.00233444616315298,0.0015953792347714,0.0016143993837313,0.00323093557601451,0.00145301502490661,0.0014159395979306,0.00180209507166409,0.00294442788144612,0.00273499222395272,0.00240297107678214,0.00333995751785426,0.00340566871893722,0.00151123249943777,0.00191093504039718,0.00331906728336755,0.00311964990213523,0.00267684884807717,0.00189831388067183,0.00323251038053692,0.00212181916645242,0.00131723804447373,0.00312388555840616,0.00145409728993047,0.00143558228747708,0.00318116851785506,0.00247610588690159,0.00302173461380126,0.00222047935053895,0.00220423912937819,0.00192969271263382
"DU0040",0.00167213428371313,0.00230776199846351,0.00308226988559668,0.00145666436614092,0.00257696181360334,0.0014169442934335,0.00264654457045093,0.00127059275173449,0.00221861285756234,0.00217431235027122,0.00252655548277648,0.00200893310145444,0.00195782550526908,0.00181541246256958,0.00193587739158393,0.00200391701690108,0.00205126046555813,0.00121403178175067,0.00284939111213377,0.00128038086334188,0.00163496083947142,0.00128092926336131,0.00248514535548777,0.00297493966465294,0.00310154357466506,0.0035760587016588,0.00239276989824708,0.00264893133990921,0.00152933740620402,0.00224656027850773,0.00211306642868391,0.00335416863978026,0.00166451276231376,0.00182525570403811,0.00207802753261563,0.00194987593473132,0.00223003551038499,0.00229613921176595,0.00298119262043497,0.00244608354622,0.00262073764897131,0.00142475393168713,0.00335892169594446,0.00143166171074325,0.00126811314160438,0.00126819427945921,0.00291327149892925,0.00289833784254271,0.00249141912570753,0.00129344484079767,0.00211994638871374,0.00142098774056981,0.00187226158017151,0.00296627870922273,0.00170866982615308,0.00322847191851263,0.00164581755784549,0.00305043396021914,0.00293346551897832,0.00258598022064803,0.00161091042786179,0.00170040484015139,0.00213527227173976,0.0025378206473505,0.00213110438575303,0.00342468558117364,0.00342061308934019,0.00144063456784363,0.00159085030904846,0.00163498245990924,0.00272192102905727,0.00240598271874817,0.00159715544780168,0.00127480150286227,0.00208888204338836,0.00353653215027877,0.00217614698322621,0.00619300801832879,0.00346497794911374,0.00296850617891977,0.00207877998266363,0.00211419556888505,0.00217942686949103,0.00183819178747911,0.00258518291751024,0.00249080183508183,0.00337957526339386,0.0030411279260324,0.00276915871372623,0.00250615647101346,0.00249774753287539,0.00325793983337869,0.00276708839902707,0.0021629443773542,0.00189016422911439,0.00211278155578322,0.00156984753197657,0.00143821665116543,0.00205675629151253,0.00230845659221989,0.00222951375488245,0.00144460264190218,0.0021116592999661,0.00180524634877594,0.00203868445359612,0.00181597483339206,0.00278441246095848,0.00215250035662681,0.0017984590806555,0.00297786795933915,0.00269193314246607,0.007392519484334,0.00302364799069449,0.00143714724796883,0.00165134572654827,0.00211676892193714,0.00192732532174515,0.00195489685395993,0.00205661049377663,0.00203116530623547,0.00144635379287179,0.00305918116989343,0.00175406539107088,0.00184168558609278,0.00212789816234668,0.00268804357326404,0.00245902052014365,0.00247781410508113,0.00128563324628453,0.00303078318469718,0.00275616405532971,0.0029455896716056,0.00177000204998439,0.00211939174889344,0.00159869387550832,0.00129193542921836,0.00371285062304032,0.00298404058263485,0.00411682977380731,0.00326676911731616,0.5,0.00128985827920786,0.00167230355158342,0.00223191003322037,0.00411570656153197,0.00189898069599271,0.00182957845056606,0.00166258829261569,0.00141851180008131,0.00141612206947448,0.00160254543824926,0.00323022723698665,0.00144177778824582,0.00337588013368074,0.00229891765794884,0.00160941990066956,0.00155754774629111,0.0025622194107577,0.00281323206227705,0.00317167690359144,0.00349970439591141,0.00253699406060891,0.00217339933607514,0.00309117867322011,0.00345119387453186,0.00227313320590981,0.00220321821991193,0.00145382504849902,0.00202122596719482,0.00162477888160431,0.00308666844883094,0.00168064955011836,0.00161653618536354,0.00145472878534649,0.00293529255195406,0.00171174954243556,0.00314595247386528,0.00178518994606934,0.00162173733791894,0.0027712622092409,0.00355608287533881,0.0032348451818304,0.00315612793851451,0.00143701073704021,0.00320259121993869,0.00361496609094737,0.0016116618049221,0.00250768683461599,0.00197778498987841,0.00127182889475758,0.00325592725931686,0.00142415141074871,0.00121585192540238,0.00162439914662024,0.00211914187946667,0.00273891097826084,0.00340242146170647,0.00287835276873064,0.0027963126422394,0.00133503229847096,0.00143603324720021,0.00292901891285998,0.00294393428600119,0.00306712104687059,0.00144053265310651,0.00281364176199391,0.00352510857441993,0.00126878978255816,0.00400312266890137,0.00127034594762755,0.00244319293152155,0.00284513682981764,0.00263790085247227,0.00268383147011239,0.00199370528685,0.00204032770183834,0.00164218550654059
"DU0047",0.00301226633131276,0.00328591414112526,0.00144127053582359,0.00317718010704854,0.00193882581645789,0.00313776529757076,0.0019001773477198,0.00249654857702672,0.00142054244136288,0.00298804566864775,0.00144037847511365,0.00295623026113531,0.0029506957367036,0.00297574347921479,0.00309164113661996,0.00144153618880831,0.00305600286175814,0.00160465340961235,0.00147118342629305,0.00140714162468951,0.00312303188144861,0.00165001842425663,0.00308981522309312,0.00172783764545038,0.00166522341442505,0.0012893549410603,0.00214057405312209,0.00145101466908427,0.00145552910846042,0.00299510276083127,0.00296388666165695,0.00142204131016364,0.00308407511068672,0.00306983280411788,0.00298690039093905,0.00295958074588396,0.00138311965696035,0.00184207705035565,0.00386477953435498,0.00144752597722094,0.00149272705780759,0.00313015066957359,0.00143715777020301,0.00139610217202809,0.0031555294705169,0.00316611512210959,0.00147477039263614,0.00132863512779702,0.00146975738567701,0.0036273861861036,0.00148455537645614,0.00310400641823871,0.00310698657813496,0.00147053721110022,0.00310147336054588,0.00145933719979092,0.00314184823588774,0.00144987672654231,0.00147042437030574,0.00301491036692667,0.00311123705757767,0.00250320807591251,0.00254235350061876,0.00134417541391173,0.00298932261659613,0.00278181919993451,0.00130291660516913,0.00309422549267165,0.00310362073131121,0.00179753707623063,0.00204071453729204,0.00151372488841228,0.0013726925213946,0.00499321249698526,0.00126786722275398,0.00141026514833653,0.00298799196288354,0.00180094248949268,0.00173005752119464,0.00182233074214975,0.00298683951921458,0.00295264261002845,0.00298550336845029,0.00308644781224752,0.00256816263187144,0.00313706243315301,0.00143110168898774,0.00145328141848134,0.00147771179088635,0.00257833082907643,0.00171354489522626,0.00127502529977355,0.00143128245403994,0.00132397194204185,0.00310256931070784,0.00307737359006687,0.00149817758222702,0.00310385793522796,0.00137856417227575,0.00133301130202103,0.00369222832217438,0.00311765286872722,0.00296571028697313,0.00148908567457299,0.00295562166890082,0.00211333852408392,0.00167366297555934,0.00376062251807373,0.0015204199712964,0.00144282768388347,0.00174570338862639,0.00145691744799323,0.00144574138583264,0.00309692087809227,0.00418623475476894,0.00298756290272044,0.00309145802656346,0.00295433206850698,0.00295978208107187,0.00376513120175762,0.0038557378692719,0.0020181578886704,0.00314663778729428,0.00310713361867904,0.0013047624891555,0.0014861095644325,0.00145747617987687,0.00429647947512191,0.00337410880631777,0.00144897286121827,0.00146385383136957,0.00142441991942083,0.00353646626057164,0.00560872825617055,0.00310684386373695,0.00337245451135098,0.00137073746402354,0.00145389289994422,0.00129383150272655,0.00163153736292995,0.00128985827920786,0.5,0.00314019335651322,0.00312153129201026,0.00134913940584303,0.00296325058413389,0.00266694964524702,0.00585664206163559,0.00314145436663484,0.00314503212753822,0.00170462086518945,0.00148270065729852,0.00310436239112338,0.00144066303582017,0.00525935501148906,0.00312359045221964,0.00178973265734582,0.00144645119912278,0.00130892668385991,0.00143787495466092,0.00130800912601441,0.00143720520902744,0.00172011898597381,0.00145506543917305,0.00130754862147589,0.0014732690169673,0.00298408379891553,0.00309905539876299,0.00149555905028565,0.00312258074890111,0.00162423275781554,0.00150395672079655,0.00137163107123656,0.00315804478955239,0.00190480483847878,0.00333234655949221,0.00145191791824638,0.00150722920481513,0.00414696164244855,0.00367548110753527,0.00140443710037683,0.00143310785053486,0.00165501219392708,0.00313192378306552,0.00143283978227504,0.0016420093048111,0.00203909416875458,0.00461726121580835,0.00160205080460639,0.00435893937125164,0.0014426157492796,0.00311807820708944,0.00189410368432225,0.00138941769605026,0.00149157857682015,0.00238141304648706,0.00128591799262718,0.00145937239854036,0.00146048306013355,0.00168243323936034,0.00318027992287043,0.00145425784857881,0.00216982312420159,0.00142773019999834,0.00311606250424621,0.00145372525482578,0.00127569488372207,0.00333960931049408,0.00141822125545144,0.00319189271568632,0.00153080349528474,0.00167395777043962,0.00150487953103718,0.00143995802187847,0.00147233403438775,0.00152911433069375,0.00301036434513026
"DU0046",0.0035114619781818,0.0031432863592721,0.00179968462288548,0.00338851554207421,0.00136851948751714,0.00340978143815805,0.001676204428625,0.00139547477841693,0.00236052738948294,0.00321858301439667,0.0018225269381245,0.00341921169981202,0.00341333075480803,0.00347835364077875,0.00343029413879866,0.00186308103869914,0.0034443296730628,0.00187437383208487,0.00180273195503843,0.00175925059276176,0.00354641586816486,0.00174645040970592,0.00302654959280044,0.00164423015627808,0.00181525028721933,0.0014404815899415,0.00277104294331223,0.00182921623024902,0.00201186807861314,0.00302073142829775,0.00342386465137806,0.00141406100436373,0.00347298945751219,0.00347370816844732,0.00338860495914287,0.00343363197958289,0.0015028695451243,0.00169290059310776,0.00130638470017003,0.00188220660632459,0.00184188132637097,0.00355766581710864,0.00178985377203165,0.0018580731541413,0.00346594267779104,0.00350103903297888,0.00176158211744059,0.00123424616308824,0.0016486684279104,0.00364075074815143,0.00202591089631826,0.00352105240291542,0.00338987390449003,0.00189382719289072,0.00352247447066788,0.00188753278503512,0.00358754594459794,0.00182888497952637,0.00184155338498945,0.003024341474876,0.00353253234966507,0.00126761114113019,0.0016982056688265,0.00125113294362225,0.00322184816797459,0.00119912561066823,0.00121346735260106,0.00347096400802386,0.00362102396301284,0.00241488251332629,0.0016128274755549,0.00178759872278248,0.00147708411796645,0.00333398096596595,0.00152327681273929,0.00162286489104325,0.00321845826534877,0.00147762165583644,0.00167995569566618,0.00169191357645047,0.00338844051894984,0.00341665233824779,0.00321533697928241,0.00344279547839236,0.00121483552924756,0.00306431013663851,0.00178324731270621,0.00178545927461016,0.00176517248544184,0.0016808702707511,0.00140744294520545,0.00214329378148317,0.00179258492290831,0.0018619953109518,0.0034685890753325,0.00332297400046838,0.00173267330972787,0.00357230561499947,0.00145718182813734,0.00139936420221018,0.00130833910366064,0.00355048866518201,0.00339013573499853,0.00168472538232397,0.0034202970412183,0.00215717134979056,0.00165730137052776,0.00137619918694162,0.00173292574567916,0.00184559738044604,0.0017588482919681,0.00167530170435511,0.00174704374787555,0.00352858845984279,0.00344102095363858,0.00322034820334912,0.00342967705088965,0.0034183907148379,0.00342810932292227,0.00328986956653865,0.00343634253127053,0.00168865528697334,0.00337209815867235,0.00346591960015618,0.00173216852625729,0.00176971559820085,0.00185829964306562,0.00124571851813983,0.00339266822254595,0.00250499037541369,0.00177549890853953,0.00239471450671675,0.00347245059161067,0.00115189368037012,0.00357771778075899,0.00346087622861915,0.00123745785249268,0.0014443241284635,0.00140231856763214,0.00180690921796992,0.00167230355158342,0.00314019335651322,0.5,0.00313893259334301,0.00124003728332751,0.00344398296605577,0.00184267463946954,0.00111689734427186,0.00355822051474426,0.00342973415177031,0.00181305932451705,0.00124323591769993,0.00355965501980536,0.0016325498521084,0.00116784453003515,0.00356995815033409,0.00226979231521176,0.00184040442363488,0.00177047636127775,0.00178968128058722,0.00166434803666405,0.00161231664725399,0.00162537988952116,0.0017471022398692,0.00173438202218579,0.00188832655942982,0.00337870372973124,0.00354825976999428,0.00180619306251791,0.00358244972185392,0.00123190138936681,0.00213698130262977,0.00173141736939881,0.00318609032990549,0.00165057999173261,0.00359647133209566,0.00181620048792628,0.00142659023373392,0.00348878995234857,0.00137090073198957,0.00165955462623557,0.00170581699161946,0.00230756443075449,0.00353641518935447,0.00180105256476553,0.00139711539406093,0.00162675842489985,0.00124088369586236,0.00175946260830657,0.00331490077625837,0.00162166138815742,0.00341995803385363,0.00178226498115382,0.00182428959421146,0.00182935424580609,0.00156967713240427,0.00125011654995641,0.0017869096419227,0.00184501896260404,0.00284957714962811,0.00353383535350114,0.00178831783755539,0.00158388070230384,0.00175980650193827,0.00351872900547769,0.00175369733182578,0.00129760257108018,0.00350860659078437,0.00143588467598502,0.003496966232784,0.00143472016159262,0.00176084986990337,0.00145406813600488,0.00180249294970915,0.00125639989510722,0.00166788758818512,0.00356375394156285
"DU0045",0.00303899291628256,0.00427828728272157,0.00140521407675227,0.00350289656851114,0.00159148129214056,0.00337152734222941,0.00166206438850617,0.0015953138663659,0.00127609163178066,0.00375740259899947,0.00159852677621541,0.00362595533423432,0.00357286726334335,0.00340730398939532,0.00354374168818846,0.00195149115086052,0.00369120674010162,0.00154937848646539,0.00140091303995335,0.001660942923177,0.00300499055880713,0.00165004873867969,0.00461715773070645,0.00167177668704865,0.00129377552070387,0.00244770514764991,0.00122913561845735,0.00159591371329067,0.00125069307582061,0.00431876909647294,0.00373389671325031,0.00269931149257948,0.00314984950708694,0.00345059035665389,0.00364945681279103,0.00355335689189651,0.00139221197964017,0.00154841221319577,0.00128230078836395,0.00127127214912389,0.0013938259470499,0.00313435537587068,0.00172681946416715,0.00133030818962009,0.00331409693120793,0.00331701324252841,0.0015633384513427,0.00206168109724064,0.00232012511340051,0.00350066448546085,0.00126395718873099,0.00312136073672807,0.00376224428869659,0.00127698515730577,0.00314265791006365,0.00129807820560167,0.00303611048739126,0.00129506313154818,0.00132401541931808,0.00470658844252714,0.00301005819578092,0.00124207377217832,0.00121555483664562,0.00201474885490151,0.00371019828619092,0.00139428626385217,0.00264557058804312,0.00332224450241538,0.00297225486988308,0.00161782040215502,0.00158956231367387,0.00157141766979365,0.00136005478512116,0.00326971329496519,0.00200301849052682,0.00216420779577162,0.00375937070915517,0.00245850254709138,0.00174128414958309,0.00181442886417277,0.00365029646940516,0.00373048316079177,0.00376202512894438,0.00351170312764055,0.00113275962911805,0.00407783696777663,0.00170811615535139,0.00128127954597507,0.00163300222710044,0.00120599002316849,0.00143414507855152,0.00214021124324902,0.00162300829669048,0.0021041498590738,0.00337051165627772,0.00385681878324534,0.00161570468507142,0.00312894375781172,0.00136599974058882,0.00180322378187086,0.00127791324177743,0.00312822970057134,0.00372155305575167,0.00164868337663465,0.00365147268651611,0.00152048267047458,0.0016484309523103,0.00131553273371802,0.00159807150198052,0.00143012264342145,0.0014358928613024,0.0022422257353796,0.00160571518676316,0.00310331125201397,0.00296036321533879,0.00369362883386627,0.00353244014977492,0.00356602245037315,0.00367338183915676,0.0037047251785217,0.00307556972136222,0.00172385327882781,0.00345883249979419,0.0034502844671075,0.00210151475628039,0.0016217032346971,0.00146291163089103,0.0012631005503776,0.00339743857259584,0.00126028797874646,0.00179867492585897,0.00157585641864497,0.0034407908902989,0.00115096390516107,0.00299491465026035,0.00347376967171978,0.00278951299662191,0.00163873839794517,0.00256269274355729,0.00130522137413595,0.00223191003322037,0.00312153129201026,0.00313893259334301,0.5,0.00281061649592434,0.00350569097312035,0.00136903979059166,0.00109806518482009,0.0031398403383429,0.00330512762355466,0.00168932111876796,0.00194414631364139,0.00312892724638622,0.00232812644167789,0.00116112620090765,0.00312783447072109,0.00140639714170127,0.00139715955613439,0.00192108541926241,0.00131197261316392,0.00192417490126633,0.00167743785672847,0.00169442964507593,0.00160637494629482,0.0016863549420256,0.00130715755789112,0.00378737447101571,0.0031295881027889,0.00145714186067606,0.00300252964883121,0.00249402914939908,0.00163214683524955,0.00138719870575633,0.00355760237602938,0.00183915733311809,0.00307528255106361,0.00143712684323775,0.00166886360192085,0.00295840134746601,0.00148639561902415,0.00222737580848367,0.00164353015474217,0.00131139520197389,0.0029799052091023,0.00141949913169432,0.00249115670378221,0.00158657993075272,0.00127280614642653,0.00190341637417149,0.00328339173320954,0.0018248379419,0.0033622943515478,0.001574359360834,0.00148396597640599,0.00140964404402125,0.00157941634852503,0.00257428322282682,0.00143660025501747,0.00141244915849167,0.00156740397176461,0.00310237022133085,0.00160427548275945,0.0015606919157451,0.0018256782440973,0.0031281616707415,0.00174803960723138,0.00296186964132263,0.00335781554846887,0.00244975274987793,0.00320872258327194,0.00243553902935522,0.0014323661508089,0.00144827412544565,0.00142953726593066,0.0017938273094445,0.00163653740413175,0.00302816674345797
"DU0044",0.00127727506196816,0.00289053289839921,0.00300893199137638,0.00142968834478649,0.00267131716916997,0.00134770932965197,0.00266335685495251,0.00138778899841971,0.00249449367975742,0.00222372031032172,0.0026792299879116,0.00201206871500454,0.00194324733170121,0.001658249998114,0.00186919890879912,0.00193097590650466,0.00206702001842402,0.00121451821981673,0.00264512954998497,0.00133767302275752,0.00130415221997762,0.00126128843081295,0.00386309567742013,0.0024710636805646,0.00255027793130116,0.00427187697914014,0.00269102649038873,0.0027995954923544,0.0011583437447897,0.00294801951038857,0.0021586633913739,0.00456135706350102,0.00135865079752876,0.00151025529292794,0.00206712519697812,0.00190191185223246,0.00248740019475746,0.00254147914340474,0.00299141181508774,0.00250946253139051,0.0023954654971741,0.00122534781486826,0.00302214771985434,0.00125001342415546,0.00123565856786563,0.00123631222931857,0.00288115710698909,0.0029347544175419,0.0027500073083939,0.00136917203767179,0.00171498252112627,0.00128427421331429,0.00202391628915035,0.00286731517547391,0.00132474980956692,0.00283582004411888,0.00126456437201513,0.00301937692259169,0.00279089040910412,0.00410611825431841,0.00125253804406446,0.00167553270804423,0.00162188718388637,0.00273985972102842,0.00215357819145851,0.00322504260378953,0.00369346145226734,0.00134486852124274,0.00122575317284729,0.00169032644954469,0.00221178217861568,0.00240327500593835,0.00154780511803129,0.00133151137414578,0.00211652019916915,0.00401576480191836,0.00222664851671405,0.00307181575963334,0.0033602771082077,0.00319240818128361,0.00206844994780423,0.00217213294510901,0.00223337358953497,0.0017650028807426,0.00291744888891491,0.00258545619430335,0.00303285821284672,0.00302326326562434,0.00239079931216233,0.00262687384963966,0.00289239209781034,0.00384201128234205,0.00276487084962193,0.00218018747828576,0.00144113160099747,0.00227503997211616,0.00162183327349435,0.00123473485520923,0.00199670142682701,0.00221081809770241,0.00219379026140278,0.00124138533611871,0.00215234401601423,0.00171324340825416,0.00205311295048361,0.00169580882171401,0.00283468718105306,0.0021111593879256,0.00168017709851304,0.0029153673516891,0.00265582267857046,0.00251689038901803,0.00292384934764165,0.00128720857074307,0.00134120539574039,0.00213139046263815,0.00185509590358564,0.00193018716773019,0.00207568144878304,0.00210278876938968,0.0013113882385642,0.00326867850827927,0.00146989267109744,0.00168357464944875,0.0022288584060202,0.00234852771620426,0.00259034298916743,0.00278457877542435,0.0013465836983569,0.00289507686960628,0.00241219273897103,0.00291081418864206,0.00146793345488815,0.00210165746697267,0.00123877687222231,0.00138191757610792,0.00517189498303605,0.00309756373057527,0.00487118176991861,0.00286328245164065,0.00411570656153197,0.00134913940584303,0.00124003728332751,0.00281061649592434,0.5,0.00182274544638969,0.00143729314532886,0.00164672897294316,0.00122962457244988,0.00131452642566849,0.0013410267223455,0.00335871495188544,0.00123667670000627,0.00362035010778187,0.00227805426170174,0.00128764375926012,0.00125774656178791,0.00269124492684267,0.00303158494272628,0.00299019594560241,0.00377871030375741,0.00293585392780313,0.0022224529934581,0.00299082535163319,0.00332548267246052,0.00231759815192086,0.00227155565571303,0.00130527942148291,0.00166077014546173,0.00123964113996798,0.00348809714202464,0.00157162597032831,0.0016311027696351,0.00147227312684943,0.00310013427976461,0.00129037035521521,0.0031182036685622,0.00187706462159949,0.00125467074998339,0.00314705971072821,0.00407492601121192,0.00320355741239464,0.00276872930769732,0.00123830176767836,0.00310915633087231,0.00449758828607733,0.00164970696293548,0.00275481361900629,0.00193235333167751,0.00132272863236379,0.00330323977059591,0.00135989858909807,0.00125161906985795,0.00132676151968936,0.00193299563920719,0.00311821604051045,0.00437206243400711,0.00252805185713145,0.00262247140554552,0.00127469510685624,0.00128589597490827,0.00260044528535156,0.00301779036560466,0.0030426836753639,0.00129636736823762,0.00266513839929104,0.00534033637154517,0.00130941787182262,0.00453413165236586,0.00130499672235643,0.00269431134548874,0.00321582732198058,0.0031149835179331,0.00284577064654922,0.00203103783995805,0.00176342744397948,0.00125162820865102
"DU0049",0.00363404804861954,0.00356735378211537,0.00167942766466299,0.00335338193468376,0.00116705893325867,0.00329957247027886,0.00159711678572037,0.00116097609437845,0.00116820967296921,0.00384028837520175,0.00158224117970765,0.00377304036403497,0.0037758553002043,0.00380291300425142,0.00392385389974566,0.00236202782747973,0.00370416275643649,0.00137869816920042,0.00170496086401596,0.00163097047996722,0.00355473445642628,0.00166170621134144,0.00362971939695453,0.00161117366901686,0.00196007240847031,0.00185894935272434,0.00111920290798184,0.00160279192200022,0.00175591671960858,0.00359982988226894,0.00380895707882744,0.00190709219975495,0.00369597920194247,0.00379773208363402,0.00384199750482308,0.00383637149070867,0.00146152026629679,0.00119663770603657,0.00112825744966302,0.00173946281183124,0.00159221480338967,0.00335259171646795,0.0017382512211237,0.00175897803766991,0.00314377254771865,0.0034007776207828,0.00158379250904337,0.00173744257213621,0.00181348989640637,0.00309871090613948,0.0017706119562653,0.00333328074791232,0.00365959306915521,0.0017804962503008,0.00341363531321502,0.00195388645590142,0.00370513938242428,0.00195074069125882,0.00198299697221554,0.00365159400993065,0.00361855371953743,0.00109289157418699,0.00154774290441963,0.00173577228647835,0.00384247393002671,0.0012798866420211,0.00172247716873247,0.00332614566153635,0.00337623002727386,0.00113363989020543,0.00117997405940876,0.00136011340641572,0.0012939726423444,0.00293353040681397,0.00211950528721385,0.00174592827997674,0.00384024319758217,0.00189613757960261,0.00203833817550403,0.00199112281531135,0.003841801710752,0.00375164317383039,0.0038364781506993,0.00371132104667042,0.00108947618077724,0.00372475888483743,0.00186463638229775,0.00183120093176505,0.00194839734302181,0.00119281799581465,0.00121040483938077,0.00177835726612192,0.0016220762202912,0.00236760413620151,0.00379032639634615,0.00347568133144388,0.001319667263036,0.00351768281410064,0.00133687885797245,0.001607440620768,0.00111549280355212,0.00347682165547504,0.00376023482067706,0.00153690736019402,0.0038072548046822,0.00113286539568784,0.00119997682340607,0.00126813143293168,0.00156287756589614,0.00183960793190611,0.00180723889832895,0.00187198112374046,0.0015800771261351,0.00345214925149958,0.00351349245622627,0.00384011581947105,0.00388587095805234,0.00385577873008439,0.00382668583488748,0.00350125242886281,0.00343660351504133,0.00195461380784226,0.00343482148459923,0.0037962715161403,0.00196416910704067,0.0016811293912157,0.00185741651130159,0.00111637751612676,0.00340540253109205,0.00144114934648814,0.00194952951541117,0.00115529235012078,0.00340715623104268,0.00104948659782548,0.00351925840771057,0.00300537716571336,0.00180255612996887,0.00138693492886912,0.00184077767891798,0.00195689665710826,0.00189898069599271,0.00296325058413389,0.00344398296605577,0.00350569097312035,0.00182274544638969,0.5,0.00186764296705702,0.00101080142379589,0.00338230841773238,0.00330495950953777,0.00141031923327383,0.00167484642485152,0.00352946335554173,0.00176832414686514,0.00106171304523848,0.00342612986541139,0.00132093353894794,0.00165720984342291,0.00215857730395933,0.00198647542159628,0.00209113450338646,0.00138165090825644,0.00133581970235546,0.00155841403200144,0.00209074622886616,0.00187532061015972,0.00383506886239255,0.0034899334085142,0.0016304406392693,0.00350311875017431,0.00171502398548809,0.00151173465896548,0.00129591724215406,0.0031620912438567,0.00207936464098225,0.0037483305426571,0.00191397277601429,0.00153602405740135,0.003424903894561,0.00115424439124014,0.00181751311524873,0.00198231920216067,0.00184523339415989,0.00355609630092431,0.00185955315415791,0.00177842795014204,0.00130028992218416,0.00111087432910977,0.0018853466961401,0.00290104396168086,0.00161113858506275,0.00328416431315546,0.00115120014848654,0.00179680013035534,0.00185717091055452,0.00116956651126328,0.00170510899800096,0.00188723283963898,0.00165355900831987,0.00112021781510432,0.00339781358280004,0.00163557955589842,0.00133444845956734,0.00190215597757763,0.0034858195437283,0.00201574593371199,0.00186387016201141,0.00321989045745968,0.00184082210709634,0.00319549869835177,0.00189915293693046,0.00164996836557312,0.00123462147979073,0.00172777932442614,0.00164120954764294,0.00135031943080941,0.00361931796919024
"DU0048",0.00195235374520463,0.00137102637146299,0.00180591567344381,0.00133600985471712,0.00187751650477402,0.00135982294456247,0.00192976806683011,0.00217975850717144,0.00146481859403957,0.00189048175264817,0.00158516459775181,0.001859678264389,0.00185305906140066,0.00187488003322524,0.00188040525421822,0.00205798947218593,0.0018277512535083,0.00133680032472968,0.00177937077099787,0.00150335306801766,0.0018827219297622,0.00152941136278622,0.00137064420247984,0.00161306412784198,0.0020259872091908,0.00176565672338024,0.00210826479051186,0.00158331904701291,0.00184739479309178,0.00139654443309486,0.00186417271626664,0.00156816216237479,0.00185065461484536,0.00186524844671256,0.00189694983014217,0.00186654354190875,0.00145477774569986,0.00185954740987558,0.00272152545555538,0.00185653103257578,0.00183241631667289,0.00171120617231922,0.0016406442232881,0.00179896467779536,0.001367319908931,0.0013505405648236,0.00143785570794576,0.00154174209300386,0.00161498153722559,0.00170670043341927,0.00207221178272274,0.00170981038962821,0.00137922411436854,0.00198563334075038,0.00152568762441105,0.00198987306958274,0.0018917042584342,0.00195644028871004,0.00208811016494253,0.00137089811809273,0.00187481611955061,0.00251591052558382,0.00250462708467679,0.0142806352088251,0.00189332941819794,0.00242744744599739,0.00148535712924324,0.00151157016692688,0.00176357805814346,0.00151353251008164,0.00200684889599193,0.00162322700165161,0.00155002738259568,0.00239332541944847,0.00186544338749511,0.00154835586274978,0.00189041720373222,0.00189316842948711,0.00208985479574451,0.00210379059449706,0.00189676592826587,0.00185650422833837,0.00188790114148145,0.00153020272699533,0.00247662942205928,0.00142044739776858,0.00197673054604919,0.00193372636311363,0.00202103875858733,0.00243954535929828,0.00151962682613678,0.00146882814597551,0.00158679086893413,0.00199304401439152,0.00185943931969623,0.00152599698923874,0.00156856345165812,0.00186366388490504,0.00159437275401908,0.00156102566607924,0.00271546766824776,0.00186904848498477,0.00184811382901591,0.00167631962463864,0.0018569029980129,0.00209398320739465,0.00145166923409126,0.0025865225875913,0.00168559917115281,0.00192207239955231,0.00202784880956626,0.00144541941038391,0.00159863688063263,0.00181875531880287,0.00243268354941253,0.00189236430549382,0.00187737883382861,0.00184534574428816,0.0018581222031344,0.00203407903081622,0.0021445064172582,0.00223835657157428,0.00155639325468285,0.00188839645393702,0.00182373962984305,0.00783118260391215,0.00243780310650296,0.00274667267533887,0.00135238593819261,0.00279638924600339,0.00199467633189385,0.00144267416723431,0.00192137808637087,0.00352084410071765,0.00191538232345114,0.00133251071386134,0.00141788263123861,0.00145820275863757,0.00159224531830167,0.00201267442516054,0.00182957845056606,0.00266694964524702,0.00184267463946954,0.00136903979059166,0.00143729314532886,0.00186764296705702,0.5,0.00357208982903855,0.00171209542334321,0.00153839634918126,0.00152230395841912,0.00149220663758437,0.00187492229028073,0.0016222425543969,0.00327125094328536,0.00177942605928766,0.00171954872767028,0.00183549263524121,0.0019293316619068,0.00191208844120114,0.0019514124621917,0.00143818099717032,0.00152111738471793,0.0015751206983777,0.00191002174463393,0.00196057232515113,0.00188646106250614,0.00183006149040259,0.00194906302839269,0.00189866876011775,0.00154911738155854,0.00663893497209295,0.00155778981553503,0.00137692398756519,0.00220416642861846,0.0019752896288318,0.00193740426985619,0.00155721770627467,0.00249077728370748,0.00262585928690723,0.00300329119021205,0.00197216136218412,0.00241961803480793,0.00188324222431561,0.00193520010887498,0.00308065962295232,0.00197818938779341,0.00289338053392077,0.0733474884431893,0.00221860900008044,0.00143217480977938,0.0014936235124679,0.00174441127363376,0.00183568647570387,0.00204263402358028,0.0021164760294607,0.00142639405351993,0.00196147207988493,0.00184821669906194,0.00130294423366456,0.00186527660807294,0.00163307926770368,0.00202557739300391,0.00161894694626968,0.0018746485774015,0.00200376914223142,0.00142264508908192,0.00136680584267248,0.00177237301603619,0.00137999101324326,0.00137500511400603,0.00144511913764803,0.00151225694938032,0.00184445525888068,0.00150875814491226,0.00168325070077537,0.00193936216643979
"CH0019",0.00106065027762329,0.00109382443660646,0.00177219826327165,0.00116731327762606,0.00332293206603158,0.00120044277524738,0.00229637234823799,0.00339445609375944,0.00161945272857338,0.0010124932490048,0.00153881444625127,0.00101190079689325,0.0010083994964417,0.00101716207200552,0.00100954279951045,0.00116249704799702,0.00102669313307183,0.0012322418071802,0.00201875167358203,0.00116812241210893,0.0010905799122755,0.00126407087848004,0.00106323936548258,0.00276804975677426,0.00220370233945792,0.00147844936298096,0.00282106385932509,0.00158088113655526,0.00117534828439885,0.00105333046799462,0.00101051877075814,0.00135864540409487,0.00105316624585365,0.00101680117851667,0.00101142564804639,0.00101113526367651,0.00145943855161222,0.00212729071416547,0.00648287269724746,0.00146449446328886,0.00239287605114401,0.00115424681430401,0.00183750636375269,0.00111550502286109,0.00118298708238515,0.00113811022493564,0.00187375124933971,0.00325947121347968,0.00507234515923406,0.00146262916175844,0.00499196067656982,0.00114001299437298,0.00107426335598244,0.00155917164429129,0.00113132754004863,0.00180679384229597,0.00104490257543851,0.00155529679204844,0.00146591809097694,0.00103646440765599,0.00107266936004949,0.00783152472373795,0.0072869273849339,0.00353088549695577,0.00101215890217332,0.00446880658840751,0.00346760221764203,0.00116595970641936,0.00113936866489082,0.00595126542274675,0.00320067075865366,0.00261967435765388,0.00578767925417431,0.00460253464532207,0.00101708035736191,0.0016185139610316,0.00101252897551582,0.0016859056969046,0.00221242997986239,0.00208070796196879,0.0010114032316604,0.00101226144285951,0.00101225157894303,0.00104344047669866,0.0034656231905462,0.00110128221984874,0.00178403492913144,0.00158927270012562,0.00268670669209209,0.00351711538928976,0.00174578284660944,0.00155943588459543,0.00155451326625321,0.00104552548465689,0.00105102638340591,0.00109138180176012,0.00552235411104715,0.00108377705529839,0.00381422560401806,0.00524749777089535,0.00732805987456501,0.001105564843919,0.0010208223863366,0.00579984002592041,0.00101012802682616,0.00680704595734752,0.00211956901834004,0.00765351162267861,0.0057978358183248,0.00154938965898145,0.00171485930380936,0.00159128005670327,0.00189839491281527,0.00112691892258689,0.00322113801500479,0.00101188220362228,0.00100917302744114,0.00100491902490739,0.00100970461430362,0.00230202184529536,0.00252937414775149,0.00260983157234666,0.0011644097622608,0.00101825777896023,0.00114728425414951,0.00238544843409793,0.00144969696741477,0.00742165139699576,0.00123820282400019,0.00160759857106229,0.00280265929133547,0.00226421024571425,0.00177441498720578,0.011256980656448,0.00110415666924532,0.00125252892172877,0.00147047032985293,0.00188697314602385,0.00174880319798977,0.0018196924646464,0.00166258829261569,0.00585664206163559,0.00111689734427186,0.00109806518482009,0.00164672897294316,0.00101080142379589,0.00357208982903855,0.5,0.0011373421882278,0.00127842428425707,0.00130931986926964,0.00217051068664996,0.00108675197244916,0.00236882047120877,0.0107110197634015,0.00112029480225415,0.0012812163519834,0.00155026602311456,0.00128554587371897,0.00150531844702574,0.00150897779295275,0.00164376036493409,0.00334917545909847,0.00182923618577027,0.00166774723092733,0.00143774134472672,0.00101209250829436,0.00108904347673757,0.00547862302521899,0.00109070637151979,0.00377914331051122,0.00502080493157176,0.00588592913040339,0.00122380972951319,0.0022184499324635,0.00105964392639767,0.00158073927868234,0.00510609876403196,0.00310510208627424,0.00566846327641398,0.00155422226593197,0.00155668620333431,0.00159976028531898,0.00116069863294829,0.001669500631314,0.00167603495199318,0.00654391237507056,0.0077098382795167,0.00175191090853351,0.00353334044916359,0.00189517799724275,0.00118895575411012,0.0018971678767823,0.00111029926107135,0.00387707333224612,0.00350741854282468,0.00154435291638852,0.00221264196435773,0.00210216904482553,0.00133089292217673,0.00130903952599317,0.00217550270164432,0.00310583905658499,0.00149939574754087,0.00114229881091426,0.00267634652184336,0.00135658626866474,0.00116597683470514,0.00170238646044012,0.00117576898479908,0.00108546855147921,0.00170763600208012,0.00170240177086101,0.00157199218106554,0.00573358183389359,0.00583977821225084,0.00109856899374618
"TT0019",0.00342422442700917,0.00314878088545053,0.00187244937933554,0.00342238193874559,0.00139498162682129,0.00349015095392092,0.00168101878812473,0.00140217707584939,0.00136073494509106,0.00314902543410472,0.00178280823781363,0.0034167799326323,0.0034502444053903,0.00338480801979436,0.00334518175953499,0.00176896399568039,0.0033662567260879,0.00250767640170325,0.00233867709524073,0.00200280303380803,0.00347847508230344,0.0019936562019938,0.00308405518597658,0.00168578052723442,0.00175858646661551,0.00158330191732924,0.00122878463261754,0.00180476912825655,0.00181042912744654,0.0035084993969524,0.00331460775756556,0.00138023080543166,0.00360132492421285,0.00339945212076413,0.00315039470469149,0.00334105331804358,0.00323050353265394,0.00171111356018133,0.00133660703163827,0.00207315997801666,0.00188907706759355,0.00361249551273358,0.0017316001851679,0.00210082427314403,0.00384025052654679,0.0039792806477811,0.00208316437718163,0.00164391616031923,0.00166294071998472,0.00333623671174471,0.00172335989081163,0.00371754550284159,0.00345049670499223,0.00198075043434852,0.00367265799600612,0.00178797588938129,0.00354019493736832,0.00176553724293794,0.00168590143250968,0.00301346669552379,0.00364582919894551,0.00127688808805603,0.00167160332532505,0.00127561611256762,0.00315140192285726,0.00130418656957171,0.00136161290365349,0.00352682148566448,0.00363143680443045,0.0014572520323563,0.00162445465734932,0.0018023180645868,0.00219916256613366,0.00332776752847188,0.00148335540712308,0.00164177001675632,0.00314893376038467,0.00126558743385433,0.00127958865782511,0.00142405812974899,0.00315028501518276,0.00334784227250703,0.00314601663501256,0.00372692236414228,0.00116991089204618,0.00305428583829068,0.00168742022031583,0.00174124911492609,0.00167137833830675,0.00158350536938095,0.00146990783975031,0.0012099034477665,0.00178733312333671,0.00175768381719252,0.00341563362363164,0.00330296769897202,0.0019184277992003,0.00351331217150795,0.00227582298521455,0.00171982415533768,0.00134804584791801,0.00348555925058572,0.00332635165710855,0.00191287085525913,0.00334931117032797,0.00166195434938741,0.0016901082057812,0.00160341705420169,0.00183190997560452,0.00174686041642885,0.00168708501977936,0.0018884239971525,0.00176491392306532,0.00359737119290496,0.00334239436594007,0.00314972313873389,0.00334362168372182,0.00337496730231838,0.0033247826472156,0.00328204318426209,0.00350725126333176,0.00141474827885159,0.00342807170533346,0.00336446050445856,0.0016338041504274,0.00175835029045526,0.00183181166982479,0.00126768866342899,0.00349342939734214,0.00174319619556638,0.00172913603729181,0.00136812038427468,0.00340083426716716,0.00116746998689145,0.0036924323676702,0.00348930535196478,0.00121733779305299,0.00183983954548241,0.00138158508462782,0.00171746093321637,0.00141851180008131,0.00314145436663484,0.00355822051474426,0.0031398403383429,0.00122962457244988,0.00338230841773238,0.00171209542334321,0.0011373421882278,0.5,0.00375012159276147,0.00176674386709828,0.00160771382684972,0.00379962016884895,0.00162524757872864,0.00118779237929913,0.00353289391637821,0.00154876457708978,0.00191214901119822,0.00171404270498085,0.00170818762072691,0.00142424212029981,0.00194594594784769,0.00169319349378798,0.00178952465788861,0.00174593210027175,0.00191616287381635,0.00314409388757325,0.0035249677992749,0.00178360944943595,0.00346914999394062,0.00136820617323441,0.00179372184035016,0.00194075344447541,0.00340515223531941,0.00127095573499179,0.00346977823096237,0.00173509274860344,0.00216689580954301,0.00337136019086546,0.00156575011856596,0.00165290671658391,0.00145119615440951,0.00160554777429441,0.0035095046596672,0.00183027603368366,0.0013734421900446,0.00170301477741546,0.00123601064272106,0.00189854576549446,0.00334839165511307,0.00168396042523447,0.0034397124094809,0.00177450915419062,0.00181038037573424,0.00182248620177361,0.00161521733904795,0.00123674456543188,0.00204697764045126,0.00181960692711243,0.00172076242373189,0.00350977663625057,0.00186625308241943,0.00184482698398167,0.00172831970859027,0.00350937588112653,0.00168230406001309,0.00123614293853739,0.00427213407660195,0.00158433943981598,0.00434860124759496,0.00146682118640717,0.00252812286435143,0.00145293920349464,0.00182334433272627,0.00173024818630859,0.00174038301701125,0.00348563241071579
"TT0018",0.00336227614665917,0.00311601694574697,0.00198283220576374,0.00347139293741802,0.00186232994934629,0.00366608976541718,0.00179619599027252,0.00188545660733592,0.00138600135358715,0.00309455364230811,0.00192571742189362,0.00334096755814971,0.00336788271309054,0.00331766226277274,0.00311941051645451,0.00180753385332445,0.0032908316854455,0.00210159066531714,0.00204282384020272,0.0019730492218842,0.00337040740360495,0.00194270291124488,0.00306890269954689,0.00173500282758674,0.00170804613099243,0.0014228042986358,0.00137725381033632,0.00195207918361205,0.00168575232181996,0.00347244059352851,0.00310423090832325,0.00139019495303841,0.00350914086966611,0.00331816583907816,0.00309489977155895,0.00327498413600487,0.00245367872118107,0.00185420727924281,0.00138571983445555,0.00195933398117352,0.00181238174382501,0.00351732047557938,0.00171548767009623,0.00200164515372311,0.00370617796237606,0.00374805817977691,0.00199523510903614,0.00175075662986553,0.00169326779484058,0.00356466007766078,0.00166724837984086,0.00360771603380867,0.00340982242651692,0.00188121926573367,0.00359372568991601,0.00170582938438012,0.00341490523164916,0.00167469179417533,0.00145640869680196,0.00303619798980355,0.0035143143563977,0.00205185235713837,0.00172170263511467,0.00140769133419413,0.00309635141357299,0.00166490971829411,0.00138067336833184,0.0036399438053681,0.00351086523841239,0.00181370886736253,0.00178141214003354,0.00175236570750613,0.00213026040337827,0.00332845721774354,0.00146733394660315,0.00168333498637527,0.00309449124107267,0.00170026568124952,0.00143193566886224,0.00161319490707093,0.00309479818633989,0.0032825624957949,0.00309171623341616,0.00362708917951391,0.00163914123570486,0.00311460531239715,0.00166297739835824,0.0016784035140076,0.0016334678521697,0.00162822302547568,0.00146861769844533,0.00131810493686172,0.00185815448497553,0.00172703668920466,0.00334845250462571,0.00340229640253638,0.00205397242081605,0.0034041313844316,0.00215956598454037,0.00196334561560656,0.00140970553746562,0.00340120949320074,0.00326974177844458,0.00205029531301334,0.0032826996165493,0.0017316614885221,0.00192438386732722,0.00164258489530707,0.00204312913548344,0.00171107509440332,0.00187198319668216,0.0018877875953369,0.00193760263739533,0.00348180532274146,0.00333539840600864,0.00309455393069156,0.00311855755826116,0.00329837316897024,0.00310703827311381,0.00330767884955148,0.00351421204088041,0.00160798519476698,0.00359968698419359,0.0033000173401627,0.00163272546040268,0.00192167452415303,0.00195799775365919,0.00157801173128342,0.00365129746975627,0.00165197253873965,0.00175181458047826,0.00175046994362644,0.00338993109914274,0.00128555856653052,0.00354401744167541,0.00349033821082136,0.00132566381656756,0.00198124994496639,0.00139485666610918,0.0014812695939215,0.00141612206947448,0.00314503212753822,0.00342973415177031,0.00330512762355466,0.00131452642566849,0.00330495950953777,0.00153839634918126,0.00127842428425707,0.00375012159276147,0.5,0.00177940767795013,0.00184888134791013,0.00363935851399213,0.00163187916131335,0.00128740370939802,0.0034188689954359,0.00146857884579763,0.00183593221146983,0.00167409860218453,0.00168705003742783,0.00140941452589802,0.00211207486415854,0.00196501545807494,0.00182271733828089,0.00170260302779165,0.00184232045776651,0.00309020075579366,0.0034328248982477,0.00177770004063165,0.00335410016602019,0.00143996162171577,0.00185774617943585,0.0019233517308187,0.00362397992166376,0.0014197559639961,0.00318389033406631,0.00168056575185161,0.00222048934312619,0.00330280617970053,0.00159341975114921,0.00165629668894929,0.00164269297177963,0.00144396494286077,0.00341289297629787,0.00181088384412701,0.00140315090734323,0.00198293913394977,0.0013439589172008,0.00191390256339609,0.00345426603394385,0.00177095652839853,0.0035686110004037,0.00180753178326243,0.00193642470045349,0.00176622489673806,0.00174740675446638,0.00140199823056987,0.00198922166749659,0.00180179564017165,0.0014803672641799,0.00345296853402792,0.00198802221852732,0.00199515718941933,0.00171811880447116,0.00356868896201835,0.00164008939101565,0.00129411220701472,0.00380300235781986,0.00142248564545221,0.00383946960394463,0.00147342353362955,0.00211401894738895,0.00146267097126861,0.00189832305092712,0.00177114001628665,0.0019945656927854,0.00336045223243105
"TT0015",0.00162701751998244,0.00167456035665313,0.00177012285325944,0.00240885406769785,0.00151132462892393,0.00187811587314264,0.00181642553084437,0.0273910246720351,0.00144396023700094,0.00139442073773606,0.00182337228113128,0.00140992468888387,0.0014101808001152,0.00159832735518937,0.00158512338360483,0.00155041948598631,0.00161499803192788,0.00462867955106577,0.00174111734005775,0.0100852612108801,0.00172584630869629,0.00937755386022386,0.00134963340200594,0.00180148853624056,0.00165158895657959,0.0014106772593027,0.00296622229352575,0.00189995693193175,0.0054120021789484,0.00127399510211695,0.00158720674296604,0.00143957729750074,0.00163470845191125,0.00142515437641477,0.00138757576215469,0.00157624827454812,0.00142484244873765,0.00180662125520547,0.0014183600237551,0.00170575606404321,0.00176994504192291,0.00176886203164769,0.00176743667028164,0.0132459660289798,0.00181288998376622,0.00177108336007852,0.00177873179598027,0.00168579439235791,0.00191370048230347,0.00183547071574684,0.00172793487834512,0.00177561310385849,0.00166927534585771,0.00172891132460178,0.00175971095334586,0.00166852434436423,0.00166208598280356,0.00167238784271934,0.00145193367358784,0.00130090345011475,0.00165051266921973,0.00142748781564449,0.00189347415350267,0.00128931242865611,0.00139297220702545,0.00145770974209925,0.00138058821659857,0.00194756559344916,0.00173503187826582,0.00185738191925107,0.00177217757027887,0.00184074831605159,0.00152216683327438,0.00172971902484036,0.00986874438859109,0.00172300994306989,0.00139451201411264,0.00173176334796518,0.00158612015236146,0.00142872289516078,0.0013875722157832,0.00158451394277608,0.0013931187881881,0.0014402137535731,0.00128614105359055,0.00136005317717064,0.00170669864330981,0.00167396264524118,0.00165478019066387,0.00170169706278677,0.00145226872860452,0.00139147440005213,0.00177720314972204,0.00170777500827464,0.00161949548633486,0.00169889368861127,0.00188980052689364,0.00172011165386596,0.00149576269341321,0.00179047860726565,0.00142315934984098,0.00176630854167822,0.00122841358319638,0.00183016241565092,0.00157665750211675,0.00186026569763578,0.00190266076391475,0.00148805631771211,0.00185447755214821,0.00169578230209736,0.00171576730327656,0.00151272105851006,0.00182816524088579,0.00170677537050624,0.00166648940671057,0.00139082013396791,0.00157845468582135,0.00140647821263427,0.00158031086806659,0.00143152614615574,0.00148719294225449,0.00142738664077974,0.00174992414357751,0.00160497477954513,0.0251070475436954,0.00179616424367198,0.00178220654708366,0.00137789495217256,0.00186225710365787,0.00178143569951133,0.00146192795171234,0.00151748917884874,0.00173991422325652,0.00132795564196313,0.00171036498444683,0.00177946825863005,0.00135795432379283,0.0016942693845827,0.00164001063896315,0.00167112954299108,0.00160254543824926,0.00170462086518945,0.00181305932451705,0.00168932111876796,0.0013410267223455,0.00141031923327383,0.00152230395841912,0.00130931986926964,0.00176674386709828,0.00177940767795013,0.5,0.00150179446874661,0.00171535558494639,0.00176461985783425,0.00134566590258747,0.0017483703173302,0.0123952095931918,0.00177078256388899,0.00141621210545085,0.00166478783201782,0.00138577743802933,0.00171192375070999,0.00190127060712575,0.00182561748384854,0.00141935576872245,0.0016916884456978,0.00139393489547118,0.00173584208003973,0.00178013957782063,0.00171958003731246,0.00171069939785562,0.00190870417620929,0.00157348049512695,0.00183439451602815,0.00123708819411736,0.00165895372640683,0.00169671009349965,0.00178800823928458,0.00168960019427491,0.00171417356960607,0.00169092940092176,0.00159530570886747,0.00146051078701951,0.00169059058664876,0.00197812232399834,0.00166537309999446,0.00183184386569502,0.00138996432975403,0.00150105888374823,0.00181796081844569,0.00172583129905194,0.00183327154963768,0.0193788473001778,0.00958727120071707,0.00171834203619109,0.0017178344190788,0.00145633353828301,0.00167176481321622,0.00175860302737666,0.00758573062246486,0.00191116906992344,0.00179495648176992,0.00169562688694737,0.00173853810605412,0.00176206861451016,0.00163567819219536,0.00130107114378971,0.00152814339738548,0.00162654594815639,0.00149320125999032,0.00949155033725506,0.0017840935948518,0.00150371199677783,0.00175086369981397,0.00248854143632377,0.00189807331643364,0.00166980691713417
"TT0014",0.00139013703582879,0.00184103586618017,0.00328749527831515,0.00180698983565928,0.00385813467674776,0.00192383665531256,0.00270228718769131,0.0020304444586952,0.00224296538266999,0.00165267955458231,0.0027737739414163,0.00170434010087823,0.00169517506504528,0.00159284185598946,0.00165920275717444,0.00183618669154521,0.00174595772228267,0.00164266602869541,0.00333236995686649,0.0017404819256491,0.00159740476412669,0.0018474262435635,0.00191230686961043,0.00301075623872737,0.00303018780614708,0.0028211155954341,0.00268142778728226,0.00288019797756518,0.00134070884097482,0.00186727260072333,0.00169385714446779,0.00258233488168477,0.00140003970562107,0.00166301927195424,0.00164748485270554,0.00170370983817204,0.0022266698556432,0.00280355028669603,0.00343770171014544,0.00227093575178579,0.00334758833783249,0.00166302583149326,0.00344751616782164,0.0016338865959555,0.00171716332975565,0.00166183625261446,0.00335665554898191,0.00333591472840154,0.00241344580761496,0.00182140939162478,0.00206363700768259,0.00168863851723531,0.00198296944943788,0.00240878283211337,0.00165437645923851,0.00299561755914285,0.00123435063784322,0.00247170791067112,0.00226921426877007,0.00190797808270485,0.00123786530189839,0.00295894822463171,0.00183398618766528,0.00300489954145569,0.00165068049071573,0.00359845141045902,0.00286969903385113,0.00188440542258764,0.0016671989720487,0.00243846081940881,0.00311540362595138,0.00340638859200226,0.00241036140658851,0.00173845450108075,0.00168521949546883,0.00325018815882869,0.00165280637800485,0.00230722526101854,0.00338151826522874,0.0026498765771893,0.00164743753963516,0.00171346604849786,0.00165137777367822,0.00171462562314071,0.00319678433278695,0.00199546850287711,0.00338426276308783,0.00250631774025047,0.00283928144826389,0.00234093234880086,0.00247790041003693,0.00297461775267904,0.00281692864364162,0.00179686005414498,0.00140471191226903,0.00196287587460729,0.00251910995349777,0.00164087789283888,0.00271619062914666,0.00289757301271768,0.0032233399180943,0.0016088680957817,0.00168735896394071,0.00252980031065251,0.00170425079545607,0.00241926218991391,0.0038507172480188,0.00309513090286087,0.00254152749898615,0.00278970614930046,0.00267013523706071,0.00234867253194421,0.00361600070172192,0.00162101399083449,0.00140729767025596,0.00164862951711667,0.00164954351771589,0.00169506389703201,0.00169801876271176,0.00183177644240971,0.00163926885592933,0.00276006904670679,0.00187172911228678,0.00140434518649655,0.00174147151332962,0.00325942314698656,0.00263520537221643,0.00256097405728708,0.00192861770807764,0.00240774932738377,0.00317690783661194,0.00383499539843586,0.00182463122247092,0.00276624067234277,0.00140076577420121,0.00188709946310386,0.00284320304912962,0.00353379510800443,0.00344779644932687,0.0030102766723558,0.00323022723698665,0.00148270065729852,0.00124323591769993,0.00194414631364139,0.00335871495188544,0.00167484642485152,0.00149220663758437,0.00217051068664996,0.00160771382684972,0.00184888134791013,0.00150179446874661,0.5,0.00124028387286288,0.00346092354414451,0.0029819244152758,0.00164514431092068,0.00123590647471585,0.00262411384768893,0.00238852025152673,0.00242450559282579,0.00289845807917547,0.0030762069516726,0.00331980348124898,0.00335247193230511,0.0031842739645415,0.00227366253416019,0.001652535258023,0.0016583093332545,0.00233159131207911,0.00123984073103653,0.00311000913168239,0.00228605506589607,0.00250514519710578,0.00207772758543813,0.00243946715252728,0.00123230237080602,0.00255922325202671,0.00282339119035308,0.00140595555533765,0.00302450964405255,0.00310802955361476,0.00269723443164786,0.00225936718051524,0.00164560847417884,0.00268402602674588,0.00304110202800457,0.0026036645323065,0.00244247726574669,0.00211552138176154,0.001802444888223,0.00367006096275678,0.00194669569250001,0.00186141971620828,0.00178820166887147,0.00228683981146523,0.00319589175866406,0.00301266612632417,0.00294787837350392,0.00353955480357988,0.0014420013674352,0.00168260700380489,0.00360827112115151,0.0034249754644193,0.00287558082642284,0.00175213004940128,0.00307341542290745,0.00267690208079308,0.00173951420669565,0.00335540497156401,0.00169040913693253,0.0018819605782516,0.00285729683218406,0.00257571409197738,0.00282516457449447,0.00250000341761031,0.00262433363450582,0.00124393053111933
"TT0017",0.0036081843218703,0.00313280822773555,0.0018579487629887,0.0033856806196742,0.00134360376786255,0.00341971266162631,0.00140226873501954,0.0013645652251027,0.00134558541625656,0.00347572495707056,0.00171486248217348,0.00356948022659771,0.00358167988510141,0.00356953421966628,0.00350560409777828,0.0019651302499226,0.0034680807682073,0.00215465898790862,0.0020325293747338,0.0019210830291902,0.00361276369605528,0.00187460044589086,0.00302939613669459,0.00164178842562357,0.00191341512502227,0.00141216974437681,0.00120599086782909,0.00178120321486552,0.00192463811203585,0.0034635509921395,0.00348994869280465,0.00128498518005121,0.00371303667597885,0.00353661327673296,0.00348158351467852,0.00351494497116924,0.00251187757671545,0.00161062728839817,0.00127114176301989,0.00204904661750052,0.00178733043786105,0.00353926558168129,0.00171232311203368,0.00214418846259684,0.00373064031643834,0.00377449887120574,0.00194287775957476,0.00124634204277173,0.00144574849902293,0.00329216794067962,0.00187944058144917,0.00363635795734066,0.0033869555068891,0.00202859977468406,0.0036220235129081,0.0019630383042367,0.00371624424375003,0.00191797257037934,0.00192841013041201,0.003027457219515,0.00378360621516747,0.00124521102784031,0.00163600110639193,0.00126523268297831,0.00347996784009512,0.00117578796940503,0.00122529030756503,0.00343611009880884,0.00361376071983179,0.00138900814084217,0.0015527912389913,0.0016770498989711,0.00202794522371345,0.00311248661030409,0.00180215861041453,0.00159517756744737,0.00347557499479724,0.00128103241224141,0.00174938244141951,0.00171451019217219,0.00348139326067576,0.00348414306410559,0.00347199441351095,0.00364028765436768,0.00111799338005566,0.0030683496905691,0.00180994141165429,0.00187447217572131,0.00182352076587149,0.00139621102229666,0.00174214292493766,0.00121644112775828,0.00175930359935272,0.00195104891881408,0.00357965420710372,0.00297521778599731,0.00177971565856358,0.00365340692357905,0.00210885891583452,0.00162522523193012,0.00128423264655042,0.00361825480693189,0.00347397155809997,0.00182887913964653,0.00351469409833914,0.00159976735818062,0.00161589667756129,0.00135046867591598,0.00173436015975978,0.00191159475060657,0.00180981971719591,0.00180895514809674,0.0016849307634682,0.00364018272410878,0.00346149717784815,0.0034785241606539,0.00350503484539512,0.00351626762471113,0.00349659006761216,0.0029433582736446,0.00348283048888185,0.00171207262234095,0.00335907224139745,0.00356043481888164,0.00174278781663115,0.00175738194505225,0.00192384998847827,0.00121895474165464,0.00340649805489603,0.00169521067489526,0.00179363977833638,0.00134768339403088,0.00316385100497768,0.00112445809734741,0.00378625986064598,0.00343421406227172,0.0012256971626937,0.00172342900860084,0.00126287636464686,0.0019416673278398,0.00144177778824582,0.00310436239112338,0.00355965501980536,0.00312892724638622,0.00123667670000627,0.00352946335554173,0.00187492229028073,0.00108675197244916,0.00379962016884895,0.00363935851399213,0.00171535558494639,0.00124028387286288,0.5,0.00142162855960547,0.00113982431021913,0.00355713267026834,0.00147257963141399,0.00191671351407576,0.00188012054404676,0.00188136921567917,0.00174907885508899,0.00184004005156957,0.00163524779281016,0.00171225419711241,0.00187671185581404,0.00204293283127362,0.00346921495817307,0.00359600759295998,0.0017510809476378,0.00363173314755658,0.0012307222201557,0.00169596688815934,0.00182054976790432,0.00317996636475301,0.00169501594963556,0.00366899382739705,0.0018864588385302,0.00190627962173296,0.00348331268981041,0.00132754711418857,0.0015979063466215,0.00180685132506919,0.00182457726984531,0.00362989033400611,0.00196549430636258,0.00123999107590906,0.00159427909593105,0.00121035139840261,0.00184816455180828,0.00328642018585902,0.00162219995864847,0.00336445622686016,0.00168528224498505,0.00190677574209832,0.00195350199103336,0.00155669865627554,0.00123624023631771,0.00208874200631093,0.00181186544162155,0.00145745878758097,0.00353451938582834,0.00180088320584389,0.00174123275802594,0.00167437678314654,0.00359866161235167,0.00180381904528594,0.00124783119649888,0.00383814883862514,0.00140590347147749,0.00390586869628197,0.00134611905354905,0.00211773267209055,0.00141402075515628,0.00183851722028512,0.00163482695531451,0.0016410737231709,0.00364478032277313
"TT0016",0.00141780030592273,0.00234648104940882,0.0026398886486334,0.00175670571981722,0.00343854026556621,0.00167364212605676,0.00232783586721497,0.00146267251581491,0.00187097815375029,0.00198695444524359,0.00231382297117178,0.00187351753355901,0.00182695462020628,0.00168312080430429,0.00179871756891553,0.00184336278168317,0.00195060721568214,0.00137232091462324,0.00327504040954662,0.0016425572763839,0.00159581749897687,0.00145597338431637,0.00250113012476095,0.00389984318134196,0.0033132765589017,0.00306458486984619,0.00207486872682523,0.00246085486551963,0.00133701588884989,0.00227697375008072,0.00197020113889907,0.00294296536040662,0.00158696877879559,0.00173584215543545,0.00189292320512472,0.00181407089206037,0.00188770585528904,0.00223802665376524,0.00273849021021744,0.00186252782118581,0.0037226103254493,0.00161789852243553,0.00313944879517385,0.00158947698337452,0.00163607184533162,0.00142068663319373,0.00277688504844181,0.00378902620510046,0.00299257829749564,0.00147702875716674,0.00262993206209954,0.00160382945256145,0.00193792680159232,0.00245810765785475,0.00163981256311509,0.00284292265822892,0.0014143143988193,0.00235543830861721,0.00217633435248767,0.00256565483751313,0.00158065066723625,0.00248055913366827,0.00248333397736683,0.00324236571974223,0.00194466538667003,0.0029253548094215,0.00369641563328243,0.00167916980751473,0.00158374770229462,0.00240294707337247,0.00327575604065849,0.00383025705489743,0.00230404608602177,0.00143978736995905,0.00193310718341379,0.00315139724847916,0.00198874303998324,0.00266995254456603,0.00313907379540296,0.00244983355120282,0.00189367214192764,0.00197461481683865,0.00199202211343521,0.00178811322208717,0.00210115724088604,0.00217083453935159,0.00313727012007118,0.0025345599152726,0.00368231089757321,0.00209992498629963,0.00226106298204201,0.00278989891505881,0.00239045661497377,0.00198954144357515,0.00166859249611633,0.00210256848978415,0.00248179682164965,0.00141647938674647,0.00315290462849891,0.00297720414154784,0.00340260488337945,0.00143236652724581,0.00197965902027006,0.00270038867393512,0.00190085540195846,0.00274923585398425,0.00326088536894072,0.00330537856951371,0.0026433744892253,0.00248522509770671,0.00206286983553993,0.00244172552069295,0.00301950415234466,0.00143093874143784,0.0014140016947473,0.00193064751506226,0.00178955521078913,0.00182169901324452,0.00191710810884656,0.00199695304065971,0.00140935224561471,0.0025027988588476,0.0017824109166183,0.00172128810085082,0.00202694610303947,0.00355539089809841,0.00202363567688952,0.00212999222575052,0.0016576145030648,0.00249719125104716,0.00370954745869558,0.00317409171338392,0.00177287452196034,0.00320152242840654,0.001412897588024,0.00168790780382296,0.00315014267998613,0.00289377521977697,0.00365507689427048,0.00287361529344166,0.00337588013368074,0.00144066303582017,0.0016325498521084,0.00232812644167789,0.00362035010778187,0.00176832414686514,0.0016222425543969,0.00236882047120877,0.00162524757872864,0.00163187916131335,0.00176461985783425,0.00346092354414451,0.00142162855960547,0.5,0.00344663468234335,0.00162637288584901,0.00165019599428986,0.00233613665834331,0.00232081355591229,0.00232028545628473,0.00284368780637979,0.00246034727116361,0.00358659085087802,0.00293472599346183,0.0029360409545037,0.00205673817389473,0.0020152192071078,0.00160281928758963,0.00257127618368711,0.00159425794037433,0.00396702725263236,0.00241862217459169,0.00237705128540093,0.00177924790167065,0.00233562633040525,0.00142590756711574,0.00261574949292462,0.00288546516147863,0.00157904967809069,0.00246992048061719,0.0031318142197412,0.00263045389156423,0.00216848275844998,0.00141139447246954,0.00271979870515033,0.00317075877987379,0.00255341371769048,0.00206467145800502,0.00201933237677427,0.00164147088164673,0.00314759220307878,0.00166797053305402,0.00158670229635746,0.00145444907005934,0.00279113252468072,0.00262976302463094,0.0030459561862211,0.0035984620035962,0.00338080736985982,0.00141099556794905,0.00163987428316664,0.00350374454705909,0.00285057002589651,0.00260609723515216,0.00143780666342568,0.00371953097913831,0.00312858947193231,0.00142322285379573,0.00351856919360094,0.00142911139913638,0.00231342244627588,0.00252407374469313,0.00221488923187989,0.00242572242365389,0.00275325454225887,0.00279018253648733,0.0014141856341516
"CH0014",0.00115370096776175,0.00116114476253889,0.00243103375922379,0.00122262488639252,0.00418392438517387,0.00124262681886085,0.00255507560356912,0.00312882509268986,0.00193395840022415,0.00106684094896998,0.00193198465861428,0.00106072166614247,0.00105794718792319,0.00106744124798375,0.00106317894570196,0.00121323025242083,0.00106176992901104,0.001267428784711,0.00290036677521877,0.00120812984020261,0.00115155700784499,0.0012790880544341,0.00114445899681748,0.00392491729313482,0.00317087308746641,0.00191600915033208,0.00310658406877162,0.00203284521656659,0.00122224289285164,0.00108534345607687,0.00106302776348386,0.00167158203583958,0.00107948122117652,0.00106651489022826,0.00106702632856063,0.00106343702740335,0.00175342548974552,0.0024318467262217,0.00662456391186157,0.00183522774715329,0.00342048295974641,0.00119405544512534,0.00259413894581746,0.00116376886562914,0.00122013049632834,0.00114530488182863,0.00259718428621853,0.00374834281222938,0.00235358605435881,0.0016598184662723,0.00301878369003028,0.00118429267776634,0.001130443510362,0.00209172623049226,0.00117777359234331,0.00256897221526859,0.00108580377972664,0.00211353333628056,0.00196355189913816,0.00112640797907524,0.00108875280219303,0.00454541120966866,0.00415100696275154,0.00307002939929232,0.00106720839469014,0.00495598611429196,0.0030690190421206,0.00120830750770759,0.00118355175145309,0.00285272361281012,0.00418259500448624,0.00372376141182302,0.00268562293633554,0.00416379636954988,0.0010711706959066,0.00221592522192374,0.00106684987233398,0.00185598177335595,0.00296546763818405,0.00239655934599271,0.00106699864232143,0.00106397293086969,0.00106594912307438,0.0010722837149399,0.00393028302121343,0.00119075782879765,0.00258472389129829,0.00215618826060259,0.003832889495018,0.00363546162952269,0.00233807692210471,0.00199329922010751,0.00196977278665911,0.00110600236552311,0.0010878947991695,0.00115250642462748,0.00261590043690046,0.00114092081662479,0.00380013302537805,0.00308152345285154,0.00768769040918374,0.00116987833074904,0.00106889987600514,0.00281010511776383,0.00106235016773508,0.0037704404212253,0.00293108916206194,0.00759739074310538,0.00283024569444482,0.00205519661091755,0.00204534911491531,0.0016885078796522,0.00263855827363506,0.00117439727048276,0.0029447418756718,0.00106651022003047,0.00106362474127531,0.00105771577942474,0.00106123261375605,0.00218431353360634,0.00236147183435549,0.00290306241892211,0.00121466474690109,0.00106990971980412,0.00117629386942336,0.00340263115422771,0.00180494743458669,0.00712655988964707,0.0012751928008904,0.00213684718791018,0.00376119547351298,0.00314484909991838,0.00176338070849511,0.0108046708837168,0.00115546752589626,0.00129469212994304,0.00190885569176072,0.00256448081532535,0.00243410331190482,0.00258739078889854,0.00229891765794884,0.00525935501148906,0.00116784453003515,0.00116112620090765,0.00227805426170174,0.00106171304523848,0.00327125094328536,0.0107110197634015,0.00118779237929913,0.00128740370939802,0.00134566590258747,0.0029819244152758,0.00113982431021913,0.00344663468234335,0.5,0.00117714377455131,0.0013178704921832,0.00197317126727035,0.00158561948280785,0.00201512281562876,0.00205922703074094,0.00210381592281304,0.00392331882626999,0.00251176410278626,0.00236229883360995,0.00172621526295407,0.00106557768413229,0.0011437353015315,0.00258135643683254,0.00115860434055523,0.00357174025809799,0.00241233598101077,0.00282529370048062,0.0012633361030363,0.00242582414865447,0.00114159660756438,0.00218318240066573,0.00315803461444395,0.00286648480946944,0.00569641171734558,0.00211363871218984,0.00215373616653478,0.0020300134675343,0.00120208405063278,0.00231049174421813,0.00217500266376162,0.00346456678393147,0.00736698860807496,0.00172254134239956,0.00323680208912465,0.00264322443146967,0.00122642272614637,0.00186691717145463,0.00116428149271814,0.00335772337244069,0.00382352539853877,0.00199728352646743,0.0031844647841705,0.00300084056258011,0.00136882930070274,0.00133325543873083,0.00311096381806232,0.00359942759214608,0.00198463677940452,0.00119419280067255,0.00373474595568046,0.00178665745633144,0.00120564935505011,0.0024054390662251,0.00120967244700154,0.00115547840115585,0.00228192492739309,0.00218661732714974,0.00203730413668627,0.00273088900731637,0.00294368965377136,0.00116238259373099
"CH0015",0.00351008133794179,0.00313610259261443,0.00183006214348926,0.00342130892327107,0.00169485582551684,0.0033948551060986,0.0017627523174668,0.00141586450954343,0.00219143178289521,0.00319661264941474,0.00197986018897702,0.00336244547377066,0.00337344112170537,0.00341930460967901,0.00342696767530752,0.00184047643343936,0.00340032804671578,0.00183071813217333,0.00183515104934215,0.00185194643703455,0.00379294749364672,0.00190991909862854,0.00307310264024263,0.00172326352390582,0.00179808739580975,0.00142922617383154,0.00124069771660383,0.00186609016107944,0.00187484672354656,0.00301366327760949,0.00337595479454936,0.0013838955110589,0.00348450013983735,0.00346369843718116,0.00336164567518992,0.00337423352691842,0.00145982482011123,0.00197729370563142,0.0013461985225581,0.00192352890029271,0.00197355182431013,0.00376063961465005,0.00190053264049846,0.00198899464646281,0.0037451189037284,0.003695590972003,0.00200038128982296,0.00124895444244241,0.00128278105276592,0.00333317391202786,0.00192981573078181,0.00372799004325568,0.00343092108853275,0.00184119165564458,0.00355016534153641,0.0017967622968296,0.00352510843411585,0.0018079210226123,0.00179899344424997,0.00303923807733643,0.00353519372502838,0.00125991833386343,0.0016752242473976,0.00146113475416386,0.00319990481884409,0.00131243028646761,0.00136335546586541,0.00345736377459169,0.0037341703964711,0.00142924208161364,0.00168724524916871,0.00203056995971832,0.00214069719747102,0.00338660084674414,0.00152182550700648,0.0016841596531412,0.0031964865526846,0.001278236752499,0.00165413241819055,0.00170799098913726,0.00336147841011957,0.00335720886406939,0.00319338144015973,0.0034006977252894,0.00119567285669777,0.00311206586580147,0.00178562731209581,0.00194847225958619,0.00175954442172329,0.00164968752866284,0.00181381788816625,0.00129342115107832,0.00196941063590646,0.00183566936267988,0.00348653526305699,0.00333126937415943,0.00187359549123858,0.00376274936227964,0.00171777856409401,0.00125440981845206,0.00159447611357494,0.00369968569053541,0.00345054873317127,0.00171485248112674,0.00336107871074329,0.00171469581209984,0.00183487348488255,0.0013722507534136,0.00173955533949558,0.00192753475962717,0.0017294428913187,0.00178402051165239,0.00185354848476029,0.00373519435926791,0.00338301295055184,0.00319843490457673,0.00342597008919152,0.0033947377147178,0.00336887493793797,0.00326853920734629,0.0034134914700131,0.00163267460952639,0.00342412074246702,0.00344447019048219,0.00167440083114165,0.00177297712585185,0.00190021149159947,0.0012680495649279,0.00346191990087993,0.00178943321583758,0.00179405338733168,0.00140628123533242,0.0034829344345888,0.00116211011900528,0.0035937090834165,0.00363600954605147,0.00129337090154386,0.00178310780238108,0.00138476530588904,0.00184595439803502,0.00160941990066956,0.00312359045221964,0.00356995815033409,0.00312783447072109,0.00128764375926012,0.00342612986541139,0.00177942605928766,0.00112029480225415,0.00353289391637821,0.0034188689954359,0.0017483703173302,0.00164514431092068,0.00355713267026834,0.00162637288584901,0.00117714377455131,0.5,0.00148766039238796,0.00199038359505749,0.00171066986226155,0.00176673290936129,0.00164505060507168,0.00169347225413146,0.00171696022959633,0.00206757920333583,0.0017265752725078,0.00192499526785054,0.00335160142681573,0.00380555424871824,0.00206674867220761,0.0038052520679833,0.00135873634533424,0.00190088337538702,0.00206085280120957,0.00341134607659055,0.0016585644186812,0.00355911220664806,0.00182287227836958,0.00142529651656857,0.00347868476566587,0.00137855232104102,0.00168476088622365,0.0017038979875106,0.00172764308705501,0.003646885526963,0.00175864265177421,0.00137601576449923,0.00165090537289433,0.00123916262222799,0.00173766692551312,0.00337196725481488,0.00169512445199018,0.00367809780909593,0.00202802609278548,0.0018050282495015,0.00183555767551276,0.00175972568251287,0.00140213495789444,0.00180301389343717,0.0021753207241526,0.0014688223090472,0.00365906734298138,0.0018322926605071,0.00164410585025996,0.00183723297288274,0.00353759314677979,0.00176511718023176,0.001273569287917,0.00357226071275133,0.00142694660241346,0.0035884973397101,0.001449608770208,0.00149136428319386,0.00146119893419368,0.00185256265225245,0.00167575702790732,0.0017350716253129,0.00378557244681253
"CH0016",0.00164813430481599,0.00154725617360123,0.00149354592631386,0.00270028887933523,0.00134181545150879,0.00172095322882906,0.00152233645893057,0.00917378959169505,0.00249271719498353,0.00133819958135303,0.00152839052163368,0.00114897751178621,0.00133152152585314,0.00137054157638508,0.00133955106677966,0.00231933118396395,0.00133211645434167,0.0268124124537418,0.00157311914275527,0.00320849040605866,0.00146347022592946,0.00330070884334643,0.00113970389994816,0.00172710788855129,0.00167299307336941,0.00153843358052354,0.00502039384540607,0.00182178278506094,0.030435883674545,0.00116093527381401,0.00132609505997865,0.00158372376883964,0.00141801525926079,0.00134639431995797,0.00134627485665892,0.00133559858911319,0.00141658095840203,0.00158888901980763,0.00129480786121436,0.00151989142118156,0.0015234930004542,0.00148800405539275,0.00143653550759238,0.00402807600397686,0.00182899639492629,0.00178887018289049,0.00181189090171121,0.00123542970325957,0.00191106359665477,0.00157841946113851,0.00217770215174073,0.00148917974644522,0.00137199165615169,0.00150525906448424,0.0014528969044637,0.00170424531312544,0.00166201816384341,0.00149268630194384,0.00173064344150285,0.00115598781675579,0.00145937499271275,0.0015870736977871,0.00192897836832297,0.00123082254721234,0.00134267091148715,0.00129400064979915,0.00121304900662746,0.00185215564407778,0.00149262096966298,0.00280406477988946,0.0017942269614003,0.00182093644065955,0.0014803311196878,0.00174636551943424,0.00311591496164339,0.00136433043701378,0.00133804604686741,0.00145693707920229,0.00140816391751833,0.00138470623238941,0.00134612284865539,0.00131649364530193,0.0013359989751864,0.00134098686274441,0.00137609041749106,0.00125082707624605,0.00140096144105946,0.00148863688267575,0.00162761396565799,0.00189337518910744,0.00157348719818253,0.00208933873156153,0.00150440441051694,0.00233434794829396,0.00135639854042524,0.00137132873407526,0.00218014451580718,0.00147348817711336,0.0013967903205112,0.00147939239364871,0.00131761114973159,0.00148519347247981,0.00114524741493125,0.00154252410113578,0.00116425449294148,0.00241075007962138,0.00187518746129524,0.00133404238811758,0.00155681740270706,0.00148754783442652,0.00145241940967241,0.00142548206695427,0.00151587633991751,0.00146807355112384,0.00138913067988309,0.00134260997620102,0.00134266393191505,0.00131304851207088,0.00132389862813866,0.00131472156396719,0.00140916481349621,0.00137050692718065,0.00139685734334315,0.0013777000536235,0.00805449844552692,0.00149634868544603,0.00150189771177704,0.00128100872758417,0.0017814182489903,0.00251260712942984,0.0013747688880537,0.00247049462918509,0.00142665571613496,0.00125707295255964,0.00146826257511085,0.00181384473080024,0.00119469688513498,0.00134781385261135,0.00156076827132935,0.00171087078876616,0.00155754774629111,0.00178973265734582,0.00226979231521176,0.00140639714170127,0.00125774656178791,0.00132093353894794,0.00171954872767028,0.0012812163519834,0.00154876457708978,0.00146857884579763,0.0123952095931918,0.00123590647471585,0.00147257963141399,0.00165019599428986,0.0013178704921832,0.00148766039238796,0.5,0.0015610966768774,0.00120691837141725,0.00144753174178567,0.00137309056349701,0.00133426426326997,0.00180124525661527,0.00154107364883818,0.00138503290050718,0.00152047116509213,0.00133353849650214,0.00146550996540237,0.00153606488820935,0.00183169365372485,0.00166072553292353,0.00231572200189459,0.00149509224861251,0.00149054567263837,0.00119252331279724,0.00171882154727441,0.00148773663840947,0.00178978075094285,0.00142878657988178,0.00184120907275619,0.00135595331421746,0.00141388681016971,0.00219815496508436,0.00146107816696848,0.00211263591184658,0.00161991033094461,0.00180164705074419,0.00139134728811541,0.00143780799872291,0.00171626198023453,0.00143519100594517,0.001482658018278,0.0237374052951342,0.00305350268200919,0.00150787305148623,0.00135890296205263,0.00125104766830084,0.00146727620830194,0.00150972083250872,0.0415977533450516,0.00197065047041978,0.00149279021328359,0.00150401993363898,0.00142850267430219,0.00145923163627438,0.00139335865380282,0.00115493470999709,0.00156953957327662,0.00156057211453697,0.00156221196494569,0.00314509778629336,0.00182171527011782,0.00153077792992188,0.00149522834546838,0.00290679583992869,0.00182621094249543,0.00167533083194075
"TT0012",0.00173315018143274,0.00139332920720827,0.00317861732075492,0.00182967585790716,0.00250625637983173,0.00176408911768961,0.00367032217384447,0.00147824785210354,0.00374379534273209,0.00142559524335913,0.00384612149669936,0.00170769199377543,0.00171439867534587,0.00168817903966641,0.00162599124325297,0.00171857227006573,0.00168006600466078,0.00206859689487817,0.00283949134971266,0.00192477370828896,0.00189697441324247,0.00195920935907052,0.00129720381131888,0.00245689063951175,0.00259040663944653,0.00338820338957967,0.00357547250079965,0.00376016109651131,0.0018451789403693,0.00139800090429247,0.00162111373932774,0.00317982454684352,0.00182157273235064,0.00170037807807201,0.00142965555478902,0.00164867149662754,0.00386015026714746,0.00382711484241732,0.00265494506515945,0.00393121468799873,0.00269632335699921,0.00194617991750484,0.00290051207466273,0.00198001694164157,0.002023602355913,0.00190288714155844,0.00308734671691525,0.0020978166681985,0.00179740240331681,0.00178833999160889,0.00213646552238628,0.00200140815198012,0.00168158544322729,0.00364406927212413,0.00191821312175206,0.00286668241998391,0.00180915879850509,0.00335263479278958,0.00378265560307154,0.00126200721127713,0.00187755325215376,0.00178969313200092,0.00192542007036557,0.00180781059909329,0.00142778255039684,0.00251638272474485,0.00158752354861426,0.00185865151390453,0.00204778308081335,0.00172391093455798,0.00232430577084888,0.00263065175810575,0.00226335092594248,0.00171211304120752,0.00144559320105163,0.00302163942827684,0.00142553358164521,0.00161534934817626,0.00270822215922991,0.00362763141184294,0.00142955511492073,0.00165587568086389,0.00142430288334154,0.0017428544823515,0.00353377278624546,0.00130630495863216,0.00281838287193597,0.00335357960783879,0.00228765261602464,0.0038434004365976,0.00435064091296879,0.00343989990426452,0.00394785089094532,0.00169240018441065,0.00172317028982526,0.00159054215173661,0.00212079643163556,0.00193841059612266,0.00245935161232293,0.00199890492190156,0.00205351154629413,0.00189893200862341,0.00165568822794754,0.00214003724535402,0.00165440241589995,0.00214187994992276,0.00280332161283855,0.00200536046307932,0.00205646346959218,0.00340276574463483,0.00369110519760747,0.00201570705346118,0.0029497731603892,0.00204544208364212,0.00171649729605348,0.00142758922306827,0.00162532971536874,0.00165255533924776,0.00162954261149175,0.00140789925551899,0.0018160434483043,0.00352275346649591,0.00166637002012403,0.00167308090478394,0.00163144160242383,0.00248659454496678,0.00368249451695271,0.00347427183204533,0.00182795037131194,0.00356458465630035,0.00229001473161779,0.00250494990028853,0.00176660377645544,0.00184554819882113,0.00195876648715063,0.00182869432232,0.00330982351183649,0.00314381487695062,0.0025899707776536,0.00294227244924188,0.0025622194107577,0.00144645119912278,0.00184040442363488,0.00139715955613439,0.00269124492684267,0.00165720984342291,0.00183549263524121,0.00155026602311456,0.00191214901119822,0.00183593221146983,0.00177078256388899,0.00262411384768893,0.00191671351407576,0.00233613665834331,0.00197317126727035,0.00199038359505749,0.0015610966768774,0.5,0.00341349741646826,0.00318380017012703,0.00295245100738924,0.00364113086671419,0.00231444233645441,0.00313407474017837,0.00288009898707938,0.00368069646435737,0.00142305197999905,0.00191740925558501,0.00212797222196468,0.00192904170223334,0.0017944561967376,0.00203480525627305,0.00226671725899866,0.0017146425064521,0.00337390561866111,0.00172350129526497,0.00318851910152715,0.00206901805073913,0.00176543733596282,0.00297980399151182,0.0030888220000145,0.00315233732784915,0.00321616009764871,0.0018934746633823,0.00315540983345223,0.00305542103947516,0.00193568291105967,0.00341057039420715,0.00187419412190945,0.00169918215825495,0.00285357142358954,0.00183340681970486,0.00191891253697303,0.00181846667342475,0.00221763180375344,0.00321503425192449,0.00344031620696174,0.00259986007902678,0.00284074874513029,0.00154363125692231,0.00203185944356965,0.00269202063287464,0.00298402293519151,0.00358292394666769,0.00183788354336736,0.00228763855294704,0.00310670587755099,0.00188945819547467,0.00264042503211458,0.00199525492255132,0.00129444379927114,0.00330569147377659,0.00377129722868029,0.00372664872378308,0.00204725878531108,0.00198021840671704,0.00188364569828971
"DU0061",0.0019448906325483,0.00196981248010251,0.00254928320096832,0.00165754535152885,0.0017700764936387,0.00166278768671225,0.00393721255677034,0.00123454879538765,0.00519632916363647,0.00224094527949394,0.00352988962412995,0.00220099656524305,0.00218496657976805,0.00213076427850871,0.00217773665326552,0.00224513836853812,0.00208790949025121,0.00139772887531062,0.00227736216820149,0.00163531779621155,0.00181196197093832,0.00146140940487308,0.00205754801475082,0.00202472077203927,0.00248273952100638,0.00358561671440557,0.0038089028629047,0.00311787564435074,0.00175703989460016,0.00207540322853391,0.00219669123627942,0.00640312224048163,0.00200312255925967,0.00207495446463722,0.00224142076089537,0.00221935109702896,0.00554341692653005,0.00353524211332649,0.00207173470951882,0.00406812060098432,0.00208523514575384,0.00169782717996698,0.00247528864828492,0.00177520610980931,0.0014768721907032,0.00148791763546335,0.00237976286732293,0.00214292985225404,0.00199345358037664,0.00133187611927499,0.00196620934334306,0.00169943362282795,0.0019429947429008,0.00315597024746392,0.00173360064049303,0.00271887808814157,0.00203973649148288,0.00314058582056212,0.00369148252430797,0.00210552330668082,0.00197531519733526,0.00136252767216859,0.00167758352712917,0.0020134538982054,0.00224110941279623,0.00204105238989861,0.00203451522092441,0.00169785629513874,0.00173952420031856,0.00133387690347432,0.00163048119948557,0.00168576699691364,0.00144734587037289,0.00129096888633264,0.00217658992274458,0.00285072286380756,0.00224100349506214,0.00230452012694047,0.00281885645921015,0.0039957884210559,0.00224125518119013,0.00216571124198774,0.00223916491139626,0.00195113913416887,0.00302704703003952,0.00213317829654361,0.00261522851196001,0.00295956313076731,0.00231594380203471,0.00362726758102076,0.00357647404140281,0.0038766839460232,0.00328848412363665,0.00232113756511522,0.00203307160416982,0.00188409620703209,0.00145654848743615,0.00183587346250583,0.00167492537907495,0.00183848330919649,0.00156149156897926,0.00179461155035355,0.00208390836564135,0.00172580086881038,0.00221449215256202,0.00134776507436623,0.00191947630377097,0.00166466756567564,0.00170908099235878,0.0030409026088464,0.00395253992594639,0.00213414618246353,0.00234835293730902,0.00179397789362213,0.00185985247722164,0.00223976978481189,0.0021697761347455,0.00221246719163132,0.00221510539286631,0.00193149161842669,0.00176237381633499,0.00350086674638376,0.00171221639342129,0.00212040661035803,0.00201879967103173,0.00209866664014519,0.0035152310114109,0.00298178767795115,0.001309709130363,0.00306130600499347,0.00222069943497955,0.0019397419255428,0.00173463909942037,0.00149624780924214,0.00186476309139845,0.00131603028049802,0.00372259169426421,0.00228000478660354,0.00283497916196589,0.00270403993539731,0.00281323206227705,0.00130892668385991,0.00177047636127775,0.00192108541926241,0.00303158494272628,0.00215857730395933,0.0019293316619068,0.00128554587371897,0.00171404270498085,0.00167409860218453,0.00141621210545085,0.00238852025152673,0.00188012054404676,0.00232081355591229,0.00158561948280785,0.00171066986226155,0.00120691837141725,0.00341349741646826,0.5,0.00308575491011528,0.00333478120493196,0.00303871591799121,0.0015538612722082,0.00223426278920589,0.00289370915957769,0.00644041067300705,0.00223738710140188,0.00181264922669904,0.00172036174765588,0.00180949558852116,0.00208812411159946,0.00130663584103405,0.00145757560363035,0.00131265986303291,0.0055883297814074,0.00201317924996237,0.00298015852729295,0.00176621802601591,0.00176793471286004,0.00237804788253425,0.0029800123525666,0.0031270800705309,0.00309281810938045,0.0018901444265134,0.00282440389852014,0.0032115861442807,0.00130661226229723,0.00308982713012516,0.00198755049203785,0.00128487608453616,0.00240178619550428,0.00146027667063793,0.00118491794718405,0.00179297491305882,0.00210090072695414,0.00231358152118817,0.00353786313912202,0.00231851678175795,0.0022163513979919,0.00119800238651059,0.00172289885205193,0.00220675343058744,0.00239160524685649,0.00323954926297753,0.00179835488332461,0.00237283603211088,0.00590732893189143,0.0014918799436044,0.0028216463495893,0.00149386609514746,0.00196462747121115,0.0028151817555681,0.0033746785793406,0.00318221322508688,0.00174518852540725,0.00134902331065204,0.00182234020880031
"DU0060",0.00229837341542362,0.00160566950143682,0.00315824013547972,0.00165663767888417,0.0022716686320265,0.00166745808858878,0.00275080578063209,0.0013850198599624,0.00259149385474776,0.00195865783020316,0.00309257360939151,0.00188305218883735,0.00188879666350167,0.00223234061857836,0.00201527202097852,0.00205728202572997,0.00183557980473218,0.00146581362779728,0.00282458304936878,0.00165628679588565,0.00186528346999982,0.00160138834304639,0.00140499413089873,0.00249085226457515,0.00315330113002273,0.00315846169301587,0.00268276592032905,0.00324135173012687,0.00208784706916875,0.00142021438645996,0.00191189862325308,0.00265394749202423,0.00197188878069873,0.0020073394773231,0.00205386897251972,0.0020382184803683,0.00273431133379632,0.00293077451631643,0.00266787901537591,0.00313192475795065,0.00260280256630869,0.00171197332374615,0.0029847322057912,0.00177737915486528,0.0016297105931277,0.00165364178499439,0.00298395657686432,0.00204350213198469,0.00182738568064225,0.00131235885681612,0.00226166958456871,0.00169344247693889,0.00144806443094607,0.00347290603601452,0.00174525841280961,0.00358367358459842,0.00231646307524309,0.00398670639120591,0.00392146424082893,0.00138678468389388,0.00207786391695638,0.00156491896169975,0.00190225922768628,0.00172502721386072,0.0020017988152884,0.00273945404299111,0.00204759828038527,0.00169733679521509,0.00172936300428936,0.00167175266696173,0.00247962290811084,0.00246788930243903,0.00161222017656868,0.00141428460101158,0.00197491977013546,0.0030287563344525,0.00195695554727415,0.00604701726458261,0.00331176751184378,0.00318527832571536,0.00205285555286423,0.00185663350948358,0.00194948471444889,0.00173036465703809,0.00293761467132794,0.00141808282335974,0.00311033094333892,0.00372866102657331,0.00295670280448676,0.00284786203379019,0.00297216869451389,0.00286924743378843,0.00315832930422842,0.00203631128601146,0.00199564310899444,0.00145335118447002,0.00178285276074014,0.00186500743507737,0.00197042018857015,0.00175251960464289,0.00196754046440428,0.00185190061436302,0.0017993511795621,0.00190718922864959,0.00192001653137614,0.00186968882076657,0.00278383999804247,0.00205449171511325,0.00194145688041876,0.00374014456060125,0.00320759842472898,0.00500176150398714,0.00297053874263759,0.00179947004536713,0.00186603888540517,0.0020127277479361,0.00206342693651047,0.00194898979516598,0.00194071317845014,0.00164145854506519,0.00176813715219906,0.00333961654249501,0.00167768573723633,0.00224748338314097,0.00178691899660977,0.00252500597992985,0.00322767220436137,0.00287997683920303,0.00166402400169556,0.00333657714105518,0.00251141177204942,0.00259721812314662,0.00146453153741911,0.00186680418375651,0.00185155738273316,0.00144322605934572,0.00298081312450694,0.00307453175848484,0.00288200296280736,0.00341830818531191,0.00317167690359144,0.00143787495466092,0.00178968128058722,0.00131197261316392,0.00299019594560241,0.00198647542159628,0.00191208844120114,0.00150531844702574,0.00170818762072691,0.00168705003742783,0.00166478783201782,0.00242450559282579,0.00188136921567917,0.00232028545628473,0.00201512281562876,0.00176673290936129,0.00144753174178567,0.00318380017012703,0.00308575491011528,0.5,0.00374249229108985,0.00315123492659432,0.00226736064843236,0.00303316425715672,0.00339229003600243,0.00309992372656739,0.00192639364306462,0.00184287823627813,0.00188849904034543,0.00183787830780703,0.00181566538245657,0.00182338665042361,0.00164857099157439,0.00129969376503557,0.00304818173695716,0.00237997455209648,0.00390814259713625,0.00195593048991629,0.00179764711378807,0.00311259172190754,0.00326727678493633,0.00374655949530754,0.00368163775447072,0.00197152480546834,0.00342582934508206,0.00293296293599209,0.00185171064706613,0.00290944102057936,0.00158260969373,0.00157505334213994,0.00273151041699987,0.00164652142271974,0.00156257812196949,0.00183095177730846,0.00257175597916425,0.00303958594100539,0.00280203166009532,0.00280647306022704,0.00281544695540543,0.00140229060183859,0.00178566163609799,0.00274573346821112,0.00298475612814782,0.00326813853436451,0.00185056472646995,0.00272202411904734,0.00260496719702902,0.00160949541890941,0.00306897167146557,0.00144284453158257,0.00162807316965897,0.00334924918577412,0.00298294888586731,0.00332551246157893,0.00184444813642709,0.00193253346140136,0.00186240420844231
"DU0063",0.00208160125659639,0.00200217103680049,0.00291758669135482,0.00144113363620251,0.00231155076919829,0.00140340876362004,0.00278213595107105,0.00123547015438045,0.00260760946986126,0.00233741282477603,0.00287985572739697,0.00213049527832274,0.00208392971645978,0.00216043311193769,0.00219157030466466,0.00218195424381852,0.0020584107901944,0.00125280221355017,0.00258616247202509,0.00126519615247455,0.00179330942538483,0.00126571854048918,0.00207616259852649,0.00231285527237184,0.00306670984990327,0.00362968585248465,0.00273930171377224,0.00301106443729408,0.00187594849649678,0.00192235759405482,0.00219534827485637,0.0033668355732913,0.00188628287574383,0.0020573519884933,0.00240833113537345,0.00222118998430122,0.00260243963731721,0.00266079159298708,0.00273537169895151,0.00299890426848656,0.00236705151365451,0.0014306282240977,0.00306533023303255,0.00162655418913275,0.00128882907795346,0.00129146490206684,0.0026794658470392,0.00243879025298497,0.00209235938372313,0.00131182248486564,0.00223696410067245,0.00142522947300076,0.00180114858918742,0.00340248279861647,0.00145285568679473,0.00335480549856195,0.00202916813683294,0.00377740495889842,0.00375965371833456,0.00216526716638298,0.00195233805001113,0.00155654800585742,0.00182478869115392,0.00230127256989976,0.00237656897381614,0.00269731219967859,0.00240998616003819,0.00142840179806204,0.00145237587537252,0.00150972908917596,0.00206954711791323,0.00217124161582985,0.00147224788002138,0.00128619885124284,0.00229861545191731,0.00351844654142327,0.00233589633157561,0.00268132300757968,0.00353583961716153,0.00341916314412172,0.00240888661541177,0.00211746047676251,0.00232853140968136,0.00180519753940548,0.00300352669017227,0.00214406671622557,0.0032160070547529,0.00372142856714553,0.00286576830214471,0.00302646688947083,0.00290142854212581,0.00354472314569733,0.00294967820314589,0.00229987465702591,0.00197075230438512,0.00192574993855922,0.00144897625776332,0.00174757673671306,0.00184939008214801,0.00176749639462304,0.00199781640948672,0.00174387136977755,0.00214452492557097,0.00164944157696369,0.00217241809321215,0.00166511006602322,0.00252746558060167,0.00193757867182662,0.0016522672608298,0.00366620277305244,0.0031586587094711,0.00266944998585578,0.00276400640047608,0.00166523855818374,0.00177524173226244,0.00238609537629483,0.00223064602684036,0.00213561927867889,0.00220156587933924,0.00196260921878446,0.00146696541575213,0.00351982523784546,0.00171227518847108,0.00219664869367021,0.00201205360016228,0.0022897850911957,0.00311362032175929,0.0028577225483868,0.00129819575086088,0.00338967553368711,0.00260007684789884,0.0025598481505161,0.00172304255432048,0.00190244840920054,0.00173258793732051,0.00130254077361052,0.00353798113383367,0.0027770344457397,0.00355234006136851,0.00340032312825842,0.00349970439591141,0.00130800912601441,0.00166434803666405,0.00192417490126633,0.00377871030375741,0.00209113450338646,0.0019514124621917,0.00150897779295275,0.00142424212029981,0.00140941452589802,0.00138577743802933,0.00289845807917547,0.00174907885508899,0.00284368780637979,0.00205922703074094,0.00164505060507168,0.00137309056349701,0.00295245100738924,0.00333478120493196,0.00374249229108985,0.5,0.00290589536970268,0.00195295443535986,0.00284099248561171,0.00348753944819903,0.00301627185570013,0.00230786002881073,0.00171327008370787,0.0018725251203306,0.0018015377192348,0.00247121867629697,0.00155904144970617,0.00148752058396226,0.00142335099442405,0.00332392665307646,0.00214208781407763,0.00371507317151642,0.00162262685271345,0.00173725404432737,0.0030590877774291,0.00360629218836589,0.00388488988747536,0.0034719889110124,0.00183602410231207,0.00336037432754365,0.00367110204157608,0.00148308113974319,0.00276233179035968,0.00190522892292169,0.00128195613674424,0.00279917851595722,0.00140970021829881,0.00119936839405841,0.00167074457479074,0.00241715999722177,0.00296799679978276,0.00344517772973429,0.00272133287970684,0.00255670883842636,0.00123518691888104,0.00147903136676515,0.00249525807566821,0.00271701049989256,0.00338378498343661,0.00170862730011579,0.00282811038606739,0.00343198789938673,0.00129016391197322,0.00352981400472869,0.00129103915048748,0.00197242309001399,0.00302138636707038,0.00293106177948344,0.00308292423626807,0.00165002494964099,0.00169914362800265,0.0018274196528767
"KL0010",0.00154763900288841,0.00159012183470555,0.00334815062959522,0.00194215219028163,0.00308985758887155,0.00214519190356459,0.00352583185214183,0.00211671927792949,0.00316551410467183,0.00122617708446018,0.00370408404542739,0.00157670490723925,0.00160726301197724,0.00152206731023411,0.00122849399224461,0.00143971626636282,0.00138776093352356,0.00214600673224873,0.00300842613706856,0.00199068542077149,0.00141770167401538,0.00196392251765861,0.00137715119483084,0.00252187525249458,0.0022246014693531,0.00346834780122771,0.00321605963633447,0.00393983390465869,0.00130596978190825,0.00182673798003131,0.00122941602847336,0.00296239531441511,0.00176136481157205,0.00157008030683911,0.00122440730213931,0.00149688012084973,0.00399861022795506,0.00360834609441916,0.0030028361716501,0.00360259756515686,0.00266724602062548,0.0017700189248897,0.00293005472943192,0.00186464128024931,0.00202320512686264,0.00199396553515372,0.00330417451236065,0.00248121850583427,0.00191697351253989,0.00176439574749432,0.00178712225512872,0.00188338602078154,0.00177273711145772,0.00361362038180206,0.00191862277187436,0.00262563342772404,0.00155721799661104,0.00326330676622397,0.00318336904176105,0.00134007310228896,0.00171323064994555,0.0017640822419818,0.0015416459407266,0.00212843103162728,0.00122589836273761,0.00299774116094825,0.0020787407132048,0.00204054166982856,0.00177839538194819,0.00220608920604949,0.00249661503436117,0.00264820784079294,0.00239877499644288,0.00166161757204878,0.00129225825294857,0.00328715816816384,0.00122620959076347,0.0019893205504123,0.00246203640179082,0.00313359933542802,0.00122438589360965,0.00151772149049408,0.00122540310827528,0.00183652317624696,0.00342301733214791,0.00138576097999266,0.00282367192084763,0.00324679100175593,0.00225665019186302,0.0032750121575134,0.00385858931763451,0.0033171746386112,0.00373618972977376,0.00140907780557808,0.00160452237967909,0.00173662685305209,0.00244233266289438,0.00164922102599673,0.00273239297755387,0.00248735100433262,0.00217903073592794,0.00170800019950196,0.00152055453780833,0.00239975943732786,0.00151257912244429,0.00200536836571616,0.00327466872040158,0.00234613650544497,0.00240483257398725,0.00331108289267882,0.00357041264726096,0.00217483651642322,0.0032319424853153,0.0017722091663776,0.0012454347782318,0.00122499416134696,0.00122847099001838,0.00153735323053075,0.00122685360058698,0.00140011151219578,0.00173670144514211,0.00327221125321294,0.00201367980995725,0.00123172857684915,0.001287889638931,0.00273099848352712,0.00364838332484529,0.0035910122863744,0.00216670800294355,0.00320028910617023,0.00239272939153464,0.00316243665803832,0.00144624465579822,0.00196546793065929,0.00176909851504996,0.00198114777390653,0.00320206996811453,0.00355689440752653,0.00276223741832389,0.002495999608028,0.00253699406060891,0.00143720520902744,0.00161231664725399,0.00167743785672847,0.00293585392780313,0.00138165090825644,0.00143818099717032,0.00164376036493409,0.00194594594784769,0.00211207486415854,0.00171192375070999,0.0030762069516726,0.00184004005156957,0.00246034727116361,0.00210381592281304,0.00169347225413146,0.00133426426326997,0.00364113086671419,0.00303871591799121,0.00315123492659432,0.00290589536970268,0.5,0.00287531465204261,0.00317485211532731,0.00292219627598004,0.00320166975777337,0.0012253597434059,0.00167105224397712,0.00199204834965175,0.00157438857065383,0.00222463311920112,0.00208746439536265,0.00228743693600555,0.00222159408900661,0.00278173066869683,0.00124136624671553,0.0031477044786902,0.00269660750358006,0.00125011110929335,0.00329632753751521,0.00324494402594539,0.00322467963963264,0.0028654878379413,0.00162227707623664,0.00315825557361413,0.00337306994116172,0.00239106092936921,0.00325465429894639,0.00199370163049865,0.0017956630198077,0.00325427057867285,0.00197456454472794,0.0018343424113608,0.00195830667076252,0.00213706505013017,0.00349279833150821,0.00360370313245494,0.00275366809667259,0.00277218488935329,0.00176226796888464,0.00171922694190806,0.00305533115875337,0.00342013985875746,0.00365175045728909,0.00192798860510644,0.00210209318088168,0.00298345894270064,0.00209280457306703,0.00293372309590795,0.00209871881829998,0.00164354103216754,0.00360950516234486,0.00388435589291828,0.00386109361582993,0.00223713846320199,0.00241984361040732,0.00125846572264233
"CH0002",0.00160334942990772,0.00159921871247119,0.00299564050067419,0.00208069508494992,0.00389468452325817,0.0022869887464897,0.0023137234312978,0.00235516222151725,0.00192948923305416,0.00118761404749627,0.00251462490820971,0.00119108707098051,0.0011902278129802,0.00134556481508683,0.00119341542833886,0.00140424295085211,0.00134841523275176,0.00189235656875644,0.00304315298265995,0.00180924968479831,0.00139838586765623,0.00178989826057957,0.00131093210315544,0.00420133682988947,0.00303296881762669,0.00197546214167873,0.0019437784357437,0.00296421191864148,0.00130901722044223,0.00131774703735382,0.00132658999941477,0.00173850479542503,0.00138564430290267,0.00135587542274656,0.00118738231027595,0.00132745898697185,0.00186027009663708,0.00242437294460045,0.00265166257685141,0.00191877024465174,0.00359260238518079,0.00174013268777786,0.0026285234884211,0.00149560025315584,0.00180966191774297,0.00168932323004586,0.00281154105268994,0.00464518571978341,0.00304355356494295,0.0018310540803205,0.00349220484713333,0.00169120833419216,0.00164524223833097,0.00211642342123867,0.00176978452725564,0.00242486512024899,0.00136966990137418,0.0023163925799369,0.00192251728413299,0.00126176444378471,0.00155596914066848,0.00346175973505394,0.00301201130613653,0.00337843766932215,0.00118803884716963,0.00299632759737953,0.00348466458016571,0.00208831426970561,0.00162493114093999,0.00372603092225288,0.00359140382432575,0.0041886213217295,0.0031946382483295,0.00173201061898861,0.00127134032916526,0.00256943936452771,0.00118761767443395,0.00196416172138306,0.00235511644142052,0.00170887528501352,0.00118734626356675,0.00132567901039698,0.00118649428632321,0.00138330565395482,0.00260605808730737,0.00135352711995547,0.00300029824201616,0.0023403667531647,0.0037384817327528,0.00233296490173144,0.00393108569089805,0.00193403874482754,0.0024937566729728,0.00136566263853695,0.0015793552358002,0.00175521527948766,0.00356648503127575,0.0016116836279954,0.00429675700043152,0.00418255150475512,0.0041831015114718,0.00178360313343482,0.00133904371034909,0.00384365672279832,0.00119140945146625,0.00373487190547244,0.00377526063636306,0.00463425903017923,0.00398546868344329,0.00233584741096131,0.00238523619592255,0.00193602905118261,0.00315991816720364,0.00168800952552669,0.0014042480332989,0.00118711899130125,0.00119432832932698,0.00132372773161153,0.00132434782484841,0.00140486850455141,0.0014592579497053,0.00195447427859331,0.00233061789485347,0.0013509103926172,0.00143006778160631,0.00391514847318197,0.00237525317554045,0.00233038286432161,0.00259805520487632,0.00193508278762023,0.00416215844733689,0.00355809004646444,0.00143535358655852,0.00433625687919793,0.00140322324596185,0.0019557110595032,0.00187333447027207,0.00321478920641314,0.00242579791639186,0.00281026502703977,0.00217339933607514,0.00172011898597381,0.00162537988952116,0.00169442964507593,0.0022224529934581,0.00133581970235546,0.00152111738471793,0.00334917545909847,0.00169319349378798,0.00196501545807494,0.00190127060712575,0.00331980348124898,0.00163524779281016,0.00358659085087802,0.00392331882626999,0.00171696022959633,0.00180124525661527,0.00231444233645441,0.0015538612722082,0.00226736064843236,0.00195295443535986,0.00287531465204261,0.5,0.00297469083741939,0.00238145594781223,0.0017856788513331,0.00118597847940319,0.00163328864100736,0.00328866280471935,0.0014051383299411,0.0043590926906927,0.00325387448262636,0.00351232289361879,0.00252976070516636,0.00159285771953031,0.00121212177347252,0.00238769231381482,0.00425935825022636,0.0012566097676071,0.00257286301964463,0.00216880218853192,0.00233777526615518,0.00180580721994807,0.00141386793499742,0.00257119098053451,0.00221966502211056,0.00410938118002447,0.0020675601506518,0.00196466889228973,0.00191880518003501,0.00312996699449925,0.00199257839312526,0.00188834634843014,0.00221765122505568,0.0041586254845937,0.00277622539795033,0.00224190150661175,0.00319436388187744,0.00326917828416369,0.00183533848527325,0.0017697116437583,0.00376888687830055,0.00301121984285339,0.00209413592765644,0.00199460860601065,0.00374046346085015,0.00170172017926102,0.00167435725482018,0.00237289861927979,0.00168535151765837,0.00162624206542666,0.00256290399071937,0.002398564103863,0.00257755542454758,0.00366790624961929,0.00412954367467548,0.00123354772364342
"TT0059",0.0016761044730214,0.00157613906231555,0.00361054310684227,0.00193429381159855,0.00337076882777133,0.00185762846170877,0.00295047955527859,0.00179098675334567,0.00315575606002293,0.00135634457604069,0.00317878765249248,0.00123220376338078,0.0013825998765973,0.0015602714923511,0.00155264929982034,0.0016612514965848,0.00157782680871644,0.00188067900176911,0.00337118067796002,0.00189509153172317,0.00188455963329417,0.00188968888349376,0.00130644648971918,0.00305039676602383,0.0030592286780473,0.0028522850347018,0.00254348457043971,0.00320118628756449,0.00171192770981954,0.0013105092404114,0.00137997745661333,0.00226924633078841,0.00164810461523009,0.00161984123160235,0.00135858969402388,0.00138231732088263,0.00240838551951058,0.0031925107584777,0.00332423609435232,0.0028424240020931,0.00332994310450351,0.00203656512062562,0.00360278009275865,0.00184927106750112,0.00202020823607899,0.00189253859026031,0.00371044227676342,0.00264177217063047,0.00200693928532489,0.00177002649175688,0.00240050589355058,0.00200051631382045,0.0016859894115566,0.0030729073576902,0.0018533727784028,0.00331164116428694,0.00161826819911628,0.00311158030240844,0.00268530968448961,0.00126506778337709,0.00166143392666091,0.00194301579497322,0.00211902513119175,0.00246392658887822,0.00135783048323297,0.00326577829502407,0.00209690690688927,0.00189406257972751,0.00197047359797896,0.00229152216732467,0.00291856265167808,0.00337206383398284,0.00253692363464149,0.001720964652759,0.00138627707225401,0.00332548879039524,0.00135631387121811,0.00195496002373029,0.00294033623237519,0.0025064362907365,0.00135851017268209,0.00137705407513692,0.00135490016770324,0.00163295277984311,0.00271044566955356,0.00132165764354431,0.00336964484571961,0.00329742309580688,0.0027348943240253,0.0029068278734465,0.00330262799444134,0.00255423796552832,0.00327069033071345,0.00161062766546295,0.00163868238238958,0.00169801823861662,0.00243396579708608,0.00192283467604415,0.00268197813212015,0.00232239488517812,0.00283483364770204,0.00194660707913712,0.00158788190773153,0.00238115404629801,0.00137675010338788,0.00238979894866865,0.00368428191730732,0.00248092892615642,0.00236525026763941,0.00323535345755422,0.00276949209689315,0.00204351582534954,0.00371327937129724,0.00193914552478989,0.00158762676487071,0.00135713684470889,0.00155226006906553,0.00153970104278324,0.00137642437157581,0.00160616783394021,0.00170297418808928,0.00263842246197874,0.00182309613775019,0.00157403459176272,0.00156130080342094,0.00296884552393897,0.00285828381058265,0.00272670552941134,0.00191167161018199,0.00313318787980424,0.00279304633776633,0.00354383129732405,0.00178561819687411,0.00232128370616328,0.00175097180946385,0.00202345543408085,0.00246728799484493,0.00377795534453275,0.00321514650083321,0.00340811459147309,0.00309117867322011,0.00145506543917305,0.0017471022398692,0.00160637494629482,0.00299082535163319,0.00155841403200144,0.0015751206983777,0.00182923618577027,0.00178952465788861,0.00182271733828089,0.00182561748384854,0.00335247193230511,0.00171225419711241,0.00293472599346183,0.00251176410278626,0.00206757920333583,0.00154107364883818,0.00313407474017837,0.00223426278920589,0.00303316425715672,0.00284099248561171,0.00317485211532731,0.00297469083741939,0.5,0.00333942044434237,0.00260075008426142,0.0013540776409924,0.00193645126522202,0.00243009764166793,0.00194056426372205,0.00246330818938432,0.002415477865972,0.0025588177284199,0.00186505094973397,0.00213272920291359,0.00160435216781238,0.00322663265312642,0.0023591364611124,0.00165744188624158,0.0032416585211687,0.00314396856061164,0.00314782531170165,0.00263640007737156,0.00181227845874254,0.00335641376563369,0.00276821108549902,0.00228557756859236,0.00257008067233931,0.00183269765238409,0.0018475506624441,0.00359868582852644,0.00209257408160026,0.00206697680888139,0.00174093567321962,0.00247788619227542,0.0035370813606297,0.00286504485491249,0.00304129832304162,0.00357889761186863,0.00157152328818546,0.00192418492769448,0.00334254555923058,0.00357163324706762,0.0031302436293529,0.00179232866702086,0.00273135290509902,0.00221600960936657,0.00178435345796962,0.00336103701553583,0.00182800961177308,0.00144019471841029,0.00312879433981312,0.00285567573830413,0.00315169495740293,0.00229741780248122,0.00244309968520204,0.00187585186649019
"DU0062",0.00198025069115327,0.00173541912133111,0.00346472127684666,0.00165749986667097,0.00265640536251583,0.0016632238636133,0.00263620543797675,0.00123602022907962,0.00220713175105726,0.00204228839850979,0.00271163493842747,0.00202178949510915,0.00202806618340393,0.00213363387150396,0.0021243112819887,0.0021760564557532,0.00189776384193295,0.00163285928636839,0.00328760686764592,0.00166905003233095,0.00182789283890746,0.001714233740328,0.0015323192627779,0.00282446056794695,0.00343819771830149,0.00297043131221601,0.00231966167229068,0.00285555891893638,0.00185156765119462,0.00180512020752895,0.00199040509243447,0.00263570059350915,0.00204072948960499,0.00210007016685651,0.002082181709494,0.00210088771109132,0.00274970698116699,0.00230449122772514,0.00306744810747541,0.00280164708445347,0.00294017685078528,0.00169384608775111,0.00340924745393408,0.0017852907951287,0.00164205746026296,0.00172224596940758,0.0034096770357219,0.0026297612487066,0.00203494863039139,0.00131528313396605,0.00237538250481163,0.00170501089221602,0.00181133851251219,0.00319348537460309,0.00179381566613555,0.0037179322262317,0.00207373671200887,0.00342199867105546,0.00326874601061089,0.00153332492050731,0.00202658775704875,0.00171664336289679,0.0019590240456072,0.00212590123795284,0.00207846028011277,0.00313595990090845,0.0021029714841808,0.00168556629183447,0.00174613952986761,0.0016526045329347,0.00224968562018289,0.00265429636621703,0.00179485265052462,0.00128966002679944,0.00204223627922088,0.00319911534862652,0.00204078508089143,0.00207578326410756,0.00372641421237851,0.00297326322064567,0.00208197727149633,0.00196192586470062,0.00203371049924877,0.0019542916099491,0.00257567950907167,0.00177639510993483,0.00352486784510479,0.003344479542829,0.00309264544151792,0.00236014924399469,0.00249883510310065,0.00283928058560585,0.00281409845188044,0.00216119902613726,0.00205157178364544,0.00169226132239506,0.0019400356524671,0.00180998786843456,0.00232131295764858,0.00226180164233187,0.00229695654582209,0.00178243511258672,0.00192860901684382,0.00209419032784512,0.0020158900820063,0.00170566699617158,0.00287968872192196,0.00235223647088572,0.00206957970172138,0.00330017610434453,0.00285283600633607,0.00201704603059793,0.00330383565653038,0.00182151030911461,0.00182887365093475,0.00207769480057595,0.00214029649846899,0.00206740588056801,0.00201391736792968,0.00174013020833283,0.0018201481169602,0.00311671818963484,0.00172278588751544,0.00211915551187248,0.00183780056891826,0.0028194311115641,0.00284896468433962,0.00247567015155745,0.00166029734459812,0.00281429591862471,0.0029148026318595,0.00290254735771808,0.00169990075224006,0.00217317488720479,0.00186217449940864,0.00130774307227447,0.00260587963215766,0.00341023978244747,0.00351589292796625,0.0037190502506601,0.00345119387453186,0.00130754862147589,0.00173438202218579,0.0016863549420256,0.00332548267246052,0.00209074622886616,0.00191002174463393,0.00166774723092733,0.00174593210027175,0.00170260302779165,0.00141935576872245,0.0031842739645415,0.00187671185581404,0.0029360409545037,0.00236229883360995,0.0017265752725078,0.00138503290050718,0.00288009898707938,0.00289370915957769,0.00339229003600243,0.00348753944819903,0.00292219627598004,0.00238145594781223,0.00333942044434237,0.5,0.00278213047908785,0.00201325072930377,0.00180138434082134,0.00200670198148223,0.00177592297470131,0.0024413192779389,0.00170784424178159,0.00181295121708216,0.00145840042658503,0.00281058366673043,0.00206886724756939,0.00348586637152261,0.0022222050917991,0.0017438345607752,0.0028004048066976,0.00315593341614515,0.00350959576786133,0.00302356670927975,0.00190532222798208,0.00353044987362653,0.00302451438335923,0.00179637522065323,0.00237112119940836,0.00191529345904749,0.00128937508829899,0.00335326561552069,0.00161712988181346,0.0013552096675726,0.0017969144357242,0.00268686894670507,0.00277348477929518,0.00265990241243533,0.00322873948457935,0.00313519552529603,0.00123445961749059,0.00172796105210002,0.00311459504339071,0.00335637002307251,0.00306962784396877,0.00180507206829614,0.00309548905711101,0.00242451101607859,0.00172693524045358,0.00346796264958666,0.0015002752722702,0.00177462658575732,0.00336876344743814,0.00252460363651422,0.00303385598315374,0.00210664215074243,0.00189600780871693,0.00185263716205755
"SG0013",0.00205032706974069,0.0013176045713372,0.00270069308719667,0.00147599489366545,0.00217355985043626,0.00173223531985733,0.00418736399364921,0.00145268631241133,0.00543382344003243,0.00186761115810281,0.00372027250394282,0.0018804708695522,0.00188098878686693,0.00197871526679784,0.00190840730154516,0.00193975793491244,0.00178850853217023,0.00191621016452507,0.0024765744742248,0.00185933577994358,0.00197451831248826,0.0018918917152727,0.00132090912208984,0.00186416769460155,0.00259797712253938,0.00292960622890253,0.0039764356993204,0.00331701199037793,0.00210124154306888,0.00146292523781119,0.00182585400488293,0.00563683064284198,0.0020041719463386,0.00194774270618286,0.00189337666117318,0.00193016176571069,0.0057132621915554,0.00404122104704281,0.00227338220773465,0.00428410517028649,0.00235407383287162,0.00191581170155966,0.00252140383202643,0.0020045251689044,0.00193018282538396,0.00191448460838691,0.00268718825229686,0.00157028680692434,0.00137787489667193,0.00178965996699832,0.00222726717927777,0.00193116287383707,0.00168266746053682,0.0033066977504208,0.00188764886448629,0.0028235811012995,0.00212175811159985,0.0032361900219091,0.0037762548990889,0.00132004036144378,0.0021412753321431,0.0020699166309509,0.00179539407860347,0.00162748005337488,0.00188939716439801,0.00215044189935008,0.00146761435991481,0.00180561311767211,0.00198127506007869,0.00158352516877965,0.00209363881050037,0.00224728757944713,0.00201252297685771,0.00168736707061761,0.00187233843249053,0.00265063398865463,0.00186603919528905,0.00159112060999685,0.00265321306705735,0.00376485847139355,0.00189318953400137,0.00179880437768394,0.00185953189160736,0.00178265074430818,0.00322525050064662,0.00131259105415809,0.00256806604239783,0.00319510865729335,0.00231927128023563,0.00383413773304325,0.00378632221090491,0.00318945190083366,0.00346194143653614,0.00190613706301222,0.00190780905655248,0.00130939649845044,0.00191197557049534,0.00202810252196858,0.00215216317742816,0.00178973917296574,0.00181766836177024,0.00197018080905272,0.00176646743361615,0.00189150005509572,0.00185704446414742,0.00182050290296262,0.00240144524301503,0.00198731945628398,0.00186087345204734,0.00325987632854874,0.00397325589117146,0.00191001184323077,0.00252434732732604,0.00201505343274351,0.00183407087548729,0.0018893400622115,0.0019112726051764,0.00187062675577559,0.00185324317361486,0.00146705197682887,0.00184129971892409,0.0032859080003892,0.00131894027925681,0.00197348887744819,0.00171864942676928,0.00216193602504728,0.00362989457341317,0.00311518175782608,0.00167177730378298,0.00319493133953978,0.00213776983230142,0.00208652917270645,0.00175177204115809,0.00164020561842726,0.00204876480814846,0.00170730563356527,0.00301493502842862,0.00263086171681568,0.00216503721519955,0.00279223443396896,0.00227313320590981,0.0014732690169673,0.00188832655942982,0.00130715755789112,0.00231759815192086,0.00187532061015972,0.00196057232515113,0.00143774134472672,0.00191616287381635,0.00184232045776651,0.0016916884456978,0.00227366253416019,0.00204293283127362,0.00205673817389473,0.00172621526295407,0.00192499526785054,0.00152047116509213,0.00368069646435737,0.00644041067300705,0.00309992372656739,0.00301627185570013,0.00320166975777337,0.0017856788513331,0.00260075008426142,0.00278213047908785,0.5,0.00183815727762803,0.00197932415637599,0.00192172173152286,0.00201586593339646,0.00152084694864806,0.00184817714459031,0.00203413563240561,0.00147444891866458,0.0052498211179038,0.00207969479434102,0.00308117946936174,0.00186293039834394,0.00189160983024025,0.00259142234117131,0.00272621385199724,0.0030504226052452,0.00310718078391502,0.00212247015915691,0.00290845134987021,0.00259722372938254,0.00176992192468559,0.00321747248615219,0.00184332282486052,0.00169634346331753,0.00240227021206899,0.00175508007852691,0.00181846842673694,0.00186831130740832,0.00228681780460654,0.00278427730857443,0.00311098592656936,0.00240110248089059,0.00244930821352554,0.00152751245137478,0.00191233605147881,0.00234449681589871,0.00258522139941816,0.00316248498787167,0.00190917311149138,0.00228835579342738,0.00510983339255114,0.00186401760616446,0.00218525174512912,0.00190419113168812,0.00135434936772825,0.00291688925403648,0.00354775570264746,0.00328411858963257,0.001560305299666,0.00178566843925994,0.00200452442189853
"DU0064",0.00370376600640913,0.00386993004104327,0.0013999728770522,0.00315299047317237,0.00116043479787088,0.00309891539416887,0.00138045548431513,0.00118112691583728,0.00118272790975316,0.00415144083539539,0.00138789947641311,0.00387218152246258,0.00382364333082383,0.00379976508113936,0.00389961909386186,0.00227937005756763,0.00381862382940558,0.0012369925898757,0.00136933254423387,0.00129622933264662,0.00352563085064873,0.0012990567211382,0.00404995537500008,0.00140732318056665,0.001887917621519,0.00216894790589124,0.00114415875229467,0.0013850804102159,0.001780549133075,0.00385420440912866,0.00400906388727782,0.00231170070367221,0.00361244453911021,0.00374684189333823,0.00406628062291316,0.00389559263422985,0.00129663191882965,0.00119712831250837,0.00113121522084044,0.00161947403419417,0.00135312318820271,0.00313647711599836,0.00170529045829595,0.00166957184751846,0.00300556802788696,0.00303211995514324,0.00124013355740019,0.00175279410284132,0.00200247456240522,0.00311641110716093,0.0018109290902673,0.00312881005646765,0.00356025891639275,0.00169186731973886,0.00314690864016877,0.00190134902472507,0.00366776557694994,0.0019005251989835,0.00204919035655502,0.00416469370301716,0.00358327947523857,0.00109018317318466,0.00152690345038936,0.00181112885379103,0.00411429984358884,0.00118228570602355,0.00202721775787159,0.00311219638159522,0.00315697598729699,0.00113013245800934,0.00119040692195955,0.00119681046566677,0.00117266444558156,0.00295180129836875,0.00234388963542497,0.00194635241715167,0.00415301611394768,0.00219565015558261,0.0020880909859294,0.00199338773633328,0.00406686496289163,0.00393593685801952,0.004153927234832,0.00354593199051431,0.00110576291252122,0.00396704478873593,0.00186214684466174,0.00184053268049738,0.00196922574717638,0.00148332578814867,0.00121950644415861,0.00196165847358282,0.00140030029461988,0.00242875827333967,0.00370560141495075,0.00374666503807283,0.00116061530817453,0.00346531440298712,0.00119929122173854,0.00135293502074453,0.00111274822811165,0.00344590487496111,0.00394207978051708,0.00130735597189192,0.00393222023695131,0.0012476798242707,0.0011921703752033,0.00113374646849978,0.00131467671475558,0.00182338640010813,0.00174703093732443,0.00194794335718379,0.00135805985718011,0.00336128908979015,0.00346189169029721,0.00410035114672336,0.00389173205954167,0.00387607938119466,0.00397564650701037,0.0036652648052103,0.00313777724800781,0.00192941099143014,0.0034342492081015,0.00383782555139216,0.00216360278997849,0.00142316913149665,0.00174334318116731,0.00112700894546849,0.00300709160758337,0.0016390232956021,0.00185772226785897,0.00116150114764741,0.00343566237759519,0.00105264935618498,0.00345742540725957,0.00302144539746849,0.00222161862543788,0.00121666747800931,0.00218716515199521,0.0019527902617579,0.00220321821991193,0.00298408379891553,0.00337870372973124,0.00378737447101571,0.00227155565571303,0.00383506886239255,0.00188646106250614,0.00101209250829436,0.00314409388757325,0.00309020075579366,0.00139393489547118,0.001652535258023,0.00346921495817307,0.0020152192071078,0.00106557768413229,0.00335160142681573,0.00133353849650214,0.00142305197999905,0.00223738710140188,0.00192639364306462,0.00230786002881073,0.0012253597434059,0.00118597847940319,0.0013540776409924,0.00201325072930377,0.00183815727762803,0.5,0.00342442808973627,0.00161590076496359,0.00353198201663168,0.00201319383943877,0.00131156442244482,0.00116320091177657,0.00314881010996767,0.0021191797091845,0.00378759333817935,0.001897313185034,0.00118963572953098,0.0034234644399625,0.00116113279481305,0.00199610320084632,0.00204535808658009,0.00189911087015254,0.00351603175138457,0.00179061565525502,0.00208846686016173,0.00113203541362236,0.00112760460013404,0.00186027169006648,0.0029165053216239,0.00138249530003725,0.00309489846518973,0.0011630843003935,0.00170708801977523,0.00179503471673383,0.00116779180023842,0.00199616354029404,0.00172000932220032,0.00140407398325315,0.00115139077502753,0.00315851981609163,0.00138398802615735,0.00117970704052938,0.00176690032711347,0.00340867576539362,0.00200007870255769,0.00237827329363042,0.00305774940495161,0.00213336930107063,0.00306716558046667,0.00213002338088716,0.00127119185617395,0.00124494289408983,0.00145315751142965,0.00133099590489449,0.00131353034319683,0.00357606233835057
"TT0061",0.00355058918416167,0.0031345973748277,0.00178571839732263,0.00317966466590675,0.0016597732441068,0.00343251739231505,0.00170152054100093,0.00141150666616527,0.00204045954493144,0.00343066141968049,0.00190472416535381,0.00346663997450967,0.00346962215900496,0.003520711396816,0.00346805069608401,0.00191423035713383,0.00347701792007945,0.00179327638350167,0.00178278990766719,0.00186397667369523,0.00377953579096179,0.00187879928389,0.00309304941144652,0.00164563809211158,0.00185254516432551,0.00142533685572787,0.00120241433556766,0.00179264429125548,0.00189284684187842,0.00312367246566925,0.00344563781032126,0.00139553722249068,0.00355587812160504,0.00351685566797484,0.00343569660260153,0.00346862693165879,0.0015248196120878,0.00184822408533398,0.00130081689193788,0.0018980099931615,0.0019225591864274,0.00368394035036683,0.00183846591061141,0.00203724860888864,0.00365420367673328,0.00364527417115097,0.0019042846381551,0.00141031734323769,0.001451735956041,0.00330304383196083,0.00193064848894535,0.00367189677693424,0.00343885835552185,0.00188579227573172,0.00352111539463723,0.00188850066776479,0.00362220487436046,0.00186863323220338,0.00185520144817113,0.00306609589679592,0.00359977349782291,0.00123710734887384,0.00163365590810957,0.00143429279598129,0.0034345262076624,0.00129613461780378,0.0013426171937391,0.00347607789550154,0.00369277619874491,0.00139405127612637,0.00164517001067865,0.00191744602300274,0.00207114555547471,0.00313338369111588,0.00176204619265555,0.00163913107356895,0.00343052468009705,0.00143140200202515,0.00171580607929307,0.00173403638869698,0.00343551700580124,0.00346121146801618,0.00342703168532398,0.00342840726266451,0.00115787959841035,0.00313810569772348,0.00182756557852891,0.0019258660817465,0.00181266549403011,0.00136957421336132,0.00139881823004112,0.00129790437224133,0.00189359289207248,0.00190542721237618,0.00351781833731716,0.00332053972631922,0.00185649436221995,0.00377416956211963,0.0017059042907314,0.00141160628148596,0.00136160715529737,0.00366187012835479,0.00345547322288552,0.00170024011124763,0.00346522932563524,0.00161456001769493,0.00179266469428195,0.00136672950046796,0.00171394321075099,0.00195519640366986,0.00179692128542359,0.00178495263928373,0.00184030383937279,0.00369229121676135,0.00347043485293066,0.00343300429885822,0.00346741805940768,0.00347407337456859,0.00345209973788964,0.00310008495811716,0.00342465614562389,0.00171500749564687,0.00336467434382234,0.00350625395859874,0.00176457358366064,0.00174764074808382,0.00194654777869639,0.00122419875657316,0.00338613661051951,0.00174544736270897,0.00181975050486514,0.00133590248139356,0.00346215266418611,0.00112936207223484,0.00363671240659205,0.00354623588868306,0.00130697003076117,0.00173604057178989,0.00139118336982094,0.0018452152410369,0.00145382504849902,0.00309905539876299,0.00354825976999428,0.0031295881027889,0.00130527942148291,0.0034899334085142,0.00183006149040259,0.00108904347673757,0.0035249677992749,0.0034328248982477,0.00173584208003973,0.0016583093332545,0.00359600759295998,0.00160281928758963,0.0011437353015315,0.00380555424871824,0.00146550996540237,0.00191740925558501,0.00181264922669904,0.00184287823627813,0.00171327008370787,0.00167105224397712,0.00163328864100736,0.00193645126522202,0.00180138434082134,0.00197932415637599,0.00342442808973627,0.5,0.00198169843263352,0.00373415957252987,0.00135532837039556,0.0018368626117507,0.00206747814140424,0.00338518524950127,0.00169459746968674,0.00360242913795089,0.0018722146192206,0.00144022605471601,0.00350305773987255,0.00134585482148487,0.00166510626036777,0.00176448617075532,0.0017805845297303,0.00370063656178002,0.00184828977462839,0.00137938945222058,0.00163054253466415,0.00120845680200122,0.00178434580056394,0.00331706913764338,0.00164958611191536,0.00359800179095881,0.0020237821407907,0.00189126695400127,0.00190560791317293,0.00169993505999917,0.00139592437448788,0.00186898771001858,0.0020706537070999,0.0014431915403609,0.0035770579448098,0.00180381326014156,0.00161369356016836,0.00176276691180599,0.00356440414705843,0.00180843160197201,0.00129111081492317,0.00356343245532699,0.00142735763115699,0.00355825653378725,0.00147163971421209,0.00171402165890098,0.00142010040221194,0.00182537673979056,0.00162997124461426,0.00165902444280684,0.00374233650776593
"CH0006",0.00176020044407352,0.001651232179237,0.00215799385176564,0.00178637732606444,0.00264593071920612,0.00180087506953847,0.00204690398778903,0.00158426555969357,0.00208275444858177,0.00161784572979931,0.00210554546878997,0.0016102079897537,0.00160571946640907,0.00165285224138859,0.00163435368109644,0.00166959420502415,0.00166856942433217,0.00157187080348856,0.00232308358995743,0.00198944439947789,0.00203054535863475,0.00203639144366458,0.00135236104017704,0.00290418869246361,0.00216251082553604,0.00185792007758361,0.00162858297915201,0.002044000631093,0.00176362078515105,0.0013407073918843,0.00161978778018303,0.00151287767708814,0.00175316286554149,0.00169060878542689,0.00162086541389897,0.00161985434672235,0.00150247949970751,0.00220832658136116,0.00196733402292595,0.00199432442299188,0.00284709061123282,0.00202451196368534,0.00252890654412139,0.00190266759058702,0.00193465268475559,0.00179949918940417,0.00226270928803793,0.00300095287273026,0.00664243306929336,0.00159914156517589,0.00506103845868723,0.00199329641534025,0.00171043755220721,0.00197166322885249,0.00184570289248865,0.00192338672580193,0.00147729947349606,0.00195673801261589,0.00165698178069374,0.00131689787378571,0.0017177483953213,0.00597364303299241,0.00715387998662608,0.00380266253829521,0.00161918103017402,0.00195314096436175,0.00321803775444803,0.00185597791857419,0.00202492811925968,0.00682445927118929,0.00260561169248377,0.00302037712905725,0.00722597807754639,0.00179556202196358,0.00164708511777259,0.0020418854043155,0.00161783206955071,0.00159902088398832,0.00208447047987468,0.00182201828057053,0.00162074017172315,0.00161123899396638,0.00161680577365974,0.00168419470494765,0.00160019090244638,0.00140550260011862,0.00223480888614934,0.00212981487346035,0.00287328486414884,0.00167895570120403,0.00175138233886454,0.00160151167661054,0.00224822175258731,0.00165305277179388,0.00172331224913394,0.00172627450346707,0.00733527915326365,0.00193725615483882,0.00384292392050451,0.00485284395501715,0.00316098966668116,0.0019056083108397,0.00169045220303913,0.00594846604808471,0.0016096760790124,0.00579257635235602,0.00243879835494534,0.00300429056531339,0.00601989690984306,0.00205940543922499,0.00189089041971369,0.00210430345119957,0.0023667608981569,0.00194939825484717,0.00167328307774569,0.00161901968490469,0.00163292284438347,0.0016065252120598,0.00161490400375541,0.00168104412963591,0.00172079512502713,0.00182187256581665,0.00187472744514536,0.00168371039139418,0.00163647310263829,0.00261664620987574,0.00194755441907639,0.00162563642415395,0.00174964302545308,0.00204396747102559,0.00297815158182764,0.00215424358854161,0.00193625409084862,0.00299015547382188,0.00188993444883897,0.00197435971419591,0.00151395854842143,0.00216567211226822,0.00180942014123403,0.00214576020021277,0.00202122596719482,0.00149555905028565,0.00180619306251791,0.00145714186067606,0.00166077014546173,0.0016304406392693,0.00194906302839269,0.00547862302521899,0.00178360944943595,0.00177770004063165,0.00178013957782063,0.00233159131207911,0.0017510809476378,0.00257127618368711,0.00258135643683254,0.00206674867220761,0.00153606488820935,0.00212797222196468,0.00172036174765588,0.00188849904034543,0.0018725251203306,0.00199204834965175,0.00328866280471935,0.00243009764166793,0.00200670198148223,0.00192172173152286,0.00161590076496359,0.00198169843263352,0.5,0.00197557037803595,0.00343602182780876,0.00687802700525938,0.00692709816828054,0.00186357602886305,0.00174346919711638,0.00167309836026721,0.0019873620540624,0.00470125339642327,0.00173664424085665,0.00180448321502835,0.00194911401892687,0.00196496990918088,0.0018542477183123,0.00187698695250459,0.00202616182504915,0.00165964924009917,0.006194714087413,0.00159195613118251,0.00199093892341378,0.00178713437802168,0.00222955024959249,0.00198838010057422,0.00203536209533948,0.00175760520495697,0.00387753188018963,0.00217354373458968,0.00186810705335477,0.00247048919982967,0.00269036550765753,0.0015569038916551,0.00188673717623784,0.0025239343622242,0.00189511274642377,0.00207804608117384,0.00176266908825049,0.00285051426621795,0.00142544114653744,0.00153613226475566,0.00201836947005126,0.00181614890264077,0.0014854834257556,0.00177349698035248,0.00175344897281597,0.00202801554876573,0.00633363502271019,0.00576893906663883,0.00200773859318694
"CH0005",0.00370951370628432,0.00315409367346893,0.00170980722051259,0.003178218775625,0.00160469736683456,0.00335855113251172,0.00171421128268805,0.00138329824859781,0.00233634214150045,0.00353859643889673,0.00191435471785333,0.00346476989564162,0.00346003523312856,0.00353950037322644,0.00351962122503206,0.0019163344937311,0.00344856524507551,0.00175279017251472,0.00171709014801536,0.00180170882759487,0.00383104286919618,0.00178475443638842,0.00304316991491308,0.00162395389278951,0.00187479114224394,0.00143892595623025,0.00137461270699712,0.00176927242856358,0.00207023628838391,0.00303805005150025,0.00349339634812043,0.00139818311732872,0.0035601516890401,0.00354223926517262,0.00354457592618548,0.00349170628781458,0.00133064404300708,0.00188394074171345,0.00134406842073469,0.00187375186792792,0.00193491034875021,0.00373742156890074,0.00186813553025091,0.00196202090324554,0.00366256682544103,0.0036119672716563,0.00189356492618207,0.001228976705054,0.00126700461990879,0.00357526691024946,0.00215936974168572,0.00369427158367068,0.00318252182831259,0.00182941438275214,0.00347283297790289,0.00189846711816706,0.00365238075930992,0.00190363604096673,0.00199890496231275,0.00304310980616199,0.00363806764395921,0.00123058237123276,0.00164739726441785,0.0016309515043929,0.00354284913822951,0.00118021482737253,0.00131596348980826,0.0034334772404379,0.00371821489713354,0.00161964630197613,0.00168109773445106,0.00188800424313492,0.00192919718470435,0.00337819141054886,0.00183383961243211,0.0016133504197142,0.00353844754015165,0.00129557438006014,0.00177586757985703,0.00173726837204512,0.00354437857318755,0.00343101217447779,0.00353479594397146,0.00302769291239659,0.00118039236783694,0.00308143311244534,0.00183120578137563,0.00205858055558713,0.00187583662650279,0.00166795379119972,0.00143477735503181,0.0013380042927146,0.00186222826208047,0.00191928135125564,0.00355564206279386,0.00335263982768512,0.00170885535396503,0.0038705072417519,0.00144544539193691,0.00121710024315404,0.0015396268751849,0.00377704388282494,0.00351128217342363,0.00160000878416332,0.00347494694533584,0.0016681087866239,0.00176530912817745,0.00118617351156757,0.00163052936927235,0.00201686566043618,0.00177165183386485,0.00171250327641466,0.00178489948079847,0.00365552464596513,0.00342086907369251,0.00354137319666539,0.00352005857650261,0.00347457562495028,0.00348544098972533,0.00296390690319682,0.00333566822271361,0.00166972781897087,0.00340950260057635,0.00358172004111068,0.00170690978707634,0.00170198454784875,0.00190604070069291,0.00122467888368127,0.00317728386197756,0.00186158969475688,0.00179183605341287,0.00139954785358088,0.00351668919460995,0.0011417726866471,0.00369413219141226,0.00357134349358606,0.00123211916855115,0.00141548332511449,0.00138806042861407,0.00193614675232791,0.00162477888160431,0.00312258074890111,0.00358244972185392,0.00300252964883121,0.00123964113996798,0.00350311875017431,0.00189866876011775,0.00109070637151979,0.00346914999394062,0.00335410016602019,0.00171958003731246,0.00123984073103653,0.00363173314755658,0.00159425794037433,0.00115860434055523,0.0038052520679833,0.00183169365372485,0.00192904170223334,0.00180949558852116,0.00183787830780703,0.0018015377192348,0.00157438857065383,0.0014051383299411,0.00194056426372205,0.00177592297470131,0.00201586593339646,0.00353198201663168,0.00373415957252987,0.00197557037803595,0.5,0.00135361027618744,0.00182353798783333,0.0018188350199247,0.00338560392846555,0.00173452234701032,0.0037493355884811,0.00190179296065153,0.00124222176006133,0.0035737619981151,0.00136105779075374,0.00160179588023158,0.00186824797313188,0.00192716138667139,0.00371238463251225,0.0018509345099607,0.00124806186952651,0.00137249803615382,0.00122050526135066,0.00153610075192764,0.00330961842899835,0.0016050707939818,0.00361437926271197,0.00187178639091073,0.00181839777007568,0.00189945246238313,0.00166402878232149,0.00138645756327534,0.00177647406368259,0.00199457924686818,0.00179248242155124,0.00357419574070136,0.00170924617856932,0.00122428003019731,0.0017854739352752,0.00356898112291954,0.00183230860086905,0.00125654497295925,0.00343171589543787,0.00142994997252808,0.00351059721522261,0.00132650036464987,0.00129767084074796,0.00176258461316724,0.00176977080038174,0.00121753119815835,0.00166900099104619,0.00394330116742196
"CH0004",0.00137630634113145,0.00247439577382834,0.00220802872942053,0.00182680786063349,0.00318194045168429,0.00167296911089925,0.00211695672563041,0.00177373847474617,0.00171852484912739,0.00197893521856703,0.00184107824313333,0.00183652962252796,0.00179369122737672,0.00159349904731069,0.00174672198902439,0.00185764208365524,0.00189335142858745,0.00123778141384405,0.00241645973586792,0.00146197545336205,0.00135488591695854,0.00146197592078757,0.00275188735640945,0.0038240135001552,0.00276523319341772,0.00289039770917078,0.001856806034665,0.00191343263400309,0.00118824804634749,0.00245803067910193,0.00194622696648823,0.00290665795624835,0.00136370905555841,0.00164153715886173,0.00186613804615624,0.00176154933238433,0.00163121663898767,0.00199413801613457,0.00233955128294285,0.0016003000137953,0.002962354727072,0.00139319332888332,0.00242342029665255,0.00127751814368239,0.00139977264355787,0.00126134969478951,0.0021722429673939,0.00483161987322467,0.00406147120984919,0.00166649792080201,0.00383665517584385,0.00138024234154749,0.00197802080864545,0.00178188749760834,0.00164131115741419,0.00220674647464255,0.00123507040120833,0.00182319151672768,0.001708043947409,0.0028255004757791,0.00123537550666235,0.00390785750797906,0.00361563151854533,0.00432707929945081,0.00192821421269333,0.00293686309498074,0.00509032782916977,0.00167439810243739,0.00124342326993851,0.00396046971275983,0.00314558801222765,0.00323407840148077,0.00350826993193416,0.00162871988084562,0.00193805399725545,0.00282626378447831,0.00198106932268744,0.0027628185216332,0.00262564943862743,0.0021397947936495,0.00186706018536995,0.00195417694375697,0.00198555395333397,0.00170583854538039,0.00179589675972242,0.00245650964051981,0.00261588470246392,0.00196615248521304,0.00364445137831304,0.00167994496836687,0.00192528729332465,0.00265431755208109,0.0018849619052013,0.00198471855021267,0.00165389680895973,0.00220737460949507,0.00364949808926795,0.00122488624581221,0.00439208300599462,0.00461747077803534,0.00377854126994508,0.00138431886512278,0.00197547783392307,0.00391463134264435,0.00186697673697404,0.00378843877559014,0.00280409215741516,0.00392862807626254,0.00386439832212254,0.0019257617403056,0.00180410702001476,0.00265495158053269,0.00256595058676285,0.00123444061394172,0.00126041814232919,0.00191190611676486,0.00173549208178176,0.00178484726910022,0.00188587315043894,0.00199595342079648,0.00137860912329707,0.00216271353825196,0.00178256918616141,0.00161166482193693,0.00205193126276796,0.00319398387312756,0.001767589674429,0.00212423115508411,0.00170993538336048,0.00179295775726112,0.00395707832726554,0.00308802768421966,0.00149989756764987,0.00410905225877365,0.00123477834493477,0.00174771532530036,0.00314004079615533,0.00248770541742906,0.00335037227929218,0.00222041274236269,0.00308666844883094,0.00162423275781554,0.00123190138936681,0.00249402914939908,0.00348809714202464,0.00171502398548809,0.00154911738155854,0.00377914331051122,0.00136820617323441,0.00143996162171577,0.00171069939785562,0.00311000913168239,0.0012307222201557,0.00396702725263236,0.00357174025809799,0.00135873634533424,0.00166072553292353,0.0017944561967376,0.00208812411159946,0.00181566538245657,0.00247121867629697,0.00222463311920112,0.0043590926906927,0.00246330818938432,0.0024413192779389,0.00152084694864806,0.00201319383943877,0.00135532837039556,0.00343602182780876,0.00135361027618744,0.5,0.0033569000937028,0.00362480218532157,0.0018762307250974,0.00212389943858988,0.00124048009607808,0.00188135934582163,0.00441000814177644,0.00125052250530294,0.00226006144030575,0.00279636223045415,0.00227777426445483,0.00173123495996557,0.00123008406203153,0.00211459653789097,0.0029918306478873,0.00379116399762224,0.00190739016138259,0.00208546173308706,0.0016612239925562,0.00279911876406925,0.0016769997636825,0.00144572092842644,0.00144507540331476,0.00423114549686611,0.0023348822206892,0.00299565492140518,0.0028604327103096,0.00264330588532484,0.00163930035122366,0.00137228062567063,0.00277760695069816,0.00242705860015319,0.00226522137924478,0.00139135777193457,0.00375990305185987,0.00317587275462039,0.00126819049840886,0.00319788504304836,0.00127039803352735,0.002534527817167,0.00196494616687709,0.00215262589366693,0.00191708502238683,0.00400167183424777,0.00413708934687031,0.00123607493590069
"CH0003",0.00164655353376424,0.00159154846473654,0.00215728748638444,0.00192418662293051,0.00256759763181404,0.00189698669423743,0.00208106808121951,0.00190298416001304,0.00276508236197681,0.00131215868176773,0.00212086716873581,0.00119167062159658,0.00134227700946971,0.00151810752470963,0.00150752915246782,0.00161943284558854,0.00154565799921077,0.00198254513310538,0.00225158668427565,0.00187171787300521,0.00177688938579082,0.0018454531658826,0.00128114407196459,0.00275300613622872,0.00218066881321962,0.00178140586679347,0.00290663013330057,0.00212374861600799,0.00184656822444308,0.00129687952247374,0.00133877186251839,0.00146549947058267,0.00163253521969448,0.00158130471947257,0.00131258395595682,0.00133957791575127,0.00156456691709497,0.0021892437884805,0.00189866089320098,0.00188416508407165,0.00261538150528107,0.00191628563722897,0.00221541284053195,0.00179539482211909,0.00193655142718627,0.0018241812777879,0.00221268353085473,0.0030095135252566,0.0101083882393492,0.001834327023942,0.00470195376723718,0.00189538046789692,0.00167930206974048,0.00188303189630968,0.00184166379797375,0.00197478751063188,0.00157975546674743,0.00185519602829976,0.00155797304731202,0.00123286248672375,0.00163329248635398,0.00544241286635357,0.00761960547615439,0.00346527428856161,0.00131231269673661,0.00196241876955894,0.00289086723243476,0.00194513122993319,0.00184634426707514,0.00730752179385689,0.00256195805643799,0.00282023734199904,0.00652726550307768,0.00175063130580499,0.00135385539058726,0.00205932053818755,0.00131218128861271,0.00181414613948347,0.00159369515319252,0.00153692619631412,0.00131251316055038,0.00133727397288626,0.00131182966671879,0.00161228331440125,0.00155603148359569,0.00132202860640771,0.00204714757363278,0.0019761749335671,0.00255646119956732,0.00196606328098992,0.00178769303273526,0.00223898677954075,0.00215963722192699,0.00156252557917523,0.001610513268342,0.00170242055244517,0.00775916360269087,0.0018095007704942,0.00315912535077941,0.00469897285774149,0.00289188827929362,0.00186572065957996,0.00154121591631837,0.00560061414861858,0.00133512171802068,0.00579532747174304,0.00251308497834746,0.00281200120420977,0.00565801615156591,0.00197695865102316,0.00186177615722183,0.00202497368972066,0.00239005752432026,0.00184384352296268,0.00158213803496806,0.00131223450555816,0.00150581250981083,0.00133962553000846,0.00133630412334909,0.00161481784216892,0.00170898819663775,0.00139870915578425,0.00183957827142722,0.00153627834347356,0.00142196199020999,0.00267048372867375,0.0019824793530002,0.00170530617769576,0.00190721790442795,0.00245968529892442,0.00275916937420866,0.00323732721738152,0.00180617200266819,0.00275196729037705,0.00167397480302697,0.00208351739542505,0.00146775916709519,0.00226604784118237,0.00171738160611315,0.00200553133476027,0.00168064955011836,0.00150395672079655,0.00213698130262977,0.00163214683524955,0.00157162597032831,0.00151173465896548,0.00663893497209295,0.00502080493157176,0.00179372184035016,0.00185774617943585,0.00190870417620929,0.00228605506589607,0.00169596688815934,0.00241862217459169,0.00241233598101077,0.00190088337538702,0.00231572200189459,0.00203480525627305,0.00130663584103405,0.00182338665042361,0.00155904144970617,0.00208746439536265,0.00325387448262636,0.002415477865972,0.00170784424178159,0.00184817714459031,0.00131156442244482,0.0018368626117507,0.00687802700525938,0.00182353798783333,0.0033569000937028,0.5,0.0062201399087426,0.00193372378185056,0.00132609881530172,0.00137816657784115,0.00190297985182909,0.00454879991608087,0.00162743743090967,0.00199436200015693,0.00195938299102835,0.00184823608434473,0.0021411840033352,0.00177725003583139,0.00199116867280301,0.00164208831314892,0.0060773766468137,0.00164181126988195,0.00564903148449416,0.00190725993123181,0.00224377355962306,0.00200886161417877,0.00209368675883316,0.00174646821915022,0.00351796430038476,0.00227876637134156,0.00183617887045719,0.0023302636964567,0.00249494286365825,0.00280875167804826,0.00185164504151467,0.00248327580827376,0.00217208047672778,0.00198126389997866,0.00177015085177098,0.00255648853648291,0.00136365838062131,0.00178591536714797,0.00191528114594895,0.00178298830552873,0.00142821135652498,0.0017751830827035,0.00175763005115808,0.00202516568565579,0.00616932950884117,0.00543961692094574,0.00171772980634875
"CH0030",0.00122795090852079,0.0012168511137275,0.00222896676469428,0.00149795118438882,0.00291448110679664,0.0018647768949934,0.00197368943739977,0.00186290973388268,0.00227035607032662,0.00116425551328849,0.00215272522260178,0.00134110624046952,0.00135685757403041,0.00130045900843422,0.00117736285094625,0.00123678300532963,0.00133148218720464,0.00227419028170121,0.0026805526661538,0.00236314943693701,0.00195059300538522,0.00252439526480549,0.00117277886239933,0.00269622979101591,0.00219396425393978,0.00144434631444123,0.00170189970166199,0.00205297393426226,0.00175575551382849,0.00164701044798717,0.00117363988236233,0.00133532737399655,0.00169743095940393,0.00134537245709749,0.0011643124994791,0.0012819669295588,0.00241090926187816,0.00232985129552852,0.00228562477867334,0.0021440331005115,0.00308890434931479,0.00216421006631116,0.00251132590094494,0.00210794300478472,0.00227605703638302,0.00219217191731095,0.00276378054545212,0.00348369018181663,0.00591012808197421,0.0019101136577923,0.00520032807106741,0.00223335553367912,0.00180894174055617,0.00210882247750999,0.0019327833731143,0.00210125775572924,0.0015724309572899,0.00168943415312497,0.00144217310878282,0.00114887038846477,0.0017583176494156,0.00657558194169933,0.00617879649752277,0.00406429082759595,0.00116450416688539,0.0021966837996076,0.00357925016103937,0.00190189010020243,0.00223372823522899,0.00686367541097486,0.00268459426315164,0.00335599547524686,0.00788561136543585,0.00184447526208338,0.00127532807395939,0.00177745145904019,0.00116426364523364,0.00139438300319541,0.00170963743158027,0.0014968106605965,0.00116426734782135,0.00129225775679312,0.00116376840653393,0.001696501881721,0.00165245212255134,0.00129406436435668,0.00190043154233437,0.00203869720737284,0.00262618844755218,0.0015247954554572,0.00195610177263741,0.00147337702008997,0.00231414863133153,0.00115777691663245,0.00133282453964568,0.001394343978876,0.00710108176264052,0.00190824804484401,0.00484788101118667,0.00557167734344925,0.00355816987510932,0.00174215296603845,0.00118006321253503,0.00642513744205548,0.00129048611636837,0.00583079078706196,0.00260891110414143,0.00359891164271368,0.0062987872955673,0.00203689554297274,0.00162116816786762,0.00238764454689911,0.00247051597576805,0.00207556306553256,0.00137157233372263,0.00116425742054045,0.0011757979584973,0.00129178378787847,0.00117477423495385,0.00122508891616909,0.00175539350760794,0.001551904146065,0.00141478346174282,0.0011843903544314,0.00137129363257547,0.00240209930761097,0.00194447474810558,0.00175268786788267,0.00176254549411558,0.00171702164438144,0.00281404581557374,0.00242372460601615,0.00172166984546118,0.00327758508091316,0.00207398350048114,0.00199615135062332,0.00146405323091245,0.00256912406853739,0.00166499527361384,0.00177793650538946,0.00161653618536354,0.00137163107123656,0.00173141736939881,0.00138719870575633,0.0016311027696351,0.00129591724215406,0.00155778981553503,0.00588592913040339,0.00194075344447541,0.0019233517308187,0.00157348049512695,0.00250514519710578,0.00182054976790432,0.00237705128540093,0.00282529370048062,0.00206085280120957,0.00149509224861251,0.00226671725899866,0.00145757560363035,0.00164857099157439,0.00148752058396226,0.00228743693600555,0.00351232289361879,0.0025588177284199,0.00181295121708216,0.00203413563240561,0.00116320091177657,0.00206747814140424,0.00692709816828054,0.0018188350199247,0.00362480218532157,0.0062201399087426,0.5,0.00181549274404041,0.00133708000131142,0.00120369236450083,0.00171357379343011,0.00546552098691062,0.00142055919426957,0.00200995641935797,0.00190525329134609,0.00153882939723635,0.00145341192718753,0.00187276618768185,0.00210961493374122,0.00149164161007183,0.00674594318467015,0.00171314477459383,0.00203926074725974,0.00179423965979146,0.00231909470588104,0.00206253612569108,0.00255514488508412,0.00156566057617326,0.00409922924198449,0.00237667929015524,0.00188994077176707,0.00262971264631174,0.00285289920400349,0.00194267026147461,0.00183206484026618,0.00261736464952867,0.00239083489065345,0.00172576366615805,0.00148145242867355,0.00266943003651023,0.00131204950793349,0.00218798137440894,0.00164543609126273,0.00233028729132072,0.00133006129947572,0.00230560953933245,0.0019540987350611,0.00199952282313888,0.00678972990464845,0.005763928764674,0.001895829816993
"CH0001",0.00336541799643307,0.00345440017338768,0.0018945152445011,0.00384561075573349,0.00225709315260729,0.0040319499156718,0.00195370743753651,0.0022995297329471,0.00141867681904853,0.00315193383906495,0.0019645868119146,0.0030069611996444,0.00314534087530263,0.0033205798211133,0.00332068140155332,0.00154918184760849,0.00316500152769395,0.00174715076574528,0.00147848543514633,0.00182296732121486,0.0031991501320467,0.00173998725771348,0.0034398811665081,0.00189232577654461,0.00131670092849218,0.00166139988655968,0.00136055722656605,0.00226421536472676,0.0013011622934614,0.00321664582353667,0.00330409255906279,0.00147055659155346,0.00316518804636808,0.0031742816458473,0.00314774112011697,0.0031497448008891,0.00143230344588944,0.00187643371650492,0.00165062799257194,0.00170924735125294,0.00184866068619882,0.0034655186414153,0.00183275458216295,0.00152226301937385,0.00349669740164919,0.00344183091275879,0.00170731507868571,0.00195031732792505,0.00182731029052578,0.00368867117026323,0.00165396385351048,0.00341655248966639,0.00352707315753007,0.00130010711181965,0.00356683363408321,0.00131364245952755,0.0030364012815378,0.00129940555705907,0.0013017258598498,0.00323792866405738,0.00302011261170701,0.00136491176656595,0.00146901572678241,0.00187116093442268,0.00315177273329356,0.00169834460214015,0.00176594591775926,0.00382445451447937,0.00341913558061894,0.00193297779834175,0.00194501995481181,0.00177945730316621,0.00176011888708568,0.00338440622031902,0.00148655849643742,0.00185409376362596,0.00315194672153678,0.00176964326050437,0.00128740826970653,0.00142442756954123,0.00314767933667222,0.00314804374903572,0.00314935489115209,0.00320101168651457,0.00115685242828256,0.00351080778308694,0.00174192696366273,0.00163549384545348,0.00167230103677691,0.00124984679418671,0.0015096937651695,0.00166703917328353,0.00187669963350207,0.00152856525003238,0.00338282041164898,0.00360489379421224,0.00206350680894906,0.00339490724198013,0.00151861583682643,0.00218729337513982,0.00163439991790905,0.0034669546236096,0.00334324396206051,0.00195343991321283,0.00314767717315552,0.00167133668564129,0.00241773019873266,0.0016228214326347,0.00218881817909024,0.00166835601475879,0.00188810953956488,0.00191042226567165,0.00205336208808473,0.0031852229875746,0.00297093247836434,0.00314933564930631,0.00331959951859135,0.00315030615852452,0.00329561381903975,0.00335958377569835,0.00313286861244816,0.00140066033326577,0.00408143240419592,0.00335446493488085,0.00165230631121849,0.00205859114747004,0.00193776925789511,0.00138613184167275,0.00412143121761889,0.00126953689376227,0.00182981515308392,0.0019551527567126,0.00352390773682884,0.00124931343063994,0.00316497565126857,0.00385965548910947,0.00166278974625163,0.00203352214043358,0.00164202364839301,0.00131567646212624,0.00145472878534649,0.00315804478955239,0.00318609032990549,0.00355760237602938,0.00147227312684943,0.0031620912438567,0.00137692398756519,0.00122380972951319,0.00340515223531941,0.00362397992166376,0.00183439451602815,0.00207772758543813,0.00317996636475301,0.00177924790167065,0.0012633361030363,0.00341134607659055,0.00149054567263837,0.0017146425064521,0.00131265986303291,0.00129969376503557,0.00142335099442405,0.00222159408900661,0.00252976070516636,0.00186505094973397,0.00145840042658503,0.00147444891866458,0.00314881010996767,0.00338518524950127,0.00186357602886305,0.00338560392846555,0.0018762307250974,0.00193372378185056,0.00181549274404041,0.5,0.0012696431038434,0.00305590271372706,0.00145177214366615,0.00215514495749077,0.00297482620032686,0.00157010579935028,0.00173053568266542,0.00168011599138154,0.0012726991422815,0.00317323217430227,0.00166476123767008,0.0016629577988938,0.00237183959200686,0.00133445509712798,0.00186423044855094,0.00351016361691251,0.00214222705639225,0.00371565802099902,0.0017818179104453,0.00214256134462954,0.00149883385419989,0.00185964663114574,0.00184753335035096,0.00149317073064688,0.00176078068593741,0.00173076004454986,0.00340587499759223,0.0020831984278978,0.00182779437754341,0.0018012068166428,0.00366049990288968,0.00149167660343022,0.00144325025641611,0.0034793894223985,0.00166450040186032,0.00349040882338409,0.00173047536675194,0.00132083896529689,0.00223968721056379,0.00189115581547053,0.00199554071958647,0.00218443306997812,0.00304082441545452
"DU0066",0.00180420705838863,0.00193479518380223,0.002538455617856,0.00127958114285947,0.00222276489893645,0.00125702781005251,0.00435583684607254,0.00166462923046649,0.00516748316971248,0.00212001137939409,0.00325380261138347,0.00202619283077227,0.00202680679037577,0.00191633747979855,0.00211944508822522,0.00227824504075637,0.00197835003685723,0.00119876123053164,0.00228565607287132,0.00123908779069403,0.00177607921892388,0.00138213364341819,0.001984142117998,0.00189745700693004,0.00239143418536981,0.00368065925804073,0.00442916455658055,0.00284345742637644,0.00164801053469342,0.00182809542112694,0.00205246092890871,0.00573898442970167,0.00181828254045933,0.00195393041319047,0.00211854221254045,0.0020316883464223,0.0050757932428671,0.0039496368573691,0.00266835832534351,0.00401585986241737,0.00176630205043179,0.00126799056484372,0.00249935128839202,0.00160983518548682,0.00126370576862846,0.00126742954650346,0.00210006214010949,0.00207916658381548,0.00191630607818941,0.00130920652005394,0.00190040318332428,0.00126712739587225,0.00187994563031196,0.00308032348606739,0.00162597023802026,0.00255116101043256,0.00177181020822432,0.0030261112766573,0.00365044584074306,0.00205466245262948,0.00171764839310644,0.00222759114896969,0.00197945587813564,0.00207584952820389,0.00211932926881964,0.00272172063698028,0.00219909943659318,0.00126333791215372,0.00127689208335183,0.0013744039853098,0.0022606295311822,0.00172446865008064,0.00133278559809811,0.00175851203618826,0.00205006255962201,0.0029012663016653,0.00212010055961819,0.00352310526150429,0.00289236806942698,0.0042711753320631,0.00211841086749893,0.00203616942295148,0.00211857721890771,0.00188872890591686,0.00410792583825407,0.0020746855787922,0.00266165416104821,0.00295416398974582,0.00225983671256013,0.00432298319887787,0.00366245568109855,0.00395976469136834,0.00297899477253798,0.00226863466178914,0.00192047123760915,0.00185151179441841,0.00132271387220282,0.00168743636385685,0.00153618686132061,0.00141932160772665,0.0021087873915796,0.00172412967313238,0.00213739860130646,0.00135660190180148,0.00202920027665541,0.00187593680576053,0.00197285170087341,0.00206836934365126,0.00151878670278625,0.0029585039956582,0.00404896298056828,0.00299313850890032,0.00205854660347424,0.00167529814383757,0.00198577753318289,0.00211790693536836,0.0020731011232338,0.00205841016260945,0.0020372402020102,0.002116322788081,0.00190219015117501,0.00372947774750143,0.00172638580821172,0.00194884877837498,0.00194410773763797,0.00209344076734416,0.00349953827376115,0.00369013209005293,0.00142508800329591,0.00315502510207169,0.00228797809623874,0.00201166226053929,0.00186725936413851,0.00235400201665281,0.00169742231959536,0.0012778574681775,0.0038387750698256,0.00218082513396538,0.00290005827210622,0.00261805547165332,0.00293529255195406,0.00190480483847878,0.00165057999173261,0.00183915733311809,0.00310013427976461,0.00207936464098225,0.00220416642861846,0.0022184499324635,0.00127095573499179,0.0014197559639961,0.00123708819411736,0.00243946715252728,0.00169501594963556,0.00233562633040525,0.00242582414865447,0.0016585644186812,0.00119252331279724,0.00337390561866111,0.0055883297814074,0.00304818173695716,0.00332392665307646,0.00278173066869683,0.00159285771953031,0.00213272920291359,0.00281058366673043,0.0052498211179038,0.0021191797091845,0.00169459746968674,0.00174346919711638,0.00173452234701032,0.00212389943858988,0.00132609881530172,0.00133708000131142,0.0012696431038434,0.5,0.00187643957475143,0.00291896136528979,0.00141093602113913,0.00195195193538589,0.00303145462685878,0.003013364389184,0.00311865246984612,0.00333284681729214,0.00171667091675667,0.0027151307971506,0.00334771537214456,0.00174369267438765,0.0038842648217565,0.00193257632362142,0.00171137752427641,0.00208302797933435,0.00126057341786461,0.00119543077526031,0.00163947016861927,0.00194358913642207,0.00278294882053046,0.0035767789110768,0.00233900731387976,0.00221122206652575,0.00118938180605338,0.00172121173211186,0.00199647426626999,0.0025708833035422,0.00338667226574009,0.00170943048020688,0.00229841499852253,0.00577938720246674,0.00126791868069586,0.00289566034829501,0.00126973130835233,0.0019218121625018,0.00242469054587696,0.00345234354845776,0.00318385674004508,0.00170790582187159,0.00154181580563476,0.00186282682692525
"DU0036",0.00428574396552439,0.00323624271167112,0.00169405233620638,0.00318690793876309,0.00118155150027079,0.0031689557491394,0.00138465934562721,0.00121261010407012,0.00125295617146401,0.0038284142729918,0.00162887964416937,0.00363125095058423,0.00364343786304173,0.0040486732732125,0.00384476764172194,0.00212727671490097,0.00356126565463407,0.00139369463448441,0.00166607498448999,0.00146121187195389,0.00374608956888003,0.00145900052408415,0.00313793431859586,0.00162861818454744,0.00222589186209271,0.00164078968346626,0.00115282136310896,0.00164787597558117,0.00234154183427686,0.00311959569119377,0.00369328534735391,0.0014558813969921,0.00374740997327033,0.00380247158052232,0.00394063338042714,0.00381878532597068,0.00134192995411049,0.00138135221090728,0.00116209573161795,0.00179950653906525,0.00165532794812583,0.00344455277388149,0.00149772147901357,0.00183719989875665,0.00319608968059401,0.00337991791397808,0.00157039987366571,0.00122857817483953,0.00138391665580462,0.00331811561960411,0.00204706678406595,0.00340285186918724,0.00319741879348254,0.00186435349571217,0.00344237715397491,0.00250287449845586,0.00426378607200668,0.00235861129292004,0.00282288958758547,0.00314441978578337,0.00393033416678579,0.00118422796755931,0.00165046583364579,0.00124620271012792,0.00388052937103043,0.00118179516519612,0.00120382597313262,0.00318971121334692,0.00349413137816698,0.00147650834299143,0.00147599405446525,0.00157809947603251,0.00121605793939232,0.00312799869418012,0.00211346012959864,0.00141981480112814,0.00382632378252609,0.00146477617425963,0.00210559496250832,0.00183862914163374,0.00393941902872913,0.00359444308937797,0.00381614361008461,0.00327194983564193,0.00112483469864767,0.00317468314102933,0.0018592936727992,0.00218964352980181,0.00235825544462135,0.00158527182378431,0.00137355521819779,0.00126216631114061,0.00144878320672619,0.00213200017643157,0.00377379901379095,0.00320271143516412,0.00119262982045217,0.00366882886743741,0.00123170901140736,0.00118538415448322,0.00114510102297757,0.00367190973184531,0.00363461332694814,0.00134399653743937,0.00367585432858938,0.00151007212642896,0.00135445202004455,0.00116710675418234,0.00137956757901512,0.00216450964980066,0.00183525662599968,0.00131652083715292,0.00141507650937662,0.00355758174058156,0.00356567171271281,0.0038926601448081,0.0039024102466302,0.00372137564796193,0.00371110701156114,0.00319920992642274,0.00342503972756302,0.00178497391641271,0.00345975050394322,0.00410717854881391,0.00179581263431826,0.00166480815822756,0.001891468665549,0.00123417152217689,0.00319334139625426,0.00177073266917924,0.00181063794303476,0.00118210201759015,0.00324082648083081,0.00111875478715252,0.00366493532061764,0.00306993490299297,0.00127794022582406,0.00124549602238859,0.0015809809210835,0.00226133514164349,0.00171174954243556,0.00333234655949221,0.00359647133209566,0.00307528255106361,0.00129037035521521,0.0037483305426571,0.0019752896288318,0.00105964392639767,0.00346977823096237,0.00318389033406631,0.00165895372640683,0.00123230237080602,0.00366899382739705,0.00142590756711574,0.00114159660756438,0.00355911220664806,0.00171882154727441,0.00172350129526497,0.00201317924996237,0.00237997455209648,0.00214208781407763,0.00124136624671553,0.00121212177347252,0.00160435216781238,0.00206886724756939,0.00207969479434102,0.00378759333817935,0.00360242913795089,0.00167309836026721,0.0037493355884811,0.00124048009607808,0.00137816657784115,0.00120369236450083,0.00305590271372706,0.00187643957475143,0.5,0.00241922928057583,0.00120710199463658,0.00362721055578625,0.00148403124845133,0.00144625620319896,0.00215181046166031,0.00201850735687505,0.00379310304258137,0.00194535166021437,0.00141808706554655,0.00130013207034717,0.00121597928240929,0.00151731776913425,0.00310791745828037,0.00122966655307966,0.00316204541463802,0.00136737116665591,0.00184793195236095,0.0021522279912755,0.00119795516818125,0.00126615852989734,0.00184435104922559,0.0017242715474317,0.00158706892057094,0.0035156202504651,0.00165475996409382,0.00133114506986878,0.00151102445088219,0.00361546690847753,0.00204687500351738,0.00130202766216464,0.00325006008674371,0.00163122957499112,0.00313157793745418,0.00162158797307603,0.00160449066192085,0.00138946014939643,0.00174840088677319,0.00117858390395008,0.00155740867623724,0.0038027295617027
"DU0037",0.00233689879003471,0.00145424603747116,0.00329525535013089,0.00163935386318075,0.00253558543800933,0.00166494063662003,0.00292526182206686,0.00140145382139207,0.00256970450799272,0.00192991976046162,0.00310952398671533,0.00182293845332319,0.00183159093743147,0.00217424066996587,0.00199156473314366,0.00198242038390341,0.00179754952642293,0.00165747426652501,0.00297178583018139,0.00164638918237748,0.00192670729730003,0.00162103213309146,0.00138007309770724,0.00262514923549135,0.00325536414975769,0.00313384056516983,0.00270084276420138,0.00324140762785215,0.002164150915182,0.0012978634522725,0.00187029477879692,0.00257611108293486,0.0019472149286192,0.00199226688876142,0.00202613255146965,0.00197962990493198,0.0026303275619463,0.00296552991777507,0.00291961906662981,0.00307861440280293,0.00276473321457278,0.00173314600238006,0.00316733395664364,0.00177633233619584,0.00162516804194445,0.00163179824831152,0.00311175461654241,0.00198164107750833,0.00181217097658005,0.00146335590318091,0.00238043895566809,0.0017144741837505,0.00143483978148572,0.00347558837858407,0.00175606099304928,0.00373687780158799,0.00232382640812088,0.00396278113959,0.00394423229458254,0.00135033701855258,0.00208452085997281,0.00166728712134909,0.00195271127911624,0.00178370843350798,0.00197352628271428,0.00289003074366988,0.00184570771023876,0.00168134999013116,0.00174174322549143,0.00173775463425099,0.0023936564681342,0.00265553423374355,0.00167219735386516,0.0014365651968121,0.00194737108775441,0.00334967600692525,0.00192819686992051,0.00196325298681241,0.00343360154660688,0.00315666852911803,0.00202511415292679,0.00179587116039926,0.00192068235807288,0.00169439918263203,0.00292528179058856,0.0013964642162994,0.00326822276474899,0.00381867158862913,0.00307510719475911,0.00282562723627456,0.00296626151511964,0.00283314108588156,0.00314566674734361,0.00197268251385181,0.00195006887654004,0.00145287309724541,0.00183517009217111,0.0018914457638763,0.0020534565419867,0.00165544100960494,0.0021765747223337,0.00190237753236998,0.00177341917906478,0.00195107799274966,0.00186043440706774,0.00197331542420443,0.00298700374133711,0.00215847711100958,0.00197816747005305,0.00377207049497521,0.00315421256562132,0.00165235133287054,0.00312282365845755,0.00182536252309601,0.00181747220583155,0.00198459481812875,0.00203986814306486,0.00189201876747379,0.00188485278073036,0.00164088427542233,0.00173557813565764,0.00327075454316981,0.00170181043100343,0.00221562524929436,0.00173057033203082,0.00261826143702978,0.00318500405063738,0.00287443300870841,0.00165045584814882,0.00337163547953162,0.00262048217616516,0.00277587664540464,0.00148408895899879,0.00200606453586212,0.00186887395019923,0.0016530444127145,0.00275623290637774,0.00321638096832341,0.00301218582160624,0.0035669892739123,0.00314595247386528,0.00145191791824638,0.00181620048792628,0.00143712684323775,0.0031182036685622,0.00191397277601429,0.00193740426985619,0.00158073927868234,0.00173509274860344,0.00168056575185161,0.00169671009349965,0.00255922325202671,0.0018864588385302,0.00261574949292462,0.00218318240066573,0.00182287227836958,0.00148773663840947,0.00318851910152715,0.00298015852729295,0.00390814259713625,0.00371507317151642,0.0031477044786902,0.00238769231381482,0.00322663265312642,0.00348586637152261,0.00308117946936174,0.001897313185034,0.0018722146192206,0.0019873620540624,0.00190179296065153,0.00188135934582163,0.00190297985182909,0.00171357379343011,0.00145177214366615,0.00291896136528979,0.00241922928057583,0.5,0.00183689454289308,0.00184811097345358,0.00325249132592307,0.0033297522642203,0.00378434569926934,0.00336694284921185,0.0019951132859527,0.00355649246536696,0.00304729815102143,0.00190235592276665,0.00275070355320616,0.00158087426279111,0.00163330401094665,0.00287481860421568,0.00166681577839716,0.00158653017124701,0.00182592722023398,0.00263855992884936,0.00336249246331988,0.00276722180469098,0.00291536236705224,0.00297415088119031,0.00148493504180304,0.00180826836539188,0.00288627970406803,0.00314328265759524,0.00327478703107686,0.00186748696747684,0.0028105049058307,0.00252335460589561,0.00163113224996418,0.00322114625906128,0.00145312048948213,0.00161607784575418,0.00345197792020709,0.00298076230261564,0.00330778427940857,0.00170555294868999,0.00200722262710508,0.00191891028528223
"DU0034",0.00154000360305623,0.00157690536324456,0.0025325485948416,0.00194529148524791,0.00322242316559819,0.00213367166716112,0.00208910974562149,0.0020829542610039,0.00156360985717248,0.00119069037785942,0.00217300905789702,0.00160451766899593,0.00162727142982395,0.00154397924005654,0.00133683902400998,0.00162147520246998,0.00156064155585974,0.00246738081631016,0.00305934229498406,0.00205049879613693,0.00124724402956852,0.00199054329212863,0.00135633115491139,0.0033360629533332,0.00229798392426658,0.00185288451383378,0.00179211205286018,0.00224822870724761,0.00136500360436033,0.00190399219033821,0.00148326966951543,0.00157986859935635,0.00179738644515509,0.00138216678268988,0.00118889232519433,0.00151469682736093,0.00328954061621236,0.00210360230455938,0.00217309992679396,0.0021779893257719,0.00293758450470246,0.00173358407981143,0.00216118787592812,0.00192440025314867,0.0020735828839881,0.00216224897988016,0.00267918171670096,0.00405685176325258,0.00461025509891317,0.00181687463951255,0.00509408497028804,0.00188301673776018,0.00174933217779759,0.00217962919528102,0.00188395215218531,0.00227098761861965,0.001563832566961,0.00196727642500693,0.00153342100270961,0.00131322287813868,0.0017106089357923,0.00545424594354153,0.00444221002347219,0.00391218217785045,0.00119039727777453,0.00248621579354862,0.00403919940583688,0.00207282785587808,0.00177620922705706,0.00538616970542489,0.0028907879383356,0.00311900826482239,0.00558777349642038,0.00168372625998236,0.00127951006546259,0.00212515682715051,0.00119072150992152,0.00188554069279598,0.00189201604633341,0.0016175927681775,0.00118886377475523,0.00153534687568578,0.00118990282550416,0.00193328534325965,0.00171975080595942,0.0014029614027215,0.00210055007352746,0.00167121449881309,0.00316854430997661,0.00157505533296347,0.00183301669344837,0.00171699561912487,0.00212527386189292,0.00141229515476378,0.00158351165356294,0.00172758767267326,0.00531362604051638,0.00142006539478416,0.00498922978851231,0.00608626221142995,0.00338219285776221,0.0014333676628843,0.00120046032819502,0.00563797695770706,0.00153003412462271,0.00531553454595535,0.00283415374983753,0.00390060635772121,0.00550242101490318,0.00180222271325809,0.00213469139268061,0.00237424447383465,0.00266323730181366,0.0016785591970223,0.00156969252252179,0.0011895407683203,0.00133555167594662,0.00153061903071039,0.00149788167730597,0.00139881401355917,0.00178354966742451,0.00170771573577629,0.00195406756365469,0.00134507892546343,0.00159189230944656,0.00315945138954885,0.00212462897782788,0.00186350257902903,0.00211147165174748,0.00163325901258906,0.00342346901391654,0.00281281302041793,0.00144505189135449,0.00365849814909595,0.001767378277569,0.00182651472294546,0.00165694289385863,0.00272676427176789,0.00200544132230241,0.00195205038230016,0.00178518994606934,0.00150722920481513,0.00142659023373392,0.00166886360192085,0.00187706462159949,0.00153602405740135,0.00155721770627467,0.00510609876403196,0.00216689580954301,0.00222048934312619,0.00178800823928458,0.00282339119035308,0.00190627962173296,0.00288546516147863,0.00315803461444395,0.00142529651656857,0.00178978075094285,0.00206901805073913,0.00176621802601591,0.00195593048991629,0.00162262685271345,0.00269660750358006,0.00425935825022636,0.0023591364611124,0.0022222050917991,0.00186293039834394,0.00118963572953098,0.00144022605471601,0.00470125339642327,0.00124222176006133,0.00441000814177644,0.00454879991608087,0.00546552098691062,0.00215514495749077,0.00141093602113913,0.00120710199463658,0.00183689454289308,0.5,0.00124218882772939,0.00213120573757306,0.00184222262677219,0.00199678395531136,0.00154239651974563,0.00141645881296284,0.00229753374665767,0.00194365522039314,0.00547547216540378,0.00178373069224528,0.00217762327970585,0.0017729882291108,0.0026336020059853,0.00193758367516865,0.00187587586520046,0.00194897382402333,0.00447281330992285,0.00229816229896961,0.00196556188030197,0.00309439652928052,0.00261246887415791,0.0018149136780276,0.00146273649715585,0.00299721770508984,0.00270372278673528,0.00181083265193009,0.00184183848422256,0.00302892530496693,0.0015348610759426,0.00239628155097553,0.00213623386531243,0.00244004464393143,0.0016563009326646,0.00293645729205883,0.00214619903849759,0.00225315343629048,0.00533770587514339,0.00566306409293134,0.00124326194525005
"DU0035",0.00356100390970552,0.00297105615964321,0.00164863420567065,0.00296210940218383,0.00170218211929139,0.00310482816986799,0.00176845449008095,0.00203403775585706,0.0013251122985267,0.00342952723279061,0.00167497819343096,0.00340069966862769,0.00339182625188837,0.00346001591916261,0.00344201802293555,0.0019277212515505,0.00341230569475665,0.00143543146128909,0.00168505826478679,0.0016210976318167,0.00357103588892185,0.00169900543240744,0.00300618532397572,0.00126637951128598,0.0018628908834181,0.00142289402690082,0.00175421303961322,0.00166550956766173,0.00183957605220451,0.00299265157052781,0.00341826556408223,0.00129354942810075,0.00345897175613826,0.00346359186217309,0.00343413722119491,0.00341519050017468,0.00137658843893811,0.00176721228062045,0.00248423104902185,0.00177892044487778,0.00170351519938571,0.0033843480160373,0.00169418345323607,0.00180167457326234,0.00331808386466113,0.00333425323046134,0.00162139457461875,0.00124545572373686,0.00125997193184919,0.00354205962209144,0.00185330425106604,0.00336627642538267,0.00296717651038615,0.00182434896621714,0.00333033951810957,0.00187050700969628,0.00355809122302057,0.00184279362678647,0.00192765695257617,0.00300910687763676,0.00351629012741137,0.00204882340773213,0.00214488636031283,0.00127760317266007,0.00343323109311811,0.00216379055160313,0.00120824549455995,0.00327947287820026,0.00345381663108121,0.00136881089515106,0.0017963950416321,0.00165164876626451,0.00139942070223611,0.0039879184973264,0.00173933989061871,0.00140063813951629,0.00342939762506465,0.00168727160807353,0.00186725487812695,0.00192713798092393,0.00343396634813383,0.00339747197366382,0.00342598096040644,0.00313868176254105,0.00217339771670068,0.00304837030804219,0.00181033434610058,0.00183863907817363,0.00183607884728416,0.00217029281764865,0.00138850770687136,0.00124194066934164,0.00166780846534581,0.00187154103663189,0.00344945551537144,0.00308900830245034,0.00137947126604446,0.00352711684441219,0.00140195050614181,0.00122399753941185,0.00246971895659316,0.003509161078332,0.00339763204917727,0.00156892031917798,0.00340173063977284,0.00183770492196091,0.00158115250087272,0.00231061356145857,0.00160747915734438,0.00184988382285593,0.00185653743897371,0.00129190271166921,0.00164093583966055,0.00346144810738277,0.00395174602652907,0.00343171389343506,0.0034417024488209,0.00339953651162047,0.00341026973471643,0.0035381056688788,0.00369219257084085,0.00200141285655382,0.00313336959976607,0.00348640279240945,0.00173081058119867,0.00168008542026395,0.00183222383257734,0.00246529381169936,0.0029740661008187,0.00174360975467516,0.00177039353579974,0.00121520930891805,0.00352464160172631,0.00297334225064638,0.00353738298594182,0.00315973432994217,0.00124941609433152,0.0013921725945226,0.00139402306637241,0.00187421538267773,0.00162173733791894,0.00414696164244855,0.00348878995234857,0.00295840134746601,0.00125467074998339,0.003424903894561,0.00249077728370748,0.00310510208627424,0.00337136019086546,0.00330280617970053,0.00168960019427491,0.00140595555533765,0.00348331268981041,0.00157904967809069,0.00286648480946944,0.00347868476566587,0.00142878657988178,0.00176543733596282,0.00176793471286004,0.00179764711378807,0.00173725404432737,0.00125011110929335,0.0012566097676071,0.00165744188624158,0.0017438345607752,0.00189160983024025,0.0034234644399625,0.00350305773987255,0.00173664424085665,0.0035737619981151,0.00125052250530294,0.00162743743090967,0.00142055919426957,0.00297482620032686,0.00195195193538589,0.00362721055578625,0.00184811097345358,0.00124218882772939,0.5,0.00231857710295526,0.00142004926553342,0.00177112838271542,0.00191668795148276,0.0035351570703451,0.00177658648542817,0.00141750589101192,0.00173689718635679,0.00256293986617525,0.00161127629605905,0.00377686399114973,0.00123917349925223,0.00328711203837211,0.00173542258647133,0.00177515015215224,0.00181697697897497,0.00196532171812083,0.00125137398583502,0.00178498534489222,0.00175294380959833,0.00136427479524314,0.00351140538649089,0.00165779018424414,0.00182825015125116,0.00171999032599986,0.00347658909498573,0.00177594657175622,0.00126321380981902,0.00336415713945436,0.00142233447874127,0.003193784101713,0.00129691615547335,0.00144202333106078,0.0014273294731324,0.00171942076348983,0.00121350681124611,0.00140114577932347,0.0035974355900476
"DU0032",0.00152643511878381,0.00150814804044801,0.00305975297541652,0.00159548600653604,0.00319354209318009,0.00156914422921999,0.00330250446223736,0.00249471831341904,0.00287217675689104,0.00116243079500244,0.00294898719083559,0.0011554261651382,0.0011497751528799,0.00116545846043434,0.00115841262553789,0.00132825879559943,0.00127212538734799,0.0016618976151636,0.00294306459895508,0.0015684729693721,0.00134707359388636,0.00162714028761296,0.0011720567877163,0.00249395639142914,0.0026262347202546,0.00301184766170303,0.00369921300521981,0.0030879155489793,0.0016006918509221,0.00116194597842957,0.0011573650919214,0.00262125956309977,0.00116736280338123,0.00127965279907756,0.00116246307905038,0.00115741050865767,0.00261542356947695,0.00333070946188362,0.00546510349182276,0.00281221108647697,0.00277846583205866,0.00157187418852801,0.0029124381424694,0.00135282543031517,0.00158231779061054,0.00153902953191377,0.00317926013996182,0.00220910289628392,0.00171473176713867,0.00172750987291155,0.00210037683023663,0.00136946907795178,0.00129400986581159,0.00316581070310001,0.00136654564884833,0.00274429610926923,0.0011816713614502,0.00321539303807606,0.00318307505798538,0.00120293671418035,0.00131040063060137,0.00293683271207726,0.00275825471842161,0.00188463064040973,0.0011629456534108,0.00428322663850969,0.00182694014741316,0.00138519768468571,0.00135391693014853,0.00221512499258424,0.00298971138182193,0.00277508992475473,0.00178814466510921,0.00312368273825682,0.00119311376433896,0.00320813630435724,0.00116243245627091,0.00209752094060648,0.00310969287490186,0.00315928497985032,0.0011624333518342,0.00115713211136319,0.00116154436939548,0.00115708390982145,0.00440697441217304,0.00125529348562884,0.00288166742930982,0.00343702162373976,0.00232766717062325,0.00403014149567715,0.00319278125025339,0.00286342548167887,0.00299734288904619,0.00121285499630117,0.001170975007235,0.00134054007394092,0.0020019590095978,0.00134479288639452,0.0021803948168365,0.00178754199420431,0.00456682299420311,0.00138455694616726,0.0011610440242591,0.00187876518391029,0.00115609492119887,0.00253147938691354,0.00317190987642567,0.00425834879631388,0.00189167959700191,0.00319261478861667,0.00312583933239269,0.00165973601165301,0.00297134844241229,0.00135678967753335,0.00229055284816513,0.00116231505128539,0.00115954777167913,0.00115107995198381,0.00115424182088156,0.00194648446980886,0.00201816297826812,0.0035060668357077,0.00138663139149471,0.00116916622368125,0.0012508613240426,0.00241586981475783,0.002819878235174,0.00558366086541646,0.00163182770651959,0.00341549115677718,0.00227606892233695,0.00312265961962044,0.00177703544349408,0.00586391762600835,0.00133025587882664,0.00165183715258771,0.00284150884104198,0.00330341428703843,0.0031637676405935,0.00303467460506875,0.0027712622092409,0.00367548110753527,0.00137090073198957,0.00148639561902415,0.00314705971072821,0.00115424439124014,0.00262585928690723,0.00566846327641398,0.00156575011856596,0.00159341975114921,0.00171417356960607,0.00302450964405255,0.00132754711418857,0.00246992048061719,0.00569641171734558,0.00137855232104102,0.00184120907275619,0.00297980399151182,0.00237804788253425,0.00311259172190754,0.0030590877774291,0.00329632753751521,0.00257286301964463,0.0032416585211687,0.0028004048066976,0.00259142234117131,0.00116113279481305,0.00134585482148487,0.00180448321502835,0.00136105779075374,0.00226006144030575,0.00199436200015693,0.00200995641935797,0.00157010579935028,0.00303145462685878,0.00148403124845133,0.00325249132592307,0.00213120573757306,0.00231857710295526,0.5,0.00317685102572698,0.00324361496609764,0.0031868421855938,0.00155494522343633,0.00309356154346847,0.00339386950549999,0.00240660562055549,0.00574849290667756,0.00165344260104871,0.00259000699907514,0.0029782551743151,0.00158530983971381,0.00197230516047662,0.00136494740425824,0.00205648937219449,0.00424317707262403,0.00300282797128411,0.00252078347404743,0.00271826511106755,0.00182306494738035,0.00166692176385712,0.00267081989402433,0.00377354574085293,0.00306180314795816,0.00137475518277449,0.00227997118466613,0.00253096970882842,0.00152797672959336,0.00304991684079034,0.00135943813998986,0.00135332004461496,0.00348259355355524,0.00322429908604971,0.00307988264423938,0.00184141003989058,0.00217158076849733,0.00134548280510743
"DU0033",0.00129495991032758,0.00224907335918603,0.00310623542050417,0.00171141807098094,0.0025183563158692,0.00165564790765047,0.0030330363033735,0.00144376832080532,0.002709428516919,0.0019692810972482,0.00308087399037558,0.00189047057123028,0.00185935987155028,0.00170919753720261,0.00183264818649667,0.00190062559325565,0.00194908165567428,0.00134393605820829,0.00284145473899195,0.0016784901811334,0.00165526844487168,0.00167306347095439,0.00241410540329644,0.00256574979145729,0.00251243196048945,0.00374290582890684,0.00271951102809259,0.0032014873317643,0.00132174422242263,0.00224143352700436,0.00197875636342236,0.00353803458111021,0.00165264009909916,0.00178488345478401,0.00188026433198586,0.00183030751459725,0.00266920792046738,0.00302056614871193,0.00283535524137297,0.0029573637390913,0.00263183192092964,0.00164308704481096,0.00311713771651626,0.00164021967769637,0.00165300056768685,0.00167222709923135,0.00308402214884125,0.00263286828367495,0.0024101675344287,0.00145580712235732,0.00180165790594432,0.00165559600576901,0.00199942889236989,0.00326140839599354,0.0016719466865719,0.00278006554502008,0.00143857265508771,0.0031507463103554,0.00296407214147769,0.00246634253883058,0.00143701260414109,0.00159450919869877,0.00149915322437985,0.0026058921587976,0.00192934394160066,0.00284206134919487,0.0027693608957802,0.00167021450147746,0.00163884891903867,0.00170927931138913,0.00223193569122767,0.00264432218631573,0.00170723771601409,0.00142455358280534,0.00191202965653715,0.00374508698446216,0.0019709710202341,0.0026061301425141,0.00308921516787792,0.00322165579674882,0.00188096780391074,0.00198191223784564,0.00197415555294482,0.00183341266423033,0.00293288459638736,0.00212220279013279,0.00308333843791238,0.00334871760631874,0.00245119113476202,0.00281508604609339,0.00297218681574666,0.00353064261146582,0.00315797410710492,0.00203936205783769,0.00168497239082796,0.00207439437187187,0.00190127770479107,0.00163053727393968,0.00201038679562992,0.00212011253077632,0.00215969207222629,0.00160895839280293,0.00199061820092296,0.00196550748620185,0.0019123085524711,0.00194612721843095,0.00291878021389549,0.002092465250013,0.00193983873398462,0.00330981173373124,0.00279019268198302,0.0023390046227295,0.00306256004382128,0.00165803478891112,0.00142123940722296,0.00191619915994443,0.00182302534174312,0.00186293733774939,0.00192697443331043,0.00195149152162515,0.00161648644883118,0.00327531292766137,0.00173361418757037,0.00171546724746752,0.00201382714390782,0.00255811746266898,0.00302356546928694,0.00289042109853385,0.00164835275911174,0.00312188787859565,0.00255066593508652,0.00269137245544334,0.00178459869378536,0.00195283141413127,0.00160279011287128,0.00169545732032814,0.00379115956664827,0.00314361242078561,0.003782100941775,0.00279025599682512,0.00355608287533881,0.00140443710037683,0.00165955462623557,0.00222737580848367,0.00407492601121192,0.00181751311524873,0.00300329119021205,0.00155422226593197,0.00165290671658391,0.00165629668894929,0.00169092940092176,0.00310802955361476,0.0015979063466215,0.0031318142197412,0.00211363871218984,0.00168476088622365,0.00135595331421746,0.0030888220000145,0.0029800123525666,0.00326727678493633,0.00360629218836589,0.00324494402594539,0.00216880218853192,0.00314396856061164,0.00315593341614515,0.00272621385199724,0.00199610320084632,0.00166510626036777,0.00194911401892687,0.00160179588023158,0.00279636223045415,0.00195938299102835,0.00190525329134609,0.00173053568266542,0.003013364389184,0.00144625620319896,0.0033297522642203,0.00184222262677219,0.00142004926553342,0.00317685102572698,0.5,0.00340098320677346,0.00292494310239263,0.00162656986738304,0.00298713887041897,0.00388925824088002,0.00189944279593993,0.00277193711971358,0.00330789493161235,0.00162675419494163,0.00312904769629355,0.00172871111599613,0.00160282253800026,0.00130786273438125,0.0021100888771961,0.00332127324435758,0.00375253518133936,0.00262842953296543,0.00279296165962427,0.00133472085934126,0.00165247712803449,0.00271689943880866,0.00305852419927174,0.00340189937638126,0.00143889628524508,0.0025408731646878,0.00372011846478641,0.00164567739661164,0.00372597551983075,0.00143491993483773,0.00226827686490377,0.00317839045842021,0.00301197872406919,0.0031917783848521,0.00203452976706948,0.00202549326149142,0.00162561810558403
"DU0030",0.00215799302035498,0.00170068936552441,0.00323176261022974,0.00174455756418687,0.00268976346464694,0.00168460390153003,0.00306178434740101,0.0013803316212186,0.0025942013575017,0.00207850825674742,0.00312375271961035,0.00189623434269019,0.00189433662407902,0.00211158316700129,0.00206607462916189,0.00212256054519547,0.00183596032631934,0.00126267119051897,0.00251735147556082,0.00125385431308501,0.00185428849159363,0.00125522554580316,0.00148211744600173,0.00258367215636298,0.00312927956504609,0.00333052367299551,0.00278537348141242,0.00326215704183563,0.00188562447733141,0.00141891688665654,0.00195386490389534,0.00294853433505548,0.00192211655763818,0.00201914853171827,0.00212919844523737,0.0020596415679849,0.0025797000264583,0.00297310911125722,0.00279257185000881,0.00303666281834522,0.00265166204750679,0.00164856103394388,0.00316395427501105,0.00164882379316439,0.00129154230127281,0.00129014637560641,0.00273022592543105,0.00231995963925817,0.00187151540554188,0.00131398702444741,0.00233889761367373,0.00161526542626193,0.00144874882866787,0.00344462508414336,0.00167933894687299,0.00340786943755569,0.00203323429887625,0.00378986337144761,0.00375525928573071,0.00148813850693638,0.00196196886174702,0.00160657274374563,0.00193230185374607,0.00194156305004979,0.00212281529475852,0.00288136343635886,0.00189039921683629,0.00167986534130074,0.00165569027295782,0.00191077886976197,0.00239488633368205,0.00237489380099747,0.00152176028755116,0.0012875871999498,0.0020462799522407,0.00338456068480151,0.00207676545725671,0.0021474527643042,0.00346680007875496,0.00327322573159467,0.00212898299780455,0.00187457562775506,0.00206902152597349,0.00172208324436276,0.00301889238850409,0.00169066698097531,0.00329305964724862,0.00378128440923206,0.00292391120108099,0.00316298132944362,0.00290053104869785,0.00301218753712572,0.00320612360813744,0.00207755855597322,0.00200439064507475,0.00174561662907195,0.00149924943315832,0.00180682192319901,0.00189232735008314,0.00201398388488258,0.0020505790288538,0.00187392822302051,0.00189708166251352,0.00209604080554909,0.00193991215386432,0.0015945137971239,0.00291178832963678,0.00198745737004718,0.00196117350520855,0.00371350729846612,0.00326240771038614,0.00168122982512964,0.00309014404405542,0.00171156843247521,0.00179904935565086,0.00212425496642287,0.00209268588850341,0.00196125732078829,0.00196740485257971,0.00173867039410157,0.00170258688414816,0.00340873081534513,0.00184039088154004,0.00213940630104197,0.00177488420290993,0.00263328476708242,0.00322007371545519,0.00297235105359995,0.00161583864045597,0.00340936664527146,0.00265416668020646,0.00277398305574873,0.00174205615608202,0.00195062146323167,0.00177112214138163,0.00164833824873033,0.00293443778744458,0.00283462659218631,0.00325400271160017,0.00348833659273506,0.0032348451818304,0.00143310785053486,0.00170581699161946,0.00164353015474217,0.00320355741239464,0.00198231920216067,0.00197216136218412,0.00155668620333431,0.00145119615440951,0.00164269297177963,0.00159530570886747,0.00269723443164786,0.00180685132506919,0.00263045389156423,0.00215373616653478,0.0017038979875106,0.00141388681016971,0.00315233732784915,0.0031270800705309,0.00374655949530754,0.00388488988747536,0.00322467963963264,0.00233777526615518,0.00314782531170165,0.00350959576786133,0.0030504226052452,0.00204535808658009,0.00176448617075532,0.00196496990918088,0.00186824797313188,0.00227777426445483,0.00184823608434473,0.00153882939723635,0.00168011599138154,0.00311865246984612,0.00215181046166031,0.00378434569926934,0.00199678395531136,0.00177112838271542,0.00324361496609764,0.00340098320677346,0.5,0.00345867246540768,0.00190483112599385,0.00350111500480845,0.00336290939675197,0.00169089983431247,0.00283723123746276,0.0018313076316499,0.00159371174443349,0.00311667031363919,0.00167295252033596,0.0012121254871365,0.00176401530774075,0.00250010893992933,0.00315815659704288,0.00300867824578972,0.00283895195326634,0.00285179177878169,0.00135727645822686,0.001714131250036,0.00281300696420166,0.00277382388295854,0.00340304059122292,0.00184053902341192,0.00282404697589003,0.00273483588353775,0.0012869283164247,0.0032943221491409,0.00128749245393254,0.00166324047418472,0.00306251360774621,0.0034100475929023,0.00337479038454548,0.0018948413065579,0.00203479976932198,0.00187342368764096
"DU0031",0.00196749822093461,0.00144783615086067,0.00291238182059638,0.00129299074632186,0.0021217714586321,0.00139400427170074,0.00285500166085632,0.00129498849203997,0.00366077253343086,0.00190175441922576,0.00312022046494621,0.00183167613134138,0.00181937902365217,0.00187977183909421,0.00186391198467742,0.00202749258686757,0.00177934409897242,0.00140075965771808,0.00256303227788821,0.00137384698766047,0.00185569851101414,0.00136857990647017,0.00133423049639186,0.00211264615840124,0.00279994554263284,0.00322762895540017,0.00443865819989421,0.003206151499127,0.00205359774404069,0.00130882481856245,0.00185574588748347,0.002930557467498,0.0018144424741152,0.00182568895027395,0.00190399904733448,0.00184861323448029,0.00266853668606418,0.00305349469709808,0.00259756242923277,0.00314150677440166,0.00239230754826294,0.00162202943160445,0.0025823214000075,0.00173099570509808,0.00126665408561651,0.00126389070213128,0.00243542578705612,0.00177245535215382,0.00146783909985197,0.00241069096337798,0.00240538746839674,0.00159934762072635,0.00127104361622337,0.00344966016185361,0.00144690627651562,0.0030431625873084,0.0019038559015869,0.00350170589017221,0.0036344680771587,0.00133894372020654,0.00184426929898577,0.00241274400147283,0.00195474430514506,0.00167516883167143,0.00190314669094311,0.00246058757277908,0.00202346075275731,0.0014367948684768,0.0017070763103596,0.00254137261301478,0.00336555138791543,0.00228999969939203,0.00144224171448203,0.00157160715091788,0.00185851152616393,0.00284004788952655,0.00190174790255375,0.0168645627756099,0.00304425210923739,0.00333414727649223,0.00190386862821646,0.0018331276263615,0.00189981327777136,0.00145249876449943,0.00370314468081235,0.00131933421892867,0.00295578236481724,0.00340028972663501,0.00251400883342826,0.00335217499556304,0.00294622288767742,0.00369792171777382,0.00296302715573394,0.00198966372101861,0.00186121859550001,0.00143783091993634,0.00156242816790091,0.00183132098226116,0.00170974209540598,0.00152323852548572,0.00193266915069481,0.0018690148066357,0.00184185279603567,0.00160598506783853,0.0018395577536079,0.00246378157757036,0.00243237570535765,0.00180994128636536,0.00165912990270253,0.00342945948650407,0.00330141595756855,0.00465001644160724,0.00255459904347036,0.00174311778549115,0.00188821423968347,0.00190207893275119,0.00186479139170493,0.00182703760666458,0.00184547069619018,0.00167773177975357,0.00172715234584903,0.00342007475207598,0.00147265514412137,0.00190320263055826,0.00177124935481434,0.00237128240374565,0.00325787338427125,0.00297857422485579,0.00127881321847719,0.00409614506413508,0.00234290648775935,0.0033615678151163,0.00181230295445661,0.00188396272459636,0.00183233914363065,0.00129038486820456,0.00330179588263011,0.00253096035074613,0.00285814476938864,0.00308574290778493,0.00315612793851451,0.00165501219392708,0.00230756443075449,0.00131139520197389,0.00276872930769732,0.00184523339415989,0.00241961803480793,0.00159976028531898,0.00160554777429441,0.00144396494286077,0.00146051078701951,0.00225936718051524,0.00182457726984531,0.00216848275844998,0.0020300134675343,0.00172764308705501,0.00219815496508436,0.00321616009764871,0.00309281810938045,0.00368163775447072,0.0034719889110124,0.0028654878379413,0.00180580721994807,0.00263640007737156,0.00302356670927975,0.00310718078391502,0.00189911087015254,0.0017805845297303,0.0018542477183123,0.00192716138667139,0.00173123495996557,0.0021411840033352,0.00145341192718753,0.0012726991422815,0.00333284681729214,0.00201850735687505,0.00336694284921185,0.00154239651974563,0.00191668795148276,0.0031868421855938,0.00292494310239263,0.00345867246540768,0.5,0.00184309571306645,0.00315629707802748,0.00326661136033521,0.00160775939348834,0.00321941608736178,0.00182462262529071,0.00143297984917855,0.00240023414648521,0.00139794985539253,0.00145800326574191,0.00177076618102622,0.00222324942733723,0.00276333546806438,0.00286888800611554,0.00257928531341534,0.00257738946740111,0.00261114610862328,0.00177847372622392,0.00230899946951116,0.00262258169317038,0.00305680920628942,0.00181416384592992,0.00241444305690766,0.00275177376339413,0.00125751695962346,0.00290802267991472,0.00126131605540696,0.00132774044348352,0.00308054821193819,0.0030647398298785,0.00328557372154738,0.00145867338283962,0.00166602035517451,0.00191600267265535
"TT0020",0.00373259717517195,0.00298915952009391,0.00175003027304246,0.00315604496735419,0.00158156369274618,0.00336697118918879,0.00166627564780177,0.00139555704672254,0.00170774345668076,0.0035479495468797,0.00177702405091093,0.00347820267454466,0.00348489791428752,0.00363814228212595,0.00358332272418899,0.00199193452111359,0.00344532472096729,0.00179298291016891,0.00175740439379195,0.00180805006002281,0.00373687679750266,0.00187619150417913,0.00301949856002656,0.00142260653322539,0.00203395609708783,0.00140864419184496,0.0012840505254643,0.00176565211036252,0.00206927653115506,0.00309609026388052,0.00349119680672519,0.00128129641423856,0.00362289711419109,0.00362245653853168,0.00355973477135888,0.00357798311285781,0.00149930564933146,0.00178424934541862,0.0013370230623556,0.0018816990116758,0.00186030912395828,0.00357059509738207,0.00178470497792139,0.00196804276255964,0.0035439096461031,0.00353926257122838,0.00179985722142314,0.00123652721951092,0.00142936053054905,0.00355083221043064,0.0020454991243377,0.00356484881038522,0.00338607543075194,0.0018702535258889,0.00347564958960879,0.00204217321851378,0.00377096711937364,0.00200935079660649,0.0020518664991307,0.00301913333034468,0.00372615627839935,0.00173285860696089,0.0016432189698968,0.00139604286182613,0.00355706430222752,0.00130221523115746,0.00131387760627865,0.00343564985291892,0.00362117362192454,0.00138692029332174,0.00164602587794985,0.00185625002027496,0.00186344414278189,0.00333583614853082,0.00186971709701459,0.0015954643088253,0.00354634823760259,0.00128726817482966,0.00185845865019781,0.00175166205906147,0.00355951648119519,0.00344588224242156,0.0035380273805195,0.00338285797942515,0.00132031529696907,0.00305745445610307,0.00181087325710434,0.00206001014278724,0.00193354122091637,0.00139330859615478,0.00140256292984799,0.00122182526134788,0.00183208250922763,0.00195962445737981,0.0035830000663716,0.00328915243874806,0.00176279706089174,0.0037460807382336,0.00169070497198156,0.00138010684248935,0.00155951327026082,0.00364061094223775,0.00343754252229495,0.00165655927107732,0.0035072152982571,0.0016252708556998,0.00168501761613363,0.00156640871033958,0.00169848704980706,0.00206594219564675,0.00181790841997472,0.00173090366571735,0.00178537876662533,0.00363547038693894,0.00346444304184616,0.00355576295918505,0.00358323647871234,0.0035364936053689,0.00351712384396413,0.00310391492933967,0.00341388889281356,0.00172419618390672,0.00317153793786503,0.00362947025885239,0.00171932070794065,0.00173615819825174,0.00193723922087192,0.00127285497254579,0.00337047561086437,0.00173895187248823,0.00180647610252838,0.0013212641254174,0.00344676800415633,0.00119375490653558,0.00365214686121442,0.00348218446319676,0.00122500525814151,0.00167444504732238,0.00126496237743427,0.00201274930077645,0.00143701073704021,0.00313192378306552,0.00353641518935447,0.0029799052091023,0.00123830176767836,0.00355609630092431,0.00188324222431561,0.00116069863294829,0.0035095046596672,0.00341289297629787,0.00169059058664876,0.00164560847417884,0.00362989033400611,0.00141139447246954,0.00120208405063278,0.003646885526963,0.00146107816696848,0.0018934746633823,0.0018901444265134,0.00197152480546834,0.00183602410231207,0.00162227707623664,0.00141386793499742,0.00181227845874254,0.00190532222798208,0.00212247015915691,0.00351603175138457,0.00370063656178002,0.00187698695250459,0.00371238463251225,0.00123008406203153,0.00177725003583139,0.00187276618768185,0.00317323217430227,0.00171667091675667,0.00379310304258137,0.0019951132859527,0.00141645881296284,0.0035351570703451,0.00155494522343633,0.00162656986738304,0.00190483112599385,0.00184309571306645,0.5,0.00189681424504041,0.00137472400281794,0.0016245669525225,0.00125800385728698,0.00175208334389172,0.00331326487771159,0.00161151069746871,0.00348120578442692,0.00183393926633499,0.00185696945060138,0.00203099577245364,0.00165366599840064,0.00137971849987356,0.00183624101182343,0.00191487924706328,0.00145113237704882,0.00356622363048345,0.00174853519904889,0.00160342591331717,0.00173161434459159,0.00357357679498776,0.00191356635120516,0.00124418008296048,0.00352424176432601,0.00141015779014439,0.00352637519934515,0.00132875748501556,0.00149014977464189,0.00141011269002991,0.00179532021654822,0.00158618431614434,0.00162549007208389,0.00373557814229115
"TT0021",0.00194773006517157,0.00142336477750063,0.00352743578597272,0.00190619764390318,0.00269286277129162,0.00178045365596056,0.00280929676830067,0.00146918604275851,0.00243772202119725,0.00179509461225415,0.00296801491943118,0.00186945235072645,0.00188238304579495,0.00190146300174798,0.00183377247752934,0.00196954816916547,0.00176074633542435,0.00182058398150922,0.00320143816204102,0.00179071952513436,0.00184587238633894,0.00176763375649912,0.00134549032991434,0.00270923189150243,0.0031952888284135,0.00278855067153367,0.00365255884999569,0.00315246994019879,0.00188525521319343,0.00144269072442576,0.00181954147812722,0.0024049917759835,0.0019743714905542,0.00185702767550476,0.00180321017451557,0.00184989633001047,0.00300678892784949,0.00281614064977146,0.00303273150045689,0.00302364347357372,0.00290360385552158,0.00178942252353999,0.00325356247628568,0.00187750424124976,0.0017650065876504,0.00175094328017268,0.00336038440003868,0.00245483554116437,0.00199952674244787,0.00147801559943455,0.00234471264151672,0.00182247107774981,0.00162175261780833,0.00343268342475449,0.00185860064300617,0.00350793437060182,0.00197835105198091,0.00349075856905359,0.00330451053772936,0.0013172276746476,0.00198716812318937,0.00181868413097256,0.00205896807999025,0.00186864311775706,0.00179914494069099,0.00303876249069659,0.00181096829609888,0.00184891808200116,0.00184641892159899,0.0018483590625667,0.00232758208403019,0.00275888091872049,0.00205933238391094,0.00141641159171806,0.00179541902722556,0.00324754614191067,0.00179497824792808,0.00176582428289737,0.00335712908727123,0.00292741284856832,0.00180303072861207,0.00179324961264254,0.00179270980590615,0.00177320583095092,0.00277934644026615,0.00137180434436622,0.00334173748635827,0.00343812606353956,0.00283413212338909,0.0026637773842673,0.00280781468708932,0.00267329938851203,0.00303861960496809,0.0019268661807154,0.00189715161992637,0.00143847862630332,0.00212193453916164,0.00187268931274714,0.00258072037132573,0.00221818711985503,0.00227509273672578,0.00187503968856585,0.00171111716287329,0.00220178309905871,0.00185014365208852,0.00187836133937645,0.00316229546211014,0.00229836414737193,0.00213860249005734,0.00342467683721459,0.00304056835892357,0.00189490326661861,0.0032983876380485,0.00186511791252969,0.00181201318172442,0.00179881114245742,0.0018344411934729,0.00184865333063176,0.00182838223232812,0.00143575801640405,0.00183939334211072,0.00310944560946249,0.00170097027859636,0.00187399908935089,0.00174565289249539,0.00279545033607457,0.00304976132132149,0.00274050369446483,0.00172742281303713,0.00319116966320331,0.00271933012234547,0.00295713218263813,0.00146001732768405,0.00212304948992558,0.00194177871812131,0.00148288186866786,0.00257703091609944,0.00343860630020199,0.00309698539543443,0.00347633492842672,0.00320259121993869,0.00143283978227504,0.00180105256476553,0.00141949913169432,0.00310915633087231,0.00185955315415791,0.00193520010887498,0.001669500631314,0.00183027603368366,0.00181088384412701,0.00197812232399834,0.00268402602674588,0.00196549430636258,0.00271979870515033,0.00231049174421813,0.00175864265177421,0.00211263591184658,0.00315540983345223,0.00282440389852014,0.00342582934508206,0.00336037432754365,0.00315825557361413,0.00257119098053451,0.00335641376563369,0.00353044987362653,0.00290845134987021,0.00179061565525502,0.00184828977462839,0.00202616182504915,0.0018509345099607,0.00211459653789097,0.00199116867280301,0.00210961493374122,0.00166476123767008,0.0027151307971506,0.00194535166021437,0.00355649246536696,0.00229753374665767,0.00177658648542817,0.00309356154346847,0.00298713887041897,0.00350111500480845,0.00315629707802748,0.00189681424504041,0.5,0.00287376513757115,0.00203163615131793,0.00262149469400448,0.00189318382856169,0.00163064161434506,0.00321421147734671,0.00168892859648976,0.00170029693984505,0.00189897799908107,0.00258520556012223,0.00309216679592543,0.00272314417735582,0.00312498514425895,0.00309846786378191,0.00154323093725218,0.0018868677208994,0.00308056413865813,0.0033885130666577,0.00310313212478623,0.00188021432027149,0.00277692422803012,0.00235256658506092,0.00177477444157244,0.00313457322712636,0.00176847803505383,0.00145862496447901,0.00359038881896448,0.00285135079678888,0.00323391161128234,0.00223719119768903,0.00211685394564548,0.00184196856366848
"TT0022",0.00127757195792957,0.00260957501727286,0.00278474535824539,0.00165507701264467,0.00259254041317599,0.00141462078312583,0.00324213455354793,0.00162803898286032,0.00290304029438377,0.00205529584953231,0.00304421268233956,0.00189744809693662,0.00185065901049797,0.00166699720317363,0.00181449159894567,0.00192567576861032,0.0019535105709265,0.00120194718762585,0.00249758397963508,0.00158250338563275,0.00138504107236314,0.00157131479041411,0.00287031956935531,0.00248079068936899,0.00226953099614079,0.00426619556158059,0.00335002642238288,0.00301982613221358,0.00132417191769285,0.00249790603708289,0.002005974580012,0.00422225590773871,0.00138996124035759,0.00171436345845212,0.00194680358020568,0.0018258939290832,0.00277411332035489,0.00317184022445198,0.00280660035462269,0.00280273924711151,0.00227835012502598,0.00137192049174043,0.00296196380042309,0.00126959534613874,0.00137601310005009,0.00137693605977485,0.00271823594896102,0.00257868420272087,0.0024928490517655,0.00165445825425433,0.00160759069249124,0.00136573352347731,0.00193157135674058,0.00312677909923456,0.00138839822768262,0.00253149174356666,0.00126257639449456,0.0030338391857106,0.00319644716509309,0.00298920651023558,0.00125108258874618,0.00242272284347105,0.00166109124504797,0.00264059712297888,0.0020064921059478,0.00300569761906817,0.00311183269729767,0.00141098943865898,0.00123606794022587,0.00168987034540311,0.00239246159393356,0.00240959037161819,0.00154568085136912,0.0016247920624388,0.00199108327234033,0.00370584637917366,0.00205735224986744,0.00288806182654032,0.00308235003685466,0.00346796785732102,0.00194768333208436,0.00201231409626137,0.00206169066196024,0.0017490249373282,0.00375756936470564,0.0022590856316391,0.00296959989392893,0.00310086488818407,0.00239172577297389,0.00328029485945825,0.00324002558548921,0.00390189863233695,0.00310161011867946,0.0020613284930158,0.00145099352223665,0.00215815643797957,0.00146759375217546,0.00124235643090436,0.00180923347387271,0.00204296103323088,0.00211148214288357,0.00125003624676825,0.00202163608515321,0.00185331180680843,0.00192813197691739,0.00190654316938664,0.00278719848565635,0.00206180554753672,0.00167758587046728,0.00301233827064142,0.00301495868958283,0.00237301769466109,0.00269502862847769,0.00136825055318439,0.00142038556159638,0.00199083075483141,0.00180377278281426,0.00184479546143424,0.00194505194010439,0.00205020833179539,0.00139496697070341,0.00354671546834653,0.00170733568116055,0.00169077504276954,0.00207955583982588,0.00228940704357026,0.00299640478473047,0.00321130490294103,0.00141110838447351,0.00352571783944328,0.00242455042751095,0.00261818381733882,0.0017861350835938,0.00202836782125083,0.00124271613313752,0.00158970987306885,0.00449285583904449,0.00269678131285526,0.00409661573344737,0.00255717529869182,0.00361496609094737,0.0016420093048111,0.00139711539406093,0.00249115670378221,0.00449758828607733,0.00177842795014204,0.00308065962295232,0.00167603495199318,0.0013734421900446,0.00140315090734323,0.00166537309999446,0.00304110202800457,0.00123999107590906,0.00317075877987379,0.00217500266376162,0.00137601576449923,0.00161991033094461,0.00305542103947516,0.0032115861442807,0.00293296293599209,0.00367110204157608,0.00337306994116172,0.00221966502211056,0.00276821108549902,0.00302451438335923,0.00259722372938254,0.00208846686016173,0.00137938945222058,0.00165964924009917,0.00124806186952651,0.0029918306478873,0.00164208831314892,0.00149164161007183,0.0016629577988938,0.00334771537214456,0.00141808706554655,0.00304729815102143,0.00194365522039314,0.00141750589101192,0.00339386950549999,0.00388925824088002,0.00336290939675197,0.00326661136033521,0.00137472400281794,0.00287376513757115,0.5,0.00183902036690026,0.00311236277624691,0.00343780123414876,0.00160170038489731,0.00301715757529025,0.00159715727224512,0.00156789219475312,0.00129189597992568,0.00172296306187468,0.00321748457344488,0.00427796317447512,0.00231098430096452,0.00242116475722183,0.00139628813717898,0.00140161124612007,0.00239278879839537,0.00296453189401469,0.00356206019929822,0.00138140490419875,0.00246320518038485,0.00450613286117518,0.00124159065124999,0.00395954200227647,0.0012398084779136,0.00245322490102472,0.00306777039424058,0.00328239553321736,0.0031780817524519,0.00195853162241589,0.00193932397197319,0.00125789483631211
"TT0023",0.00153277515539159,0.00152415304173246,0.00234617679444786,0.001915406636598,0.00315914247613002,0.00225722905617115,0.00218607515975597,0.00246614565680282,0.00160560390405659,0.0011327867161201,0.00213395548292306,0.00114554434828856,0.00128706631208831,0.00129883888641365,0.00114254658249772,0.00162926042316158,0.00130953576549175,0.00183941998061767,0.0023875022569942,0.00182210690663452,0.00155648389801774,0.00189230464501612,0.0012365801459532,0.00309081402337318,0.00239729247847356,0.00159463961267709,0.00224181148425414,0.0024493929933589,0.0014464696004363,0.00128134252826747,0.0011396775592513,0.00146430878931092,0.00157777851519808,0.00151395946945071,0.00113239624919219,0.00114293458597876,0.00166821042630408,0.00227160559390689,0.00260943005290832,0.00188864079945011,0.00274727781081006,0.0017202201837963,0.0019593895887599,0.00166844091200629,0.00176058529167,0.00173866407921895,0.00227876343670393,0.00348985241551233,0.0060614398758803,0.00190411834994957,0.00467172006161103,0.00169211942119258,0.00163669277479526,0.00191805299401585,0.00179246478523278,0.00207580965932958,0.00152283012242182,0.00187573982451019,0.00155216930802544,0.00118151643797387,0.00156555514507184,0.00702172445423883,0.00656944232041639,0.00319940322607194,0.00113283446115582,0.00266861277735959,0.00332552490025573,0.00200456955356467,0.0016947604114113,0.0070076471820057,0.00299295392948792,0.00292542121331606,0.00667660666135567,0.00196610326220032,0.00122399006441672,0.00199840049439285,0.00113280532482215,0.00188493887798685,0.00204088661559447,0.00185992229038476,0.00113235740343423,0.00114204809579313,0.00113237988212077,0.00156898085722495,0.00260408648135748,0.00128341722314686,0.00189722959925837,0.00188318879464535,0.00248922381629265,0.00217429589895989,0.0018209904009852,0.00157745122129141,0.00206605745963128,0.00136726084887176,0.00154427620314635,0.00165386829394318,0.0066791149370383,0.00161206517557297,0.00367963167248513,0.00555388621348158,0.00353189483904913,0.00164156244904874,0.00114838304265827,0.00633697225303832,0.00114091066027086,0.00621082502769926,0.00293196267486895,0.00377367418125901,0.00660903510300237,0.00190293536763574,0.00216626754710174,0.00203009160448924,0.002499622823354,0.00164959022923768,0.00173907272625274,0.00113255498905697,0.00114240214605459,0.0012871712224198,0.00114017465878734,0.00171338971540983,0.00187996307108886,0.00190418448548418,0.00216551285906371,0.00115218991547299,0.00126344347379688,0.00289373377781131,0.00207567818734827,0.0024501692755627,0.00239097174073688,0.00155608809937508,0.00302984701775366,0.00269649365130187,0.00177882466029689,0.00394657851786993,0.00157028825207376,0.00196289842861682,0.00150238843375243,0.00250606263467958,0.00179858653224829,0.00190354501456242,0.0016116618049221,0.00203909416875458,0.00162675842489985,0.00158657993075272,0.00164970696293548,0.00130028992218416,0.00197818938779341,0.00654391237507056,0.00170301477741546,0.00198293913394977,0.00183184386569502,0.0026036645323065,0.00159427909593105,0.00255341371769048,0.00346456678393147,0.00165090537289433,0.00180164705074419,0.00193568291105967,0.00130661226229723,0.00185171064706613,0.00148308113974319,0.00239106092936921,0.00410938118002447,0.00228557756859236,0.00179637522065323,0.00176992192468559,0.00113203541362236,0.00163054253466415,0.006194714087413,0.00137249803615382,0.00379116399762224,0.0060773766468137,0.00674594318467015,0.00237183959200686,0.00174369267438765,0.00130013207034717,0.00190235592276665,0.00547547216540378,0.00173689718635679,0.00240660562055549,0.00189944279593993,0.00169089983431247,0.00160775939348834,0.0016245669525225,0.00203163615131793,0.00183902036690026,0.5,0.00234299004538079,0.00201427143555331,0.00208534957712774,0.00243835614669135,0.00193861894364522,0.00206558626696444,0.00211904335014595,0.00396795631897841,0.00243042689921651,0.00163092691801299,0.0025261455503203,0.00248056614572813,0.00187475294403298,0.00178006973747073,0.00283424094201854,0.00263041965822562,0.00192381214330793,0.00191869522801012,0.0026337532784023,0.00136710641673395,0.0017667336686058,0.00164274803474704,0.00174563656305594,0.00158608960116619,0.00212622599317835,0.00229542364031176,0.00211530485763237,0.00672150432402012,0.00625714822960703,0.00135766375208715
"TT0024",0.0012460955263601,0.00125107193610858,0.00258339369347005,0.00131829914078921,0.00303737565317004,0.00130772227380991,0.00405154318705739,0.00290763158360888,0.00381337853013271,0.00112741942740745,0.00354149488467611,0.00111884358163131,0.00111060568911877,0.00111533367538134,0.00111600756404819,0.0013063817112975,0.00111528506054736,0.00133352074995632,0.00229390462174334,0.00125399590550798,0.00120612519395325,0.00129763367729087,0.00116617105636283,0.00209282783366894,0.00218474671295938,0.00325788227341221,0.00465520500487794,0.00327199531490236,0.00128895574807596,0.00114401811305715,0.00112101762646951,0.00326432007271863,0.00111023548232427,0.00110925488057764,0.00112467093095381,0.00111580882871676,0.00337826145930694,0.00400150814731373,0.00583477740413197,0.00341585481863481,0.00214789712658853,0.00127044590562585,0.00241017667816575,0.00121883617357242,0.0012598319723149,0.00123635969085015,0.00249348470984855,0.00194658359054699,0.00156724883834065,0.00174235146111202,0.00168995322933368,0.00124268790598793,0.00119901106305294,0.00304239469839059,0.00124996653434819,0.00230996773262548,0.00112065005804669,0.00280656786549228,0.00332335010768829,0.00121541899504033,0.00118963292432181,0.0030151774268444,0.00292322328044065,0.00171840776668941,0.00112640440147019,0.00443874966810779,0.00198966296886861,0.00127753157945664,0.00122656137320835,0.00202724067055712,0.00320433431418505,0.00213936632741059,0.00157570491729607,0.00362213883102179,0.00112644890318856,0.00274265064298782,0.00112748373313809,0.00598157743447795,0.00253027528012399,0.00388430377253894,0.00112466449668596,0.00112206610527969,0.001127159572426,0.00111502536109252,0.00500392020311472,0.00133990643939518,0.00240222311454781,0.00285231019607408,0.00194526170419913,0.00495607629092551,0.00413978050135243,0.00373704796246403,0.0033813190369146,0.00118735203990073,0.00112007340047683,0.0012564102587525,0.00168384374661957,0.00120727178037854,0.00183254196543985,0.00175131864138981,0.00502298630745851,0.0012640108899079,0.00112704492612897,0.00169052547454257,0.00111861073797299,0.00243968578291035,0.0024896637284847,0.00496970538994085,0.00172929036838188,0.00289570784996638,0.00360390460754597,0.00362341777525461,0.00249399067437189,0.00122584272209956,0.00260385633664318,0.0011257309192715,0.00111611940741386,0.00111099283338026,0.00111647485691989,0.00210559933810236,0.0022256196526847,0.00393033547159208,0.00128277482790379,0.00112076029722743,0.00121764946559149,0.00207756631337415,0.00322792178873798,0.00777272023403811,0.00134701093632668,0.00316825121616592,0.00194107187176283,0.00277040056219895,0.00148801791101577,0.0076644497357902,0.00120169914834419,0.00154204445879299,0.003725371446941,0.00267861880264183,0.00249067034536969,0.00233444616315298,0.00250768683461599,0.00461726121580835,0.00124088369586236,0.00127280614642653,0.00275481361900629,0.00111087432910977,0.00289338053392077,0.0077098382795167,0.00123601064272106,0.0013439589172008,0.00138996432975403,0.00244247726574669,0.00121035139840261,0.00206467145800502,0.00736698860807496,0.00123916262222799,0.00139134728811541,0.00341057039420715,0.00308982713012516,0.00290944102057936,0.00276233179035968,0.00325465429894639,0.0020675601506518,0.00257008067233931,0.00237112119940836,0.00321747248615219,0.00112760460013404,0.00120845680200122,0.00159195613118251,0.00122050526135066,0.00190739016138259,0.00164181126988195,0.00171314477459383,0.00133445509712798,0.0038842648217565,0.00121597928240929,0.00275070355320616,0.00178373069224528,0.00256293986617525,0.00574849290667756,0.00277193711971358,0.00283723123746276,0.00321941608736178,0.00125800385728698,0.00262149469400448,0.00311236277624691,0.00234299004538079,0.5,0.00162391313241394,0.00293156537545652,0.00252116044689459,0.00130224666729586,0.00186106809019745,0.00124140288256121,0.0017726970270661,0.00411680707214189,0.00346757012468923,0.00210516273823838,0.00225242026545526,0.00166186569795647,0.00137683400452098,0.00221721452541483,0.00350578391682504,0.0031780751865322,0.00126674396393624,0.00191768727254119,0.00336912222213752,0.00125447916451931,0.00256677534634317,0.00125237096006434,0.00117302378029421,0.0027380271177591,0.00414220926230826,0.00317499546143081,0.00168818024309897,0.00176562081858975,0.00121164504876465
"TT0025",0.00155275113138199,0.00186517224467739,0.0019474950513657,0.0017366108589841,0.00195407487829063,0.00185064696492135,0.00192533868627484,0.00184095280823132,0.0013746399143841,0.00186100164682913,0.00185774511822349,0.00196052632653827,0.00196607535976243,0.00180283845864733,0.00187449039389656,0.00200534349877452,0.00191850435283339,0.00174889894177625,0.00200023742265631,0.00189845169300093,0.00155479537015655,0.00191697544220599,0.00188362246870695,0.00162744159599253,0.00163467191537637,0.00198280690078682,0.00146261084857609,0.00183286685921822,0.0014320759050404,0.00204437286293924,0.00188700518486545,0.00198062027711941,0.00187055313846423,0.00186145804678986,0.00185829386088595,0.00189500826516727,0.00208624707087741,0.00190059848610775,0.00164632901605593,0.00190041208957513,0.00189874621465735,0.00181134906887057,0.00188006482825624,0.00187995587782403,0.00183903424570665,0.00181252719107183,0.00189877349262171,0.00216279637768469,0.00212167026519238,0.00151644547716214,0.00169736567571863,0.00191953771576183,0.00197277308728165,0.00196307985025027,0.00181156640604843,0.00162910204228681,0.00155153951864665,0.00159092392603365,0.00157747454936291,0.00188545720781595,0.00183209897859809,0.00171476818450879,0.00174986178116296,0.0166888128104587,0.00185935941652461,0.00169785101701221,0.00203955768636784,0.00186914957031482,0.00185406542039797,0.00165494062155774,0.00170251324951691,0.00186078944647762,0.00204925286932105,0.00159007802847787,0.00187215354754041,0.00194821567056472,0.00186112315847728,0.00207543110783244,0.00190371747469576,0.0019450050245286,0.00185819066736038,0.00191873266588511,0.00185915897818721,0.00196995390784115,0.0014894971236488,0.00196977257512205,0.00190305753791168,0.00158105796263221,0.00170155260312095,0.00161613379331664,0.00150891189185107,0.00197418609012242,0.00188066916855558,0.00200199863326227,0.00175484196480535,0.00197394518716753,0.00210598056078831,0.00175681254140284,0.00216096021008259,0.00218826748271474,0.00175797530854471,0.00153740674915051,0.00185581729678762,0.00215796449394006,0.00190875057060777,0.00171484155896809,0.00186405952137037,0.00177053985386651,0.00198906678140547,0.00178252834993937,0.00189710859181423,0.00213586775813762,0.00193276246205461,0.00182849216454677,0.00160778893698886,0.00185706412784242,0.00186278033759216,0.00189551005609743,0.00188841592261043,0.00194231375849636,0.0018859198621257,0.00194319531076639,0.00187596299342812,0.00177687930825431,0.00188540699430024,0.00891929104866096,0.00252814327865703,0.00164022656818399,0.0017803927678907,0.00239075588303858,0.00209036429717532,0.00158322019178738,0.00188349859483342,0.00177792794813968,0.00188505091441108,0.00149992890910585,0.00191049057340522,0.00196619009781743,0.0019957887077365,0.0015953792347714,0.00197778498987841,0.00160205080460639,0.00175946260830657,0.00190341637417149,0.00193235333167751,0.0018853466961401,0.0733474884431893,0.00175191090853351,0.00189854576549446,0.00191390256339609,0.00150105888374823,0.00211552138176154,0.00184816455180828,0.00201933237677427,0.00172254134239956,0.00173766692551312,0.00143780799872291,0.00187419412190945,0.00198755049203785,0.00158260969373,0.00190522892292169,0.00199370163049865,0.00196466889228973,0.00183269765238409,0.00191529345904749,0.00184332282486052,0.00186027169006648,0.00178434580056394,0.00199093892341378,0.00153610075192764,0.00208546173308706,0.00564903148449416,0.00203926074725974,0.00186423044855094,0.00193257632362142,0.00151731776913425,0.00158087426279111,0.00217762327970585,0.00161127629605905,0.00165344260104871,0.00330789493161235,0.0018313076316499,0.00182462262529071,0.00175208334389172,0.00189318382856169,0.00343780123414876,0.00201427143555331,0.00162391313241394,0.5,0.00180274337039373,0.00194230905774791,0.00185366243021429,0.00174861628692908,0.00189132192495965,0.00193261392006879,0.0018393630711883,0.00192632833092676,0.00200315292966218,0.00189067611113973,0.00134868127825374,0.00175130039400456,0.0019458807084309,0.00203722507041435,0.00193810394913757,0.00183275258178399,0.00199601979600469,0.0019310839679317,0.00188840880289795,0.00201781684565681,0.00189823838084177,0.00188871626581281,0.0019433772349042,0.00152383500454223,0.0019219608358324,0.00197518307903506,0.00197476375929913,0.00155573620450202
"TT0026",0.00328438818452281,0.00325385411903699,0.00176663130090751,0.00346073268055714,0.00207160278988188,0.00348730685584578,0.00196592475056148,0.00238251416127545,0.00146846403337148,0.00292018523774053,0.00181149752491373,0.00289438034255865,0.00288975571065766,0.00291266363505144,0.00290799171652027,0.00161944416829998,0.00301786380743734,0.00172758966819361,0.00167165261734167,0.00171018333105491,0.00331483880296109,0.00172352753136067,0.0030226084884596,0.0017550018003037,0.0016264229092624,0.00140535871593372,0.00189750279397099,0.0018291357698536,0.00164318233055793,0.00293549448612348,0.00290051417715773,0.00139208567984161,0.00305657508000633,0.00303668156392975,0.00291847694437381,0.00289627204208186,0.00141838742349774,0.00197833479686803,0.00287028143228127,0.00165853593709277,0.00176717747837844,0.00339218126123976,0.00171885840153423,0.00164997804379734,0.00341302928978207,0.0033730714244079,0.00172397959445983,0.00171886233005071,0.0016532392301287,0.00361951869719332,0.00167315484570818,0.00334129077259083,0.00328280586260793,0.00162819292966243,0.00334770288918157,0.00144707806923967,0.00323128700493238,0.0015930203928973,0.00142824060842654,0.00298624529480654,0.00324861027701099,0.00223596700905783,0.00222328891965567,0.00147160236367688,0.00292114507047472,0.00248030363786307,0.00142181783127423,0.0033871994350277,0.00329390650464021,0.00190703036311196,0.00212550184703644,0.00184490258485786,0.00153820232341126,0.00418455745237789,0.00128050565118499,0.00172137737532213,0.00292014661044836,0.00176120040998868,0.00162044482919362,0.00171410348435676,0.00291841925533704,0.00289076283261289,0.0029177122892034,0.00305676389104322,0.00224955558355504,0.00306634335701904,0.00162930282646353,0.00167870240318849,0.00145159885512411,0.00225271076314017,0.00174037462565104,0.00133660764652403,0.00179001886270842,0.00133362040169888,0.00306019948850923,0.00329137026464222,0.00189926632490246,0.00329976364161589,0.00148346431786705,0.00174459810357096,0.00287871496593202,0.00336557075595477,0.00290352799858347,0.00184134420522385,0.00289315072602094,0.00203498491987887,0.0019442742153643,0.00257060805959422,0.0018713389835777,0.00167401362413452,0.00177974002971148,0.00169841927492231,0.00180774929929242,0.003332668397916,0.00375767866589062,0.0029193045913166,0.00290794031750756,0.00289207957682886,0.00289667491697423,0.00353091692975907,0.00363328188733113,0.00179548254845473,0.00341085501191721,0.0029195341102681,0.00130500026918904,0.0017839307784773,0.00177644093820252,0.00290125665230098,0.00350940445196729,0.00161369007532595,0.00171813818602393,0.00187220115410097,0.0034688241557841,0.00336161697573648,0.00325729193059225,0.00353081047576716,0.00133731536330054,0.00185383063425818,0.00140286040649124,0.0016143993837313,0.00127182889475758,0.00435893937125164,0.00331490077625837,0.00328339173320954,0.00132272863236379,0.00290104396168086,0.00221860900008044,0.00353334044916359,0.00334839165511307,0.00345426603394385,0.00181796081844569,0.001802444888223,0.00328642018585902,0.00164147088164673,0.00323680208912465,0.00337196725481488,0.00171626198023453,0.00169918215825495,0.00128487608453616,0.00157505334213994,0.00128195613674424,0.0017956630198077,0.00191880518003501,0.0018475506624441,0.00128937508829899,0.00169634346331753,0.0029165053216239,0.00331706913764338,0.00178713437802168,0.00330961842899835,0.0016612239925562,0.00190725993123181,0.00179423965979146,0.00351016361691251,0.00171137752427641,0.00310791745828037,0.00163330401094665,0.0017729882291108,0.00377686399114973,0.00259000699907514,0.00162675419494163,0.00159371174443349,0.00143297984917855,0.00331326487771159,0.00163064161434506,0.00160170038489731,0.00208534957712774,0.00293156537545652,0.00180274337039373,0.5,0.00178072744197112,0.0034618781683181,0.00196867720023208,0.00168777372323302,0.00167592131314311,0.00232141422076693,0.00160954350299134,0.0016437663668074,0.00179337189260576,0.00174786847047842,0.00343204657072957,0.00182080985959711,0.00210573904280871,0.00168308516855348,0.0033827229716332,0.00143737277931957,0.00128649554006401,0.00336143113610441,0.0012693893906188,0.00335333071753214,0.00155952841945991,0.00166906859506356,0.0015379789097542,0.00174031696412936,0.0017269094014747,0.00190933864535562,0.00328278385096324
"TT0027",0.00140417927776975,0.00173580904050543,0.00348429184980095,0.0021654398016251,0.00361248515456251,0.00202670461761932,0.0028460309630723,0.00184941936671571,0.00234133548869071,0.00138298977296654,0.00288367197829984,0.00159515103716012,0.001596633383334,0.00161814355055709,0.00157980056103645,0.00174631897128679,0.0016478615332229,0.00181293685694931,0.00335307852769245,0.00179082966147295,0.00159139023938504,0.00178140010885411,0.00168666866415537,0.00335507923631591,0.00281218926768356,0.00287348543821589,0.00241378026220834,0.00301307899717759,0.00137421741672677,0.00166685622211595,0.00158609168118459,0.0025247758889025,0.00157219766856173,0.00164779006864707,0.00137935939007278,0.00159639628089786,0.00238069906598094,0.00281575398097267,0.00357357946195185,0.00269020537977278,0.00345230397782142,0.00174415666774599,0.00364191444437824,0.00161567444065642,0.0017857847486406,0.00169815552037981,0.00356372999761913,0.00302761730469675,0.00221309747260354,0.00198235999245909,0.00208156844562509,0.00169791475605697,0.00182598983546388,0.00274603482908771,0.00185965709656281,0.00307210241069475,0.00137453908094321,0.00279415090461284,0.00242863467603463,0.001459479944745,0.00138954666237633,0.00202820506139306,0.00172296705601048,0.00266195251340126,0.00138192096580489,0.00343127564046159,0.00254373578798882,0.00186579471325545,0.00172274477476634,0.00241780274059908,0.00301719704289494,0.00328024761875297,0.00226408069886666,0.00169698234342408,0.00141294521315671,0.00334782740619633,0.00138306375417219,0.00210665288661038,0.00322369335682592,0.00245165863547678,0.00137933058485457,0.00160175022711569,0.00138191801760919,0.0016888887185945,0.0026218985368227,0.00173508794450609,0.00352085466014777,0.00283356115142877,0.00282469527539034,0.00286313070880389,0.00312353715474339,0.00289000142684612,0.00302846912144772,0.00168782123581742,0.00165226998155536,0.00182557689591772,0.00238107429971987,0.0016729079487533,0.00278162629018813,0.00267902230150732,0.0026780841123171,0.00173459988329121,0.00161326655472187,0.00245124286594554,0.0015954230758577,0.00226501224795154,0.00366927339185389,0.00280296338695805,0.00246180473223594,0.00298987582925746,0.00272832616151565,0.00219886030784837,0.00375676495811493,0.00167927124415527,0.00123535411306854,0.00138038644996948,0.00157803401309798,0.00159601178981633,0.00159501623204152,0.00167014783614052,0.00143055596907123,0.00279745756975515,0.00182588601663336,0.00160761492623113,0.00163363867170659,0.00311958986527233,0.00271721666951248,0.00265961317291537,0.00195756005368695,0.00273797020087822,0.00295924938128503,0.0038160156902048,0.00181272956150584,0.00244243569318723,0.00160581509650169,0.00237639735755286,0.00278787506126579,0.00372548253113057,0.00345218104890284,0.00323093557601451,0.00325592725931686,0.0014426157492796,0.00162166138815742,0.0018248379419,0.00330323977059591,0.00161113858506275,0.00143217480977938,0.00189517799724275,0.00168396042523447,0.00177095652839853,0.00172583129905194,0.00367006096275678,0.00162219995864847,0.00314759220307878,0.00264322443146967,0.00169512445199018,0.00143519100594517,0.00285357142358954,0.00240178619550428,0.00273151041699987,0.00279917851595722,0.00325427057867285,0.00312996699449925,0.00359868582852644,0.00335326561552069,0.00240227021206899,0.00138249530003725,0.00164958611191536,0.00222955024959249,0.0016050707939818,0.00279911876406925,0.00224377355962306,0.00231909470588104,0.00214222705639225,0.00208302797933435,0.00122966655307966,0.00287481860421568,0.0026336020059853,0.00123917349925223,0.0029782551743151,0.00312904769629355,0.00311667031363919,0.00240023414648521,0.00161151069746871,0.00321421147734671,0.00301715757529025,0.00243835614669135,0.00252116044689459,0.00194230905774791,0.00178072744197112,0.5,0.00191885998177423,0.00178715802069431,0.00171751452756781,0.0024835808832101,0.00339827983614299,0.00300084066577347,0.00309576596968944,0.00336878878733312,0.00151258450338429,0.00172002280878129,0.003407796446877,0.00355256097290834,0.00305946966048676,0.00174967524766391,0.00288892380944286,0.00235739463480242,0.00174512015520343,0.00339634747654025,0.00176061051339535,0.0017306344070487,0.00305707062902146,0.00469610987173181,0.00306982335166659,0.00251632266099857,0.0024864791747178,0.00124519663699522
"TT0063",0.00336908611028149,0.00333019587129266,0.00186683032779117,0.00357212105909387,0.0020717488446587,0.00369328926134284,0.00190452737678619,0.00191951656819257,0.00219644776897485,0.00309860272368499,0.00217933431389643,0.00310700769630086,0.0031095532259802,0.00329261013598571,0.00311942072753694,0.00174464239321108,0.00329416543072428,0.00179196215488869,0.00179994710416319,0.00195564991858038,0.00352416028647222,0.00192545345439201,0.00311599580608981,0.00177259275850108,0.00146399045513903,0.00160120301784056,0.00125360725491519,0.00194844970885863,0.00168047766709206,0.00311576882170327,0.00310954850888927,0.00142791763864023,0.00335991052713712,0.00333188680390897,0.00309684774954917,0.00325791490248707,0.00149577168329256,0.00214393591392171,0.00140517955903967,0.00178774082016648,0.00196758740614348,0.00373700600336224,0.00188919031629747,0.001861112956342,0.0037391696263127,0.00369641079837011,0.00206162853225296,0.00178784204505437,0.00173316440441847,0.00356812018868566,0.0017791793849811,0.00369903681823779,0.00347862392827209,0.00168609048441658,0.00346970849476792,0.0014743861878259,0.00316483782927531,0.00164299297656399,0.00143927964258626,0.00308246615368542,0.00333318629133734,0.00131123343979872,0.00128565780640191,0.00177341878768718,0.00309945329722631,0.0016162267977783,0.00144779973882752,0.00366683762848931,0.00362363746569165,0.00182277543136724,0.00188474859265981,0.00208718160167652,0.00221787100904585,0.00339166136339058,0.00147034339742118,0.00177101025230758,0.00309857900612746,0.00168417366608046,0.00127493765061938,0.00141914631091749,0.00309676469774191,0.00325171959798192,0.00309590586630599,0.00335803471123753,0.00122676370495474,0.0031542097136621,0.00169501666287631,0.00177410453355955,0.00165472867948051,0.00162095492192742,0.00143279015060564,0.00136457404323558,0.002040952678802,0.00169925451847453,0.00332316609668102,0.00351179058188018,0.00207720840185839,0.00361267340662533,0.00180153799045874,0.00191267250388149,0.00163795981627202,0.00354210812551632,0.00311221104277133,0.00195356509450978,0.00325157479487737,0.00171605541471855,0.00210233524924164,0.00161097344344791,0.0019418632376131,0.00179797331411503,0.00180441823979944,0.00189281021267826,0.00210823674839747,0.00351582864964343,0.0032532374862593,0.00309736665993195,0.00311825841902044,0.00326305937780376,0.00325769577857986,0.00326001203045503,0.00334342357464751,0.00139676035850355,0.00358238272228471,0.00312866513196979,0.00163343469724838,0.00188077623474243,0.00193649874850387,0.00135634835087435,0.00364132041762091,0.00168207530476042,0.0017898300041449,0.00179642140710934,0.00348697427070672,0.00121999656801654,0.00342373374957607,0.00369657400613039,0.00136315230635072,0.00197734956178991,0.00143715648269256,0.00145301502490661,0.00142415141074871,0.00311807820708944,0.00341995803385363,0.0033622943515478,0.00135989858909807,0.00328416431315546,0.0014936235124679,0.00118895575411012,0.0034397124094809,0.0035686110004037,0.00183327154963768,0.00194669569250001,0.00336445622686016,0.00166797053305402,0.00122642272614637,0.00367809780909593,0.001482658018278,0.00183340681970486,0.00146027667063793,0.00164652142271974,0.00140970021829881,0.00197456454472794,0.00199257839312526,0.00209257408160026,0.00161712988181346,0.00175508007852691,0.00309489846518973,0.00359800179095881,0.00198838010057422,0.00361437926271197,0.0016769997636825,0.00200886161417877,0.00206253612569108,0.00371565802099902,0.00126057341786461,0.00316204541463802,0.00166681577839716,0.00193758367516865,0.00328711203837211,0.00158530983971381,0.00172871111599613,0.00167295252033596,0.00139794985539253,0.00348120578442692,0.00168892859648976,0.00159715727224512,0.00193861894364522,0.00130224666729586,0.00185366243021429,0.0034618781683181,0.00191885998177423,0.5,0.00202722641160335,0.00187741752963417,0.00171674269440574,0.0018980861370163,0.00169483753117332,0.00171579337877203,0.00201976671763614,0.00148032166109033,0.0034632512441356,0.00193091311174892,0.00181563480265562,0.00184703612839446,0.00351971709978657,0.00168153408249982,0.00133748461740625,0.00356819223707937,0.0016248260989771,0.00356182896320246,0.00166991736743369,0.00170946696744735,0.00185095885774302,0.00186967086830711,0.00177681395268813,0.00201462780697647,0.00354568228824988
"TT0028",0.00136908658994597,0.00132527735629864,0.00174473232756108,0.00181548154331931,0.00206594290443382,0.00185803986329533,0.00191060707895153,0.0187255904862077,0.00231915211203457,0.00116495679909986,0.00195940923743645,0.00114989643065448,0.00130380752887325,0.00117440147769709,0.00116094139914078,0.00158547156611762,0.00132771559498761,0.0112948331040577,0.00186983999706219,0.00616220408842453,0.00188778293062009,0.00590541565738095,0.0012131616909524,0.00167047869562453,0.00162272282939408,0.00119621218091809,0.00227519266184506,0.00185199253365902,0.0128864488091979,0.00128517812839283,0.00116033787927802,0.00131385060214638,0.00158201688693528,0.00133065849742144,0.00116384824400472,0.00116093193711015,0.00179065967997671,0.00222119618526841,0.00194406943865239,0.00181331751887977,0.00200539316434035,0.00199829009073018,0.0018237520599095,0.007966425972899,0.00211472249551332,0.00204450646812295,0.00213629341771137,0.00169353972116577,0.00172294312744625,0.0019219064362801,0.00185952411871032,0.00200881640948458,0.00171490228074508,0.00169908087552642,0.00174154071965997,0.00163972585781782,0.00160988787869099,0.00159103112340543,0.00138249937046533,0.00116333468487246,0.00163108965085871,0.00230924082767567,0.00187332710232669,0.00173877621832192,0.00116556152169849,0.00182051115389036,0.0013826434508136,0.00185340699227473,0.001986984021857,0.00203489903536819,0.0020501700493584,0.00220949479894103,0.00241358470772535,0.00201402283633793,0.00552516570058609,0.00162962981291576,0.00116495159708876,0.00163020455148409,0.00152878593302827,0.00159129518323466,0.00116380487196857,0.00116035354449334,0.00116356268723872,0.00136579078022613,0.00229878138683842,0.00124227345230951,0.00140706860358204,0.00174538823645928,0.00126379638646125,0.00182071841287232,0.0015394078710141,0.00141780740510614,0.00196986300844381,0.00148758467370486,0.00133048922117326,0.00155292883819637,0.00221381567196253,0.00190692642524893,0.00201213928031244,0.00178807482179037,0.00208739818104634,0.00177845313533891,0.0011351952527796,0.00186551450650128,0.00115577864067868,0.00208711889434885,0.00208404555785281,0.00201106877093994,0.00187777905778726,0.00176726928375992,0.00173490117675325,0.00185587602554626,0.00192695275238325,0.0018952034056533,0.0016684237995443,0.00116440751623172,0.00115852225132378,0.00128908037414897,0.00115871327101638,0.0015619292957216,0.00175751957150734,0.0015973909066105,0.00139760895926205,0.00117305351067473,0.0160014580675317,0.00173193735851258,0.00179000453177893,0.00181560341718954,0.00181728898737312,0.00179493842981962,0.00142376249985742,0.00167462004225856,0.00182596123820968,0.00187382974050991,0.00175555709060957,0.00196508359062323,0.00127272727225828,0.00190435547096955,0.00121103675974107,0.0014159395979306,0.00121585192540238,0.00189410368432225,0.00178226498115382,0.001574359360834,0.00125161906985795,0.00115120014848654,0.00174441127363376,0.0018971678767823,0.00177450915419062,0.00180753178326243,0.0193788473001778,0.00186141971620828,0.00168528224498505,0.00158670229635746,0.00186691717145463,0.00202802609278548,0.0237374052951342,0.00191891253697303,0.00118491794718405,0.00156257812196949,0.00119936839405841,0.0018343424113608,0.00188834634843014,0.00206697680888139,0.0013552096675726,0.00181846842673694,0.0011630843003935,0.0020237821407907,0.00203536209533948,0.00187178639091073,0.00144572092842644,0.00209368675883316,0.00255514488508412,0.0017818179104453,0.00119543077526031,0.00136737116665591,0.00158653017124701,0.00187587586520046,0.00173542258647133,0.00197230516047662,0.00160282253800026,0.0012121254871365,0.00145800326574191,0.00183393926633499,0.00170029693984505,0.00156789219475312,0.00206558626696444,0.00186106809019745,0.00174861628692908,0.00196867720023208,0.00178715802069431,0.00202722641160335,0.5,0.00564340045798692,0.00174399998258836,0.00210835826258957,0.00162190325036993,0.0016647275678389,0.0021047985372004,0.018697613810943,0.00191659005225206,0.00182414768046894,0.00192742225903286,0.00169555152573856,0.00169532235410782,0.00140297678382769,0.00119949480765313,0.00192606843805945,0.00121592083399923,0.00198246687593383,0.0053050334427304,0.00183427039678962,0.00155110059236415,0.00174652190650389,0.00195715807654686,0.00183447564737992,0.00180450597416296
"TT0029",0.0019013977255182,0.00144821764489952,0.00195963142260114,0.00176685726716301,0.00181616632285512,0.00214245287627472,0.00171307405735798,0.00970295243024432,0.00130163951476917,0.00171027006797523,0.00189208900693129,0.00181473728078725,0.00180781202222059,0.00181636011957005,0.00175170806845578,0.00189391436944012,0.0017903061652851,0.00224357663956499,0.00177173607772494,0.022358513913442,0.00183630444578017,0.0233672325422162,0.00136708895148928,0.00166998971142118,0.00184997929634158,0.00142289001631496,0.00124756459219937,0.00214959123871998,0.00239097533525832,0.00146292607773057,0.00175742644236713,0.00141261374884275,0.00186993707483271,0.00180448830888007,0.00170796606915143,0.00177889726785004,0.00158980079130751,0.00177276933843826,0.001303643100303,0.00185951176376406,0.00178708940300883,0.00184203442489143,0.00175473909646481,0.0184827457033682,0.0017543730069775,0.00177856740282931,0.00175100962899326,0.00173026645634006,0.00169616447006666,0.00154084869550555,0.00177354298324805,0.00182575440325484,0.00135587493911574,0.00192668493832194,0.00185748547990343,0.0018803048654627,0.00190971748641603,0.00183605622655645,0.00181645469369621,0.00133851213383416,0.00188832032445374,0.00129052899134265,0.00167490334666767,0.00134971623819795,0.00171214605938929,0.00136525208285788,0.00124879672397916,0.00202662100002824,0.00185797645253488,0.00175887177965899,0.00166498274703714,0.00170886492670623,0.00155168141711384,0.00140762024600538,0.0218031883109387,0.00162560336860644,0.00171023991636775,0.00165808251638031,0.00167833649048231,0.00166322285517764,0.00170791259138316,0.00179818087377736,0.00170799201834053,0.00176464010293579,0.00118165859211651,0.00139271536793081,0.00178466613637482,0.00178071785461845,0.00176024143829871,0.00138549882349054,0.00140409575632494,0.00131256269039625,0.00181626665554281,0.00186112690123976,0.00184699301216648,0.00174164266928794,0.00181323704647065,0.00188628547994138,0.001616393630748,0.00190104382782408,0.00128592272778198,0.00189919325809487,0.00169116231659138,0.0018829268743719,0.00179387158482724,0.00161435043563943,0.00208342470038407,0.00138938969837276,0.00203113878482078,0.00182541704559404,0.00198824867330613,0.00135446994589068,0.00191174278591161,0.00186658965959273,0.00180113538079278,0.00171014252293092,0.00173605510709732,0.00179575792745115,0.0017682420940077,0.00141077199083823,0.00178353806089714,0.00169234852550554,0.00213998365765352,0.00177334247942166,0.0102259834629886,0.00198864773137217,0.0020643989643843,0.00128958447758202,0.00221658589635531,0.00170894263262898,0.0018198583131228,0.00170936445465689,0.00148562230143821,0.00114477472732442,0.00192509267057669,0.00151604911260133,0.00132699833295781,0.00187641166051732,0.00141532528096363,0.00180209507166409,0.00162439914662024,0.00138941769605026,0.00182428959421146,0.00148396597640599,0.00132676151968936,0.00179680013035534,0.00183568647570387,0.00111029926107135,0.00181038037573424,0.00193642470045349,0.00958727120071707,0.00178820166887147,0.00190677574209832,0.00145444907005934,0.00116428149271814,0.0018050282495015,0.00305350268200919,0.00181846667342475,0.00179297491305882,0.00183095177730846,0.00167074457479074,0.00195830667076252,0.00221765122505568,0.00174093567321962,0.0017969144357242,0.00186831130740832,0.00170708801977523,0.00189126695400127,0.00175760520495697,0.00181839777007568,0.00144507540331476,0.00174646821915022,0.00156566057617326,0.00214256134462954,0.00163947016861927,0.00184793195236095,0.00182592722023398,0.00194897382402333,0.00177515015215224,0.00136494740425824,0.00130786273438125,0.00176401530774075,0.00177076618102622,0.00185696945060138,0.00189897799908107,0.00129189597992568,0.00211904335014595,0.00124140288256121,0.00189132192495965,0.00168777372323302,0.00171751452756781,0.00187741752963417,0.00564340045798692,0.5,0.00187540381709104,0.00160584541373136,0.00128171095930989,0.00188067499208759,0.00180347516952426,0.00249887260143338,0.00181731794437099,0.00205071209691723,0.00176894642700891,0.00174946175430584,0.00212376708805428,0.0017632145345213,0.0013097457087738,0.00177119515021339,0.00143482020681299,0.00156583163611321,0.0228153808518476,0.00179332519588819,0.00147240221909496,0.00194051224024242,0.00168933830192969,0.00196855782894235,0.00182555689641003
"TT0037",0.00211772753071235,0.00141249416688034,0.00252510543996738,0.00167409692953422,0.00279176588246204,0.00172734575804261,0.00196561916249636,0.00146675128592175,0.00176105267119196,0.00182613216575358,0.00210215897194758,0.00179479631912993,0.00180352731572216,0.00203382953767766,0.00188684004766612,0.00190619430511231,0.00174035110714872,0.00180137600569001,0.00284091337157094,0.00176507175887128,0.00190194757169731,0.00177247484919142,0.00131375632788426,0.00353099886060155,0.00334441972187716,0.00181790687167584,0.00168890176281897,0.00218182633438132,0.00208085356736525,0.00137531919670654,0.00178922993466874,0.00160674507400258,0.00193015782487339,0.00192161208233742,0.00191749691907594,0.00192036074059179,0.00180776896600987,0.0020132412676096,0.0022146879748492,0.00217135039420793,0.00325767185296538,0.00185814635182667,0.00257144356309326,0.00184797768687924,0.00176756683875929,0.00178128855644905,0.00257726884377304,0.00387165332995836,0.00345011946630997,0.0015171918926707,0.00471296257439073,0.00181489299669037,0.00163309110949291,0.00234752636732102,0.00182281500903706,0.0030165494029788,0.00216128581378321,0.00262664721069144,0.00255490002048192,0.00127528946920026,0.00208259923154737,0.00406272993693852,0.00377868059666776,0.00356793805587365,0.001867419306787,0.00232359280011952,0.00379315878928481,0.001784165023346,0.00184091887985401,0.00380849713457737,0.00295059886698077,0.00346519860239219,0.00401077835977961,0.00150279520192857,0.00185378508347499,0.00218249026781123,0.00182449986007816,0.00151479708821087,0.00275081630286837,0.00204136130168211,0.00191652305202362,0.00176138155397659,0.00181734964534905,0.00169529176820148,0.00224821765894844,0.00135291421210823,0.00271633178509344,0.00259182667201371,0.0039560340917769,0.00180804378406568,0.00233059844982381,0.00163477166715476,0.00215024577330546,0.00187605966867958,0.00190546830200738,0.00160962369773234,0.0038048505298458,0.00192818358718404,0.00466099298217608,0.00438069752001859,0.00361392754619116,0.00190450075383332,0.00172431574110387,0.00412071183829463,0.00182122870212574,0.00397907549006211,0.00267097249713496,0.00391728887038664,0.0041198342229134,0.00259185921413488,0.00215866877480551,0.00212992905520538,0.00255239775185069,0.00189131137608373,0.00180608626924905,0.00187791037022313,0.00193150221808438,0.00184780212051805,0.0018194458302143,0.00128131470173913,0.0017653154041734,0.00213970874215323,0.00166978438821969,0.00202178266432089,0.00169427239138033,0.00319135773776704,0.00220756420567229,0.0018320965785356,0.00170976980211592,0.0022140219516934,0.00381837803668769,0.00254250554464107,0.00147466160459485,0.00387980207794205,0.0019413182224986,0.00170865223561044,0.00164979091126018,0.00248243658077652,0.00213738808419959,0.00294442788144612,0.00211914187946667,0.00149157857682015,0.00182935424580609,0.00140964404402125,0.00193299563920719,0.00185717091055452,0.00204263402358028,0.00387707333224612,0.00182248620177361,0.00176622489673806,0.00171834203619109,0.00228683981146523,0.00195350199103336,0.00279113252468072,0.00335772337244069,0.00183555767551276,0.00150787305148623,0.00221763180375344,0.00210090072695414,0.00257175597916425,0.00241715999722177,0.00213706505013017,0.0041586254845937,0.00247788619227542,0.00268686894670507,0.00228681780460654,0.00179503471673383,0.00190560791317293,0.00387753188018963,0.00189945246238313,0.00423114549686611,0.00351796430038476,0.00409922924198449,0.00149883385419989,0.00194358913642207,0.0021522279912755,0.00263855992884936,0.00447281330992285,0.00181697697897497,0.00205648937219449,0.0021100888771961,0.00250010893992933,0.00222324942733723,0.00203099577245364,0.00258520556012223,0.00172296306187468,0.00396795631897841,0.0017726970270661,0.00193261392006879,0.00167592131314311,0.0024835808832101,0.00171674269440574,0.00174399998258836,0.00187540381709104,0.5,0.00223193126321624,0.00164934052431296,0.00322271946332406,0.00296559988141161,0.00152074278674466,0.00186052962992527,0.00301541519416662,0.00241190403007042,0.00211747183155661,0.00189900575572593,0.00386513167517295,0.0015372320777731,0.00174324342833055,0.00213332690716326,0.00176177855764982,0.00129908067534734,0.00236853244936083,0.00184549940355646,0.00227253420593244,0.00397319052717515,0.00423758606532171,0.00191033935346932
"TT0036",0.00149957499586323,0.00148701036910961,0.00332519261046637,0.00183016783213447,0.00345467764850791,0.00178818268411912,0.00333044498866664,0.00241046157428,0.0032706121703591,0.00116902129406804,0.00329758389244239,0.00116983197502894,0.00116652712945971,0.00117636563324828,0.00117015448651528,0.00151555504321202,0.00130130770950723,0.00182088096728824,0.00296398377408687,0.00176002287509767,0.00160808445798108,0.0017583373354927,0.00127591751137303,0.00268918223015422,0.00245483141212113,0.002784080792548,0.00339992232565584,0.00336137556902708,0.00161749338572123,0.00127311166236599,0.00116845165590194,0.00241663367681619,0.00133401010929959,0.00131522260046767,0.00116858355967595,0.00116878898644702,0.00269655582016872,0.00341048188092076,0.00427327171944617,0.00298343370478051,0.00295259787053366,0.00178434293983866,0.00322220301211208,0.00164636030215352,0.00181871954950363,0.0017489027857434,0.00334741897421149,0.00250836944497349,0.00190931170354234,0.00186291438326099,0.00216242852313429,0.001736935345552,0.00158938072355374,0.00307842798436461,0.00169452946771346,0.00271636233810053,0.00119953236106996,0.00325953593743739,0.00279633551052539,0.00123504953828082,0.00149205936086257,0.0027175851467426,0.00244675755811991,0.00230932221651792,0.00116929999226367,0.00407054071336447,0.00213911664539878,0.00176822580585419,0.00170318170643746,0.00228425153129813,0.00299024718720195,0.00299805188202653,0.00226775558055497,0.00235580230706928,0.00120228393208569,0.00348314997349167,0.0011690311462925,0.00204279358715027,0.00285357344403596,0.00301804613322637,0.00116855314261391,0.00116933700482136,0.00116811344153059,0.00132779544701294,0.004060862590917,0.00129247446108928,0.00286869969006427,0.00341208831880075,0.00215595411008913,0.00366311205862125,0.00339852139336665,0.00287626880412934,0.00335079440870528,0.00123780375816792,0.00132948866658549,0.00158456870459896,0.00235710716762801,0.00168412258791823,0.00245502293803775,0.00225791810681241,0.00358506208679461,0.00173458079223741,0.00117374293050793,0.00220642419412732,0.00116824495826241,0.00240864064471449,0.00343914656467929,0.0032506028302529,0.00222103926463233,0.00340803657905578,0.00307600288180276,0.00199345580329888,0.00337569700187533,0.00171860605685672,0.00191723444663747,0.00116854981404783,0.0011706669196731,0.00116546456717977,0.00116583013824991,0.00179779587224969,0.00193432492182643,0.00327767230523285,0.00164553208973487,0.00117797751077035,0.00125076595679363,0.00269558992077022,0.00305374874641615,0.00421492095176968,0.00181721778515286,0.00310626177450026,0.00251745808208557,0.00337414246195773,0.00179516989699904,0.00376430981733134,0.00155023468534247,0.00195420581168642,0.00277081834591529,0.00357783624101212,0.00285940258770946,0.00273499222395272,0.00273891097826084,0.00238141304648706,0.00156967713240427,0.00157941634852503,0.00311821604051045,0.00116956651126328,0.0021164760294607,0.00350741854282468,0.00161521733904795,0.00174740675446638,0.0017178344190788,0.00319589175866406,0.00155669865627554,0.00262976302463094,0.00382352539853877,0.00175972568251287,0.00135890296205263,0.00321503425192449,0.00231358152118817,0.00303958594100539,0.00296799679978276,0.00349279833150821,0.00277622539795033,0.0035370813606297,0.00277348477929518,0.00278427730857443,0.00116779180023842,0.00169993505999917,0.00217354373458968,0.00166402878232149,0.0023348822206892,0.00227876637134156,0.00237667929015524,0.00185964663114574,0.00278294882053046,0.00119795516818125,0.00336249246331988,0.00229816229896961,0.00196532171812083,0.00424317707262403,0.00332127324435758,0.00315815659704288,0.00276333546806438,0.00165366599840064,0.00309216679592543,0.00321748457344488,0.00243042689921651,0.00411680707214189,0.0018393630711883,0.00232141422076693,0.00339827983614299,0.0018980861370163,0.00210835826258957,0.00160584541373136,0.00223193126321624,0.5,0.00320244253673537,0.00253978145234178,0.00310483997692259,0.001789657187257,0.00177257948865509,0.00300756926274244,0.00370408223118678,0.00325148172068363,0.00165710215296795,0.00227087680023168,0.00251073251549925,0.00169197290376395,0.00286875102742806,0.00170680073077859,0.00124740843171121,0.00345383883629366,0.00343173132670725,0.00330757601781117,0.00217269407849001,0.0022965594478522,0.00159356904710459
"TT0035",0.00126294583454677,0.00252840159995948,0.00266016492429791,0.00170636453783606,0.00266052713211624,0.00160297207795601,0.00366157267662564,0.00175522887089054,0.00368459527087285,0.00196105673404538,0.00365462790693591,0.00184275353825976,0.00178747909146688,0.00159138133793294,0.00174035695964686,0.00182073128145852,0.00191932337042296,0.00149451015975269,0.00222681364968782,0.00161474521339723,0.00139300196547185,0.0014117029373818,0.00292024448095638,0.00213163656464841,0.00212607428993135,0.00447739812907458,0.00345156069103824,0.00336972061150272,0.0012081517583484,0.0025851743487925,0.00195033528377765,0.00450311453847408,0.00124827445020356,0.00165164164630187,0.00184682260163951,0.00176265986122169,0.00327172083209877,0.00360582004860526,0.00285037410940063,0.00319066546389259,0.00219703943156379,0.00141220843478819,0.00289555536149883,0.00126658886107608,0.00157855173154941,0.00154943998327566,0.0027542900435424,0.00260424819604006,0.00247437737982862,0.00173824768945096,0.00155767277644655,0.00157146356284384,0.00198121151358775,0.00302390050853874,0.00141369328415395,0.00237993464285905,0.00124869136314564,0.00289385781243081,0.00340538778345517,0.00299935114214815,0.00124199391996266,0.00166023909087529,0.00145158011862626,0.00258864409921456,0.00190969001356217,0.00285473701505505,0.00316356364614349,0.00164800287562201,0.00137990339978708,0.00186140636458014,0.00230075034622432,0.00237510536206637,0.00178734882455878,0.0016064025850825,0.0018916075623985,0.00364763068172718,0.00196320935477377,0.0028069370899794,0.00282840237337457,0.00374044448898573,0.00184776753335514,0.00195879423668122,0.00196812005427712,0.00169071331014099,0.00352763508971879,0.00228458809230048,0.00283821519770035,0.00297976359520197,0.00220629689431601,0.00333214980429937,0.00370194057953974,0.00435951740063741,0.00369818426020776,0.00197471415130275,0.00140451717329982,0.00216638868574413,0.00187159750855581,0.00138542668010184,0.00187411642099373,0.00212679660589,0.00223595847256198,0.00141615873527756,0.00196508655312054,0.00183345896419863,0.00187104423837271,0.00151981172135806,0.00275976457270865,0.0021182823943779,0.00164500165137855,0.0030224088597872,0.00335908091953236,0.00243087851665698,0.00280704361970893,0.00138178652638759,0.00125166449907903,0.001893498954695,0.00172929272451323,0.00177845506492737,0.00188779787951091,0.00197325332412787,0.00123959453703117,0.00363291001121681,0.00166025452360218,0.00161288657713059,0.00202916224234143,0.00209128442468286,0.00331911452163824,0.00356742922839261,0.00160302482244903,0.00313450868044032,0.00235185867008523,0.00273245623373894,0.00175322262350649,0.00186976336446609,0.00124000683101853,0.00175274682877321,0.00489802432697231,0.00294983368726893,0.00384352202850123,0.00240297107678214,0.00340242146170647,0.00128591799262718,0.00125011654995641,0.00257428322282682,0.00437206243400711,0.00170510899800096,0.00142639405351993,0.00154435291638852,0.00123674456543188,0.00140199823056987,0.00145633353828301,0.00301266612632417,0.00123624023631771,0.0030459561862211,0.00199728352646743,0.00140213495789444,0.00125104766830084,0.00344031620696174,0.00353786313912202,0.00280203166009532,0.00344517772973429,0.00360370313245494,0.00224190150661175,0.00286504485491249,0.00265990241243533,0.00311098592656936,0.00199616354029404,0.00139592437448788,0.00186810705335477,0.00138645756327534,0.00299565492140518,0.00183617887045719,0.00188994077176707,0.00184753335035096,0.0035767789110768,0.00126615852989734,0.00276722180469098,0.00196556188030197,0.00125137398583502,0.00300282797128411,0.00375253518133936,0.00300867824578972,0.00286888800611554,0.00137971849987356,0.00272314417735582,0.00427796317447512,0.00163092691801299,0.00346757012468923,0.00192632833092676,0.00160954350299134,0.00300084066577347,0.00169483753117332,0.00162190325036993,0.00128171095930989,0.00164934052431296,0.00320244253673537,0.5,0.00205166257907221,0.00233244937001031,0.00160681411424213,0.00138918672610616,0.00228924645325498,0.00265921887884198,0.00367759842501785,0.00137443594307087,0.00230712556623088,0.00492495499272775,0.00138883886926191,0.00376265518696114,0.00138662520180285,0.00239227730863984,0.00278615501147377,0.00376465986992756,0.00328166974116702,0.00203044833321835,0.00190971946992786,0.00125526329682731
"DU0079",0.00181111446933366,0.00142959429107554,0.00315266391516015,0.00169878289136393,0.00349113405358218,0.00177466270790022,0.00230579127617395,0.00145208550190987,0.00186353638282507,0.00172422055670544,0.00243729436007478,0.00184457737276263,0.00187194953279412,0.00183433843844494,0.00185674160126798,0.00197496849653866,0.00178932883133166,0.00205500626471032,0.00385194484705711,0.00188676313191432,0.00183212408757604,0.00189648266758064,0.00135857894782736,0.00365680202727105,0.00382737182606759,0.00224716406303113,0.00194826718801159,0.00256508474916173,0.00177639330804402,0.00177842130676282,0.00175927535810119,0.00193724095786761,0.00204147367290485,0.00187036462051016,0.00173118696954437,0.00178879981167058,0.00303752897994083,0.00231326432435334,0.0027648432459776,0.00265239726746706,0.00380488338200873,0.00180631278645833,0.00316866046955064,0.00203246876813352,0.00193708771335306,0.00205980085434829,0.00336378134499144,0.00328317109876488,0.00227998111230142,0.00133376464347195,0.002825986830273,0.00190278899784022,0.00175672075287593,0.00291284951083197,0.00195101451447984,0.0033868262932329,0.0019158462574909,0.00283746939684304,0.00262814465146785,0.00132628290006992,0.0019817253611994,0.00232410514801212,0.00240961921514107,0.00245149007629372,0.00172774190187144,0.00298342448432987,0.00254020437477764,0.00177826911770312,0.00186089495359675,0.00229970340738157,0.00294664663593685,0.0036744874875165,0.0027986433875367,0.00143948085110162,0.00173136975549151,0.0027101112065216,0.00172412202208538,0.0019203714597506,0.00319303531687244,0.00246194296698842,0.00173102763548586,0.00179127473635613,0.0017218869650092,0.00206505595971265,0.00213692666894177,0.00139361002719313,0.00327874647150064,0.0028133540604414,0.00362188974777706,0.00212329683649538,0.0022449616436035,0.00210502644883556,0.00252715199669957,0.00191692690046401,0.00189425176589049,0.00144378660546383,0.00256095832263693,0.00182636246198686,0.00367236410759436,0.0027757913354556,0.00316656435319072,0.00182595100877929,0.00178023012335527,0.00275138117978253,0.00179102078002745,0.00238834287602488,0.00330049013457888,0.0031541984150835,0.00263616399481182,0.00279061208169022,0.00250446689074365,0.00210469717030501,0.00315064964495539,0.00190866433591124,0.00182879608154163,0.00172719422301442,0.00182048113317422,0.00182996021883843,0.00176793977302197,0.00164195761084524,0.00194489949155739,0.00257033197413789,0.00172895370118526,0.00181082613430479,0.00173580109767556,0.00351571589666332,0.0025403606484922,0.00220905262608154,0.00180630348708077,0.00258282849883114,0.00360138946059034,0.00322033767248154,0.0014662925754469,0.00295657479823604,0.00199037426231746,0.00150547778779549,0.00206375652115603,0.00313321692273429,0.00276166009034281,0.00333995751785426,0.00287835276873064,0.00145937239854036,0.0017869096419227,0.00143660025501747,0.00252805185713145,0.00188723283963898,0.00196147207988493,0.00221264196435773,0.00204697764045126,0.00198922166749659,0.00167176481321622,0.00294787837350392,0.00208874200631093,0.0035984620035962,0.0031844647841705,0.00180301389343717,0.00146727620830194,0.00259986007902678,0.00231851678175795,0.00280647306022704,0.00272133287970684,0.00275366809667259,0.00319436388187744,0.00304129832304162,0.00322873948457935,0.00240110248089059,0.00172000932220032,0.00186898771001858,0.00247048919982967,0.00177647406368259,0.0028604327103096,0.0023302636964567,0.00262971264631174,0.00149317073064688,0.00233900731387976,0.00184435104922559,0.00291536236705224,0.00309439652928052,0.00178498534489222,0.00252078347404743,0.00262842953296543,0.00283895195326634,0.00257928531341534,0.00183624101182343,0.00312498514425895,0.00231098430096452,0.0025261455503203,0.00210516273823838,0.00200315292966218,0.0016437663668074,0.00309576596968944,0.00171579337877203,0.0016647275678389,0.00188067499208759,0.00322271946332406,0.00253978145234178,0.00205166257907221,0.5,0.00361737754375919,0.00147762953124406,0.00181628352988831,0.003747058688803,0.00315040051723404,0.0026451372355626,0.00187852526136249,0.00357175715271306,0.00187254807766843,0.00210332189645238,0.0027341747528889,0.00209630379658453,0.00148005076891074,0.0032648350139641,0.00211881660492301,0.00270813045918708,0.00255654195145816,0.00266215647526935,0.00187221499244131
"TT0033",0.00174125165356206,0.00139537377958767,0.00328098893343037,0.00175089664233833,0.00374548633219124,0.00179118174087839,0.00255347678672212,0.00152602112366956,0.00286870155768609,0.00140753577471535,0.00282771976018981,0.00161454459022669,0.00162757200120951,0.00166409194685178,0.00162892692547734,0.00173518961219221,0.0016631390369295,0.00183461186146096,0.00371986986443646,0.00187123435471528,0.00201034067146523,0.00190819565429835,0.00128735749145178,0.00343471012351214,0.0036689870117888,0.0023367336433637,0.00215787615154366,0.00285014698439415,0.00179404713522814,0.0013192193551888,0.00160467767472522,0.0019762819431159,0.00173424992648457,0.0017102239836302,0.00141269662741512,0.00162537301947042,0.00216219616962827,0.00281450826263551,0.00302607466660361,0.002634377990116,0.0038143469625356,0.00207520969697184,0.00350242176515968,0.00193098069580925,0.0019990941552276,0.00192188694482514,0.00354218412946529,0.00303260856425415,0.00215323130842475,0.00152768702779697,0.00277836452328535,0.00203364574366362,0.00169272481049931,0.00285956178559837,0.00187283696837964,0.00339064791471377,0.001748663911864,0.00288597041486118,0.00263056904514368,0.00124536797433103,0.00177935478467751,0.00221373127119058,0.00234065033039201,0.00271174365155957,0.00141040280553432,0.00315575558818644,0.00237234560927649,0.00183509765311173,0.00204050068623558,0.0024507162032592,0.00314016759258273,0.0038233184920018,0.00284881940650883,0.00171645252929411,0.00142681821325949,0.00293587844697893,0.0014074479827012,0.00171918053406792,0.00320257479886717,0.00243796091360152,0.00141258890491476,0.00161355233463917,0.00140569896288439,0.00166802957289126,0.00235973290669247,0.00131814349201917,0.00337072241207764,0.00303943818290687,0.00328293589714975,0.00229323721106136,0.00248583569903617,0.00221359442905709,0.00290529423455253,0.00169556879907228,0.0017268542786577,0.00165341038759133,0.00259516792914949,0.00200514502408381,0.0031451823233199,0.00255801255314298,0.00327834030105554,0.00195974505247281,0.0016483811755771,0.00253975606390225,0.00161386137960048,0.00255960554337182,0.00372776550420489,0.00295490557429476,0.00254570013437915,0.00299233052339993,0.00252242812102997,0.00204826327382264,0.00349706250467165,0.00200531383461925,0.00169285667040953,0.00140995909375931,0.0016285714073071,0.00163060618284805,0.00161443280055613,0.00160047398799098,0.00177365556151622,0.00255673329889745,0.00173670993590482,0.00166376433639725,0.00161967444765718,0.00336333271668192,0.00260269826304581,0.00236693802503533,0.0017958293820607,0.00282652977972012,0.00328454695630604,0.00370263483291954,0.0017625077111348,0.00277673827993752,0.00185214585505478,0.00196164548434201,0.00212691457158154,0.00334389396438322,0.00287046345636446,0.00340566871893722,0.0027963126422394,0.00146048306013355,0.00184501896260404,0.00141244915849167,0.00262247140554552,0.00165355900831987,0.00184821669906194,0.00210216904482553,0.00181960692711243,0.00180179564017165,0.00175860302737666,0.00353955480357988,0.00181186544162155,0.00338080736985982,0.00300084056258011,0.0021753207241526,0.00150972083250872,0.00284074874513029,0.0022163513979919,0.00281544695540543,0.00255670883842636,0.00277218488935329,0.00326917828416369,0.00357889761186863,0.00313519552529603,0.00244930821352554,0.00140407398325315,0.0020706537070999,0.00269036550765753,0.00199457924686818,0.00264330588532484,0.00249494286365825,0.00285289920400349,0.00176078068593741,0.00221122206652575,0.0017242715474317,0.00297415088119031,0.00261246887415791,0.00175294380959833,0.00271826511106755,0.00279296165962427,0.00285179177878169,0.00257738946740111,0.00191487924706328,0.00309846786378191,0.00242116475722183,0.00248056614572813,0.00225242026545526,0.00189067611113973,0.00179337189260576,0.00336878878733312,0.00201976671763614,0.0021047985372004,0.00180347516952426,0.00296559988141161,0.00310483997692259,0.00233244937001031,0.00361737754375919,0.5,0.00155586764537502,0.00195847542559069,0.00380789699737413,0.00320152289757952,0.00279163459037547,0.00184846831115058,0.00327030208920805,0.00190812677308512,0.00180200824381142,0.00284937676691798,0.00186116203591284,0.00141470475149875,0.00280872688713277,0.00243354665827681,0.00282645428908311,0.00244182378917225,0.00260636639700227,0.00196145534134733
"TT0032",0.00141241767567539,0.00131228533710588,0.00151786904530489,0.00182180986144801,0.00169543474014817,0.00169022050928758,0.00150252391470932,0.00720126064836185,0.0029565407672945,0.00115649720870178,0.00155157959702788,0.0011047937767021,0.00114589534324011,0.00116780077216455,0.00113526079494213,0.00254900213116079,0.0012680943133317,0.0343408476477866,0.00176368477165754,0.00264350670650133,0.00142596612904721,0.0027806094402874,0.00118235455083523,0.00153360226372455,0.00146978823809364,0.00131566120815467,0.00382013279527796,0.00160173996151209,0.0371767090439405,0.00112760216345776,0.00112312483965465,0.00120721690841763,0.00135017081206089,0.00129258511654819,0.00116664125569314,0.00113769251175016,0.0015062994074253,0.00179891183440675,0.00159776254392646,0.00152776492312979,0.00156110968504142,0.00148383144816371,0.00143602837005913,0.00319331127111125,0.00179269778051119,0.00174598977438699,0.00181047700882885,0.00144693962501383,0.00150839723557164,0.00188260822121583,0.00231535504460316,0.00147342573773204,0.00133223677982758,0.00149319775090018,0.00145545693141003,0.00150821165148103,0.00145343736081613,0.00145472327560673,0.00135577006255601,0.00111719881233843,0.00142335839596736,0.00163075390734936,0.00160374905234387,0.00123943621094363,0.00116177804187998,0.00162173859819606,0.00150744121848519,0.00150591977720465,0.00144781534574561,0.00529509730885462,0.00179693449767084,0.00184139965676966,0.00166167597935228,0.00174742600558205,0.00237399253301977,0.00138431937672291,0.00115630492334725,0.00127134061893984,0.00123781534529807,0.00134508910612149,0.00116648524898308,0.00111607598014039,0.00115434575981491,0.00127968387412269,0.001396397292526,0.00123155825668792,0.00139438488797669,0.00152039838621563,0.00144854955550369,0.00159079847178465,0.00196950064688201,0.00404455556455611,0.00154517946938246,0.0024976715343231,0.00114641704352578,0.00133903484142859,0.00219424716371739,0.00144625645157748,0.00155136095260076,0.00152604495099375,0.00163113651310149,0.00146355120384448,0.00110622900857524,0.00159150095225282,0.00111560066090106,0.00303003054624329,0.00189009372660037,0.00170057253564349,0.00160798714600219,0.00150946133965901,0.00144495662009232,0.00142794961915058,0.00153339039826702,0.00144317691186647,0.00117613411640382,0.00116214987072531,0.00114003854420589,0.00111658716041757,0.00112273181692954,0.00126724041625972,0.00136506238493544,0.00120903643967779,0.00133413041470736,0.00117112680693245,0.00588411693292116,0.00149880574344684,0.00151903464841306,0.00163006173131415,0.00173020883181361,0.00404150219049806,0.00138779503586421,0.00527464413896491,0.00137180385841023,0.00133076231675623,0.00142716040252568,0.00201141294651876,0.00146309513772459,0.00181365808172341,0.0013193275138206,0.00151123249943777,0.00133503229847096,0.00168243323936034,0.00284957714962811,0.00156740397176461,0.00127469510685624,0.00112021781510432,0.00130294423366456,0.00133089292217673,0.00172076242373189,0.0014803672641799,0.00758573062246486,0.0014420013674352,0.00145745878758097,0.00141099556794905,0.00136882930070274,0.0014688223090472,0.0415977533450516,0.00154363125692231,0.00119800238651059,0.00140229060183859,0.00123518691888104,0.00176226796888464,0.00183533848527325,0.00157152328818546,0.00123445961749059,0.00152751245137478,0.00115139077502753,0.0014431915403609,0.0015569038916551,0.00179248242155124,0.00163930035122366,0.00280875167804826,0.00194267026147461,0.00173076004454986,0.00118938180605338,0.00158706892057094,0.00148493504180304,0.0018149136780276,0.00136427479524314,0.00182306494738035,0.00133472085934126,0.00135727645822686,0.00261114610862328,0.00145113237704882,0.00154323093725218,0.00139628813717898,0.00187475294403298,0.00166186569795647,0.00134868127825374,0.00174786847047842,0.00151258450338429,0.00148032166109033,0.018697613810943,0.00249887260143338,0.00152074278674466,0.001789657187257,0.00160681411424213,0.00147762953124406,0.00155586764537502,0.5,0.00154342359637391,0.00153908336442206,0.00171453466239012,0.00143539163077668,0.00144887805319622,0.00136600831585503,0.00118948646463327,0.00179336975892011,0.00136087867605031,0.00185282633072817,0.00237469633321048,0.0014329197705718,0.0018349763149276,0.00151629427930049,0.00203154171185571,0.00187700502807144,0.00144722170631741
"TT0030",0.00348219999713228,0.00310165594987385,0.00190378215447009,0.00363375482620965,0.00167407397673297,0.00340648833255768,0.00178314849795116,0.00147933095222956,0.00142257407547626,0.00316394419546989,0.00182555097376003,0.0033494020145824,0.00335930589837603,0.00340916024006174,0.00338089025520769,0.00192571989631512,0.00337232194972037,0.00195590158124244,0.00181621042254156,0.0017790848621188,0.00358087205763649,0.0018493390210551,0.00304291075413264,0.00179428087508012,0.00183779048709705,0.0014229730482991,0.00241684754226657,0.00188496436243685,0.00190214420026282,0.00305598325368661,0.00334679786753216,0.00138034991309263,0.00345355376417409,0.00343625390213257,0.00316708136378612,0.00336209620960204,0.00148896464495676,0.00184925676014992,0.0014144347160358,0.0019016818318987,0.00187047053120049,0.00356778326851066,0.00180357786329456,0.00186918290758352,0.00355220625035835,0.00347961375284342,0.00180265327077352,0.00141076672941466,0.00170015509984743,0.00332916789120936,0.00182646694554677,0.00353503573182186,0.0033453877987424,0.00183627752788854,0.00350181663502619,0.00180969399934161,0.00351103714579289,0.00181553812211245,0.00179341580668913,0.00301112814152545,0.00350397608702457,0.00202709248454667,0.00184330603962249,0.00142687753456781,0.00316709796900195,0.00141951594187845,0.0013361268551617,0.00346914811350678,0.00355021049148076,0.00146030204409172,0.00174456985845439,0.0018559328068113,0.00179353911826765,0.00344302553522943,0.00150220979091495,0.00166470055373358,0.00316382436181442,0.00147405122873511,0.00172091863596049,0.00176340022722649,0.00316695117712694,0.00334587973626877,0.00316078282584235,0.0033701127835163,0.00200163365930521,0.00308279707850027,0.00177107014580988,0.00188531078331571,0.00174943120404841,0.00181110339962001,0.0020933554794032,0.00123077262738409,0.0018992096402405,0.00185053884721776,0.0034589698242939,0.00328679373139437,0.00184671878084025,0.00356742758803646,0.00151915716081653,0.00143387922735516,0.00168878210767352,0.00357110713440651,0.00339853394277062,0.00179347361983715,0.0033490716721223,0.00189471359780776,0.0017596079550863,0.00168426654793148,0.00181367743216584,0.00186592098490806,0.00182753559237172,0.00173171349288537,0.00179788419264098,0.00364288784746189,0.00346089818176573,0.00316562175962545,0.00337990821006927,0.0033708784650056,0.00335407948912941,0.00332671596437393,0.00348109764650121,0.00172714489286299,0.00340032629076399,0.00341015708121257,0.00169234306147992,0.00184102551885622,0.00189317248046473,0.0013936822564329,0.00353775677775134,0.00176163686252555,0.00179817523336587,0.001420585841758,0.00345111150132776,0.00132079120442676,0.00355124294897801,0.00351462289002074,0.001297687854342,0.00186646425225477,0.00137806546237109,0.00191093504039718,0.00143603324720021,0.00318027992287043,0.00353383535350114,0.00310237022133085,0.00128589597490827,0.00339781358280004,0.00186527660807294,0.00130903952599317,0.00350977663625057,0.00345296853402792,0.00191116906992344,0.00168260700380489,0.00353451938582834,0.00163987428316664,0.00133325543873083,0.00365906734298138,0.00197065047041978,0.00203185944356965,0.00172289885205193,0.00178566163609799,0.00147903136676515,0.00171922694190806,0.0017697116437583,0.00192418492769448,0.00172796105210002,0.00191233605147881,0.00315851981609163,0.0035770579448098,0.00188673717623784,0.00357419574070136,0.00137228062567063,0.00185164504151467,0.00183206484026618,0.00340587499759223,0.00172121173211186,0.0035156202504651,0.00180826836539188,0.00146273649715585,0.00351140538649089,0.00166692176385712,0.00165247712803449,0.001714131250036,0.00177847372622392,0.00356622363048345,0.0018868677208994,0.00140161124612007,0.00178006973747073,0.00137683400452098,0.00175130039400456,0.00343204657072957,0.00172002280878129,0.0034632512441356,0.00191659005225206,0.00181731794437099,0.00186052962992527,0.00177257948865509,0.00138918672610616,0.00181628352988831,0.00195847542559069,0.00154342359637391,0.5,0.00184271174234566,0.00175151165569757,0.00178837854670043,0.00353950115894671,0.00176111844380954,0.00127377038081813,0.00348000539832656,0.00141517848891476,0.00354975258437347,0.00142204914615693,0.00150825657457004,0.00144141750969738,0.00192457641511196,0.00194565764695374,0.00172839161562781,0.00359071590661198
"TT0039",0.00173740777021897,0.00141110588321739,0.00340049264499679,0.00185983790968761,0.00400288682314661,0.00215273215024844,0.0025243805473897,0.00202047934750903,0.00204578569914336,0.00138686162858345,0.00277318350123324,0.00163461199883573,0.00164677399876712,0.0016479955092041,0.00160148636937643,0.00173900275205299,0.00163978909985687,0.00187386093644715,0.00365298266334822,0.0018245785610727,0.00172617170962194,0.00180471403096408,0.00131119438234813,0.00360638370540492,0.00373034614520605,0.00248411185130875,0.00211762055374563,0.00302271130587835,0.00165168456862502,0.00137157736380824,0.00157983573400542,0.00196021849234813,0.00175080517907835,0.00166941615037677,0.00139041467027259,0.00160773932628075,0.00242263689695117,0.00262434489792821,0.00298431383085762,0.00254244343211605,0.00378168669439261,0.00188161562075628,0.00335725352442104,0.00180833872252705,0.00184010510436065,0.00177521730157683,0.00331169570382181,0.00327505913557561,0.00225611786723023,0.00152273951834274,0.00267450458059003,0.00183828651513983,0.00167134276053188,0.00281908702723146,0.00190688880866963,0.00332296025387057,0.0017340421544326,0.00280097265726283,0.00234974426088843,0.00126711595641962,0.00175428960282091,0.00229455800592075,0.00239674527645571,0.00251594295111915,0.001388971711919,0.00315099558926337,0.00248368272062257,0.00205611005432001,0.00182017159723927,0.00261594646956661,0.0032292096526156,0.00367371684312046,0.00251988880822711,0.00146984571909001,0.00142136442160067,0.00291743108151612,0.00138680585129824,0.00193560726001025,0.00297177776816973,0.00236163271503388,0.00139032219395221,0.00161582889077931,0.00138518764549236,0.00173252223148602,0.00227829681345395,0.00134202033482921,0.00328086191705276,0.00283435395674648,0.00335715002482684,0.00246582693207871,0.00272037748310291,0.00219378103112114,0.00278412464826753,0.00167958487419037,0.00171321475639002,0.00172917514670683,0.00266966017899946,0.00176006882151338,0.00323748934093134,0.00292552517492653,0.00315436669743054,0.00182112272618111,0.00160714583482477,0.00279638630045836,0.00161371401837985,0.00261898660917475,0.00386810388923594,0.00306505739947147,0.00293050551418879,0.00279402654938025,0.0026535424210049,0.00202306288571631,0.00351621983998552,0.00186597602852998,0.00167461496265172,0.00138832922612031,0.00160144182296383,0.00162969670168082,0.0015894259791345,0.00161600374323547,0.00180870975485967,0.00250386573547418,0.00206705167359735,0.0016283044831734,0.00163169335616459,0.00366089388797317,0.00268439460627896,0.00235799442657472,0.00215074381417386,0.0027251565213835,0.00339151705824242,0.00383073559531652,0.00168986925062039,0.00287798349997828,0.00176779792328593,0.00186211051380171,0.00211938438748525,0.00354176032947306,0.00284156398925295,0.00331906728336755,0.00292901891285998,0.00145425784857881,0.00178831783755539,0.00160427548275945,0.00260044528535156,0.00163557955589842,0.00163307926770368,0.00217550270164432,0.00186625308241943,0.00198802221852732,0.00179495648176992,0.00360827112115151,0.00180088320584389,0.00350374454705909,0.00311096381806232,0.0018322926605071,0.00149279021328359,0.00269202063287464,0.00220675343058744,0.00274573346821112,0.00249525807566821,0.00305533115875337,0.00376888687830055,0.00334254555923058,0.00311459504339071,0.00234449681589871,0.00138398802615735,0.00180381326014156,0.0025239343622242,0.00170924617856932,0.00277760695069816,0.00248327580827376,0.00261736464952867,0.0020831984278978,0.00199647426626999,0.00165475996409382,0.00288627970406803,0.00299721770508984,0.00165779018424414,0.00267081989402433,0.00271689943880866,0.00281300696420166,0.00230899946951116,0.00174853519904889,0.00308056413865813,0.00239278879839537,0.00283424094201854,0.00221721452541483,0.0019458807084309,0.00182080985959711,0.003407796446877,0.00193091311174892,0.00182414768046894,0.00205071209691723,0.00301541519416662,0.00300756926274244,0.00228924645325498,0.003747058688803,0.00380789699737413,0.00153908336442206,0.00184271174234566,0.5,0.00334462105312593,0.0027031477769563,0.00202841867195444,0.00332208186231004,0.00189535565929652,0.00178943563476576,0.00281547375710265,0.00179773636028838,0.00144482690691894,0.00302327383796039,0.00242371623837612,0.00291322960614002,0.00258804786297159,0.0029619655233615,0.00168672568030759
"TT0038",0.00137313217720279,0.00151287721650265,0.00367276238887246,0.00178637663403559,0.00348070382021304,0.00190052703068327,0.00295720532855256,0.0022133499253466,0.00241576826866383,0.00118124093281694,0.00296260110643672,0.00151795599127161,0.00154807867453919,0.00133416702080057,0.0011867799678507,0.00157893136346786,0.0013346757422792,0.00200854167965914,0.00343610487858661,0.00186788057811793,0.00137787648607476,0.00192819173865689,0.00127847218442195,0.00295038405208786,0.00302667880129867,0.00251535865411965,0.00304240778314585,0.00314227193544664,0.00141769886175482,0.00162029148155441,0.00118374800066191,0.00228451073185495,0.00168883807182359,0.00152066292978573,0.00118137050767196,0.00118643615537493,0.00312921508675064,0.00305693258938738,0.0040537599093939,0.00285380907954177,0.0030385553575402,0.00170024891342249,0.00312636501590944,0.00175535903236465,0.00189892174633005,0.00187479952805122,0.00368778838784536,0.0027204283735362,0.00201151966628955,0.00171431416883675,0.00187899944123916,0.00177805984923157,0.00163828091674933,0.00317974712598657,0.0018287548608315,0.00327369813791319,0.00156015621549646,0.00306604921126952,0.00263354651135938,0.00123619632149337,0.00170102316827057,0.00278568117795153,0.0023989701776688,0.00199981208948458,0.00118187040033238,0.00403932570867226,0.00208078120847581,0.00182547411350583,0.00169158330843847,0.00236368705847827,0.00299650721027766,0.00302189219507626,0.00239584902866294,0.00205926378669393,0.00123020019470151,0.00321712088159056,0.00118123701416973,0.00203280742199773,0.00324297148291292,0.00277924766061151,0.00118133616096583,0.00132375385716709,0.00118017474985346,0.00172409089202321,0.0037003568435598,0.00130015369619811,0.00308176986026637,0.00307002042246404,0.00249342265781334,0.00324125896928327,0.0031997429508045,0.00257611908156002,0.00302521676753823,0.00126207347308592,0.00153789789230538,0.0016110465693325,0.00250012934125985,0.0015693117860657,0.00291871897179956,0.00251355455486253,0.00328884567345836,0.00162588904011759,0.00118588634676832,0.00257181735406858,0.00132154545487792,0.00250896227650643,0.00354595281714266,0.00322189443665855,0.00243730274339866,0.00304337031946887,0.00292339848683939,0.00208805580015462,0.00353577334100714,0.00172998101188372,0.0018426343091115,0.00118110133149457,0.00118696838301611,0.00133336048364045,0.00118226904207725,0.00180527939527575,0.00204354343559034,0.00304628756666479,0.00178465246461068,0.00119407401722014,0.00124924943670532,0.00298167160787149,0.00287040215625933,0.00364556346242591,0.00197029267242044,0.00268024256538544,0.00250502793888316,0.00355756047496774,0.00167779809954594,0.00348082984270437,0.00169864614257371,0.001794294164146,0.00249853976972689,0.00393071223514199,0.00320305609664793,0.00311964990213523,0.00294393428600119,0.00216982312420159,0.00158388070230384,0.0015606919157451,0.00301779036560466,0.00133444845956734,0.00202557739300391,0.00310583905658499,0.00184482698398167,0.00199515718941933,0.00169562688694737,0.0034249754644193,0.00174123275802594,0.00285057002589651,0.00359942759214608,0.00164410585025996,0.00150401993363898,0.00298402293519151,0.00239160524685649,0.00298475612814782,0.00271701049989256,0.00342013985875746,0.00301121984285339,0.00357163324706762,0.00335637002307251,0.00258522139941816,0.00117970704052938,0.00161369356016836,0.00189511274642377,0.00122428003019731,0.00242705860015319,0.00217208047672778,0.00239083489065345,0.00182779437754341,0.0025708833035422,0.00133114506986878,0.00314328265759524,0.00270372278673528,0.00182825015125116,0.00377354574085293,0.00305852419927174,0.00277382388295854,0.00262258169317038,0.00160342591331717,0.0033885130666577,0.00296453189401469,0.00263041965822562,0.00350578391682504,0.00203722507041435,0.00210573904280871,0.00355256097290834,0.00181563480265562,0.00192742225903286,0.00176894642700891,0.00241190403007042,0.00370408223118678,0.00265921887884198,0.00315040051723404,0.00320152289757952,0.00171453466239012,0.00175151165569757,0.00334462105312593,0.5,0.00276303059331289,0.00177840045707125,0.00246999032037367,0.00224650647515319,0.00193346200845492,0.00302988851643496,0.00194748257363824,0.00142142043408287,0.00362882816480228,0.00278823113344259,0.0031744957040483,0.00230754945754349,0.00244366740576402,0.00122612903009154
"DU0025",0.00173405303612543,0.00181845284731547,0.00307351564354145,0.00178164276894484,0.00261744646096497,0.00173941317241204,0.0035206291554589,0.00149278875095924,0.00306770416632117,0.00176837984323401,0.00358516720192931,0.00175929777428405,0.00176369713406512,0.00176290464746209,0.0018811086019597,0.00198457401248734,0.00181469538150972,0.00145385402749157,0.00286874535878869,0.00177006971800686,0.00183233625412563,0.00183295947733647,0.00154871311497797,0.00247552030565655,0.00239422790478817,0.00372772974614021,0.0031435807593863,0.0036614105689236,0.00162419977468158,0.00148790148138938,0.00177647575863034,0.00335513188728104,0.00175781846699953,0.00187851592224981,0.00176838000906161,0.00176740958362842,0.00302863646709504,0.003540796745385,0.00270956775856455,0.00346225298738159,0.00262203392399243,0.00179916063228815,0.00309463355105388,0.00169798454205996,0.00170844973479044,0.00175396880639488,0.00297415326676088,0.00236131601550448,0.00197883412789162,0.00152979398883685,0.00203339184459343,0.00178789070208987,0.00198653742901056,0.00351247424966489,0.00180865555107312,0.00265547777257041,0.00148830948064277,0.00336556965336834,0.00340710861736678,0.00153428979225125,0.00148496310315165,0.00154643090860884,0.00188248518367968,0.00227199123566044,0.00176855561523454,0.00270378087901831,0.00219178124856353,0.00177805437278775,0.0017995757217198,0.00172674320015209,0.0021512024610015,0.00258607196694395,0.00169346891455218,0.00148079674345464,0.00177347317039266,0.00335685954173106,0.00176842024531521,0.00220059088044652,0.00294963190438293,0.00358215227333433,0.00176827406287565,0.00176602099801584,0.00176689561854493,0.00197708106953792,0.00337453241604631,0.00180016982323863,0.00300400567756195,0.00337820038835492,0.00243523975682609,0.00325404656099098,0.00341366940481346,0.00366893266438383,0.00368050956259394,0.00193471282171129,0.00179665054390441,0.00186746478900705,0.00192007241300423,0.00177371238085566,0.00196169632322528,0.00209657042190768,0.00204242733036641,0.00177592542711776,0.00183731347145725,0.001985339300685,0.00176148023907228,0.00174434078688772,0.00283752406927641,0.0019774597811664,0.00198361487511075,0.00339829028493994,0.00344634364526107,0.0021064551913234,0.00302133756893512,0.0017694352332507,0.00146508526102662,0.00176734561648296,0.00184065400410052,0.00179749800176496,0.0017662269591884,0.00181273426895084,0.00177514541032302,0.00362351263542986,0.0018554934786171,0.00178510690899591,0.00175439918658948,0.00248234958563794,0.00354386594195117,0.00332306850606026,0.00182130876472382,0.00365128255270549,0.00253854106757476,0.00260887686389185,0.00188991143150965,0.00184469676082431,0.00172470582283328,0.00185294933196716,0.00332147798629646,0.00309545651311607,0.00311770020686607,0.00267684884807717,0.00306712104687059,0.00142773019999834,0.00175980650193827,0.0018256782440973,0.0030426836753639,0.00190215597757763,0.00161894694626968,0.00149939574754087,0.00172831970859027,0.00171811880447116,0.00173853810605412,0.00287558082642284,0.00167437678314654,0.00260609723515216,0.00198463677940452,0.00183723297288274,0.00142850267430219,0.00358292394666769,0.00323954926297753,0.00326813853436451,0.00338378498343661,0.00365175045728909,0.00209413592765644,0.0031302436293529,0.00306962784396877,0.00316248498787167,0.00176690032711347,0.00176276691180599,0.00207804608117384,0.0017854739352752,0.00226522137924478,0.00198126389997866,0.00172576366615805,0.0018012068166428,0.00338667226574009,0.00151102445088219,0.00327478703107686,0.00181083265193009,0.00171999032599986,0.00306180314795816,0.00340189937638126,0.00340304059122292,0.00305680920628942,0.00173161434459159,0.00310313212478623,0.00356206019929822,0.00192381214330793,0.0031780751865322,0.00193810394913757,0.00168308516855348,0.00305946966048676,0.00184703612839446,0.00169555152573856,0.00174946175430584,0.00211747183155661,0.00325148172068363,0.00367759842501785,0.0026451372355626,0.00279163459037547,0.00143539163077668,0.00178837854670043,0.0027031477769563,0.00276303059331289,0.5,0.00174405745694426,0.00248001498415506,0.00315043291213752,0.00174808386975626,0.00318051740888244,0.00149397336036556,0.00185822265472419,0.00301319385869585,0.00353836977484296,0.00367104035436906,0.00203078829906275,0.00206936434933635,0.00182997327450545
"DU0024",0.00362491633357169,0.00313179559807818,0.00196122533065153,0.003475885992758,0.00180655236018115,0.0036709172765832,0.00172595247080053,0.00184813493963259,0.00129765961432635,0.00341497554754503,0.00189121532385637,0.00344646576868095,0.00345342788189596,0.00350805986167146,0.00346263255515343,0.00198474276822529,0.00344327380587146,0.00177709500637607,0.00174598802416806,0.00174500199800979,0.00356402692094812,0.00176224783243496,0.00307341420419245,0.00168995957431149,0.00190030867284239,0.00142727316327971,0.00127091103207521,0.00201950800564351,0.0018201193699582,0.00309307477975743,0.00343092185752004,0.00138201274663919,0.0035220750185473,0.0034891438567665,0.00342035099539153,0.00345452234138418,0.00149899803239642,0.00177775988638603,0.00132792091714498,0.00184786613941541,0.00179373336595599,0.00351684423933306,0.00173506015114926,0.00189012236025712,0.00343761108932453,0.00342519049058981,0.00169843074697687,0.00167570508653384,0.00146066664025134,0.00331366269120216,0.00183179052409576,0.00345626047135889,0.00317204775012334,0.00188255178541857,0.00351630460113835,0.0018946441241077,0.00361303804888546,0.00188541378041995,0.00187299689601792,0.00304244214190824,0.00358010930758013,0.00137587340297134,0.00168777719791138,0.00127159760518189,0.00341901001144999,0.00136810160632062,0.00131219322141658,0.00361755540794545,0.00348211558125603,0.00174869649203667,0.00166637077269674,0.00170597183368783,0.00146803073512619,0.00310262262015751,0.0017541097938643,0.00165777425670358,0.00341483292347784,0.00144648269881464,0.00172650951296192,0.00172556402388933,0.00342017099110893,0.00344248516206292,0.00341135060988697,0.00338962705183865,0.00122406968541776,0.00311937117178195,0.00180906726814513,0.00185352794296649,0.00180469921933182,0.00162203088475653,0.00150447036556771,0.00130004890110633,0.00184814709655535,0.00192665543892111,0.00354297344419865,0.00339670264570906,0.0017967897032006,0.00358901581059943,0.0014711497619512,0.001795356065943,0.00131961571359799,0.00363123312593765,0.00344997012629503,0.00183818373351142,0.00344664615770589,0.00164108055803014,0.00192123738136799,0.00138510586663248,0.00199450347424404,0.00187280180042345,0.00200866236581678,0.00128952407504321,0.00189657879670352,0.00355068370688141,0.00346168095195546,0.00341755891767012,0.00346261449564263,0.00346494554221353,0.00343767083270916,0.00328146886853017,0.00343123263828582,0.00172617790610563,0.00368824098230462,0.0034989074329638,0.00176108676173687,0.00200218503146974,0.00207355040010559,0.00132962651934924,0.00373469658973125,0.00170776670468221,0.00186614474999674,0.00175638554298881,0.00316312566732051,0.00117804596543724,0.00356948436522867,0.00348818121829078,0.00129793727486635,0.0018973056689846,0.00138851173670243,0.00189831388067183,0.00144053265310651,0.00311606250424621,0.00351872900547769,0.0031281616707415,0.00129636736823762,0.0034858195437283,0.0018746485774015,0.00114229881091426,0.00350937588112653,0.00356868896201835,0.00176206861451016,0.00175213004940128,0.00359866161235167,0.00143780666342568,0.00119419280067255,0.00353759314677979,0.00145923163627438,0.00183788354336736,0.00179835488332461,0.00185056472646995,0.00170862730011579,0.00192798860510644,0.00199460860601065,0.00179232866702086,0.00180507206829614,0.00190917311149138,0.00340867576539362,0.00356440414705843,0.00176266908825049,0.00356898112291954,0.00139135777193457,0.00177015085177098,0.00148145242867355,0.00366049990288968,0.00170943048020688,0.00361546690847753,0.00186748696747684,0.00184183848422256,0.00347658909498573,0.00137475518277449,0.00143889628524508,0.00184053902341192,0.00181416384592992,0.00357357679498776,0.00188021432027149,0.00138140490419875,0.00191869522801012,0.00126674396393624,0.00183275258178399,0.0033827229716332,0.00174967524766391,0.00351971709978657,0.00169532235410782,0.00212376708805428,0.00189900575572593,0.00165710215296795,0.00137443594307087,0.00187852526136249,0.00184846831115058,0.00144887805319622,0.00353950115894671,0.00202841867195444,0.00177840045707125,0.00174405745694426,0.5,0.00178974280294548,0.00124090945348285,0.00346616603766132,0.00142382811704123,0.0032635217571744,0.00147483079206166,0.00169996329483073,0.00151820236563056,0.00195642142862986,0.00170391755369329,0.00196236849509231,0.00356905790036449
"DU0027",0.00198829743426933,0.00178554903143174,0.00270164529244783,0.00168174600563818,0.00318703717508526,0.00146307683294389,0.00215298957711951,0.00140381492223516,0.00175536415994695,0.00202798629563869,0.00221973891652526,0.00192737616849662,0.0019336643838782,0.00206793689860926,0.00206782582528902,0.00209369409038812,0.00189415000688884,0.0014441692541386,0.00312018873993207,0.00166437920446424,0.00185743656723641,0.00166120472488585,0.00174400561193324,0.00399132853474269,0.00367181883666685,0.00241296959518188,0.00177402258576163,0.00228004212956933,0.00187671488733762,0.00170534988255596,0.00197530779017912,0.00217757126979021,0.00189461382264076,0.00204944497078874,0.00206844920177034,0.00206496307463734,0.00183110713847886,0.00210507697408518,0.00249063665202429,0.00223658732319129,0.00356850665754843,0.00171196855135039,0.00298687277228864,0.00171352707790392,0.00146222305647678,0.0014667709636079,0.00278419786075715,0.00395399798122362,0.00271013108478707,0.00146416503110882,0.00345121034767189,0.00168286064322174,0.00176258448061034,0.00247593375248275,0.00170531649338051,0.00319926792701182,0.00199091323042974,0.00275283099823799,0.00265342826463416,0.00174095085353886,0.00193096404677801,0.00277697414917832,0.00271901462189598,0.00335990196144046,0.0020646861408482,0.00269146523852456,0.00331690005854467,0.00166851407127953,0.00172208842844005,0.00262435180301952,0.00319731560195691,0.00378505454021039,0.00261233591468289,0.00145427810332297,0.00203888487688574,0.00259941547919169,0.00202655509508831,0.00210163297490892,0.00323054635657852,0.00239403604618734,0.00206825059651508,0.00191269937023784,0.0020196355994832,0.00181836422489069,0.00192252592016669,0.00182891674941252,0.00308410672442187,0.00273663028259928,0.00438827963623967,0.00180255371894783,0.0020148629214462,0.00232127634872302,0.00228120185072732,0.00210093425872609,0.00196815153515679,0.00177674650835003,0.00250597839512734,0.00183102147017996,0.00362662905168792,0.00322229022122951,0.00376762259020543,0.00180332067724461,0.00190482101084262,0.00291127508948811,0.00196441485068577,0.00262372560599269,0.00279183257458923,0.00373324090128459,0.00290597819579912,0.00269351332083984,0.00229764594310161,0.00219926377357112,0.00281133149992158,0.00178244052800139,0.00178962417087005,0.00206409248640873,0.00208633263691495,0.00198983660123819,0.00199043514810929,0.00175919549791779,0.00168123392887941,0.00249900687344108,0.00171421697301806,0.00208072477561137,0.00184828261393521,0.00356675617109243,0.00227409050118546,0.00199529558964965,0.00146162876686161,0.00242905943866261,0.00421514848724468,0.00288205017837673,0.00174295605207931,0.00360441820617472,0.00182785336384016,0.00146118246336618,0.0022657861000861,0.00251713136250375,0.00285537955368282,0.00323251038053692,0.00281364176199391,0.00145372525482578,0.00175369733182578,0.00174803960723138,0.00266513839929104,0.00201574593371199,0.00200376914223142,0.00267634652184336,0.00168230406001309,0.00164008939101565,0.00163567819219536,0.00307341542290745,0.00180381904528594,0.00371953097913831,0.00373474595568046,0.00176511718023176,0.00139335865380282,0.00228763855294704,0.00237283603211088,0.00272202411904734,0.00282811038606739,0.00210209318088168,0.00374046346085015,0.00273135290509902,0.00309548905711101,0.00228835579342738,0.00200007870255769,0.00180843160197201,0.00285051426621795,0.00183230860086905,0.00375990305185987,0.00255648853648291,0.00266943003651023,0.00149167660343022,0.00229841499852253,0.00204687500351738,0.0028105049058307,0.00302892530496693,0.00177594657175622,0.00227997118466613,0.0025408731646878,0.00282404697589003,0.00241444305690766,0.00191356635120516,0.00277692422803012,0.00246320518038485,0.0026337532784023,0.00191768727254119,0.00199601979600469,0.00143737277931957,0.00288892380944286,0.00168153408249982,0.00140297678382769,0.0017632145345213,0.00386513167517295,0.00227087680023168,0.00230712556623088,0.00357175715271306,0.00327030208920805,0.00136600831585503,0.00176111844380954,0.00332208186231004,0.00246999032037367,0.00248001498415506,0.00178974280294548,0.5,0.00214405118337454,0.00145624382339944,0.00282406294145243,0.0014580407767087,0.00178521273352563,0.00235586013502748,0.00202434806918937,0.00240078699611104,0.00292505132294847,0.00302112636582371,0.00186467316887313
"DU0026",0.00128358909238771,0.00305343882682899,0.00224079633607325,0.00141082276559964,0.00197821953832721,0.00131459972305883,0.00410661495288058,0.00135748919712582,0.00564085728030811,0.0023226357202537,0.00341607310530796,0.00209462424925731,0.00200873299272458,0.00151676788668228,0.00191682330930951,0.00177784285827329,0.00214420087419442,0.00111843842460068,0.00197003452132353,0.00133096590893145,0.00128865889127919,0.00125781671390085,0.00419178572879541,0.00184049773672785,0.00187377135048757,0.00471771540818284,0.00412782459026064,0.00294108093101754,0.00112402381591073,0.00319211132932261,0.00225649459937315,0.00767975819647698,0.0013574657746704,0.00153079827750754,0.00214265683906835,0.00196201710586351,0.00532584172485498,0.00372011632742757,0.00220964658842183,0.00375911443500148,0.00174748072862854,0.0012258316892678,0.00227736578182101,0.00126090549176539,0.00124315151159088,0.00124670678127723,0.00212924012197268,0.00247655430371958,0.00268153114400783,0.00136131918201174,0.00142206794902244,0.00126839769516742,0.00208961467764148,0.00273357850515652,0.00129801815853977,0.00209856807079169,0.00127472372274246,0.00264708559230228,0.00318135710234736,0.00445748467008366,0.00126127409911814,0.00141462864455675,0.00137764497469444,0.0024825468624673,0.00224181213074691,0.00242587731828633,0.00355896794253074,0.00133134029933169,0.00123040307040365,0.00136414352606505,0.00173359538724707,0.0017926717579436,0.00131131663868558,0.00130111758989379,0.00219430172861094,0.00345885024565173,0.00232599311593491,0.00320376483759542,0.00266510726737422,0.0041029402905672,0.0021441896896293,0.00227264930817313,0.00233445359131586,0.00179447650122763,0.00363174321104075,0.00265201583730929,0.00233381815720937,0.00256401165071269,0.00184716777875529,0.00389604263616336,0.00416587155903828,0.00462347092722858,0.00313609141774147,0.00223119259958602,0.00143988695089302,0.0023579196696404,0.00138100316930517,0.00124538017256313,0.00153085312018106,0.00188044115042955,0.00163780643782891,0.00125138781338608,0.00223544800276556,0.00143166965652411,0.00213687731866376,0.00142259781294605,0.00206385306925008,0.00159420627336525,0.00140681665767868,0.00258295950117357,0.00367722659946626,0.00253979801199186,0.0021602795520858,0.00127329923032644,0.00133756289652827,0.00221694001272173,0.0018994017361822,0.00199091235572304,0.00216246992142605,0.0021754956099233,0.00130065565918619,0.00350138637294352,0.00145657107471469,0.00170534697309505,0.00232247592156243,0.0017974746671401,0.00315326018582798,0.00320404270080332,0.00130812384146323,0.0028541976702841,0.00189684084137923,0.00213904621961721,0.00148710219127201,0.0015908614340596,0.00124701161789323,0.00134607676226841,0.00596193620461457,0.00229335716796115,0.00430357645040004,0.00212181916645242,0.00352510857441993,0.00127569488372207,0.00129760257108018,0.00296186964132263,0.00534033637154517,0.00186387016201141,0.00142264508908192,0.00135658626866474,0.00123614293853739,0.00129411220701472,0.00130107114378971,0.00267690208079308,0.00124783119649888,0.00312858947193231,0.00178665745633144,0.001273569287917,0.00115493470999709,0.00310670587755099,0.00590732893189143,0.00260496719702902,0.00343198789938673,0.00298345894270064,0.00170172017926102,0.00221600960936657,0.00242451101607859,0.00510983339255114,0.00237827329363042,0.00129111081492317,0.00142544114653744,0.00125654497295925,0.00317587275462039,0.00136365838062131,0.00131204950793349,0.00144325025641611,0.00577938720246674,0.00130202766216464,0.00252335460589561,0.0015348610759426,0.00126321380981902,0.00253096970882842,0.00372011846478641,0.00273483588353775,0.00275177376339413,0.00124418008296048,0.00235256658506092,0.00450613286117518,0.00136710641673395,0.00336912222213752,0.0019310839679317,0.00128649554006401,0.00235739463480242,0.00133748461740625,0.00119949480765313,0.0013097457087738,0.0015372320777731,0.00251073251549925,0.00492495499272775,0.00187254807766843,0.00190812677308512,0.00118948646463327,0.00127377038081813,0.00189535565929652,0.00224650647515319,0.00315043291213752,0.00124090945348285,0.00214405118337454,0.5,0.001301580762403,0.00392439915671547,0.00130369246845259,0.00280486986114072,0.0025470047453555,0.00366676432120991,0.00290929953330323,0.00158293878372429,0.00144460967412458,0.0012676020571178
"DU0021",0.00308563528423968,0.00317760762093365,0.0018197242158092,0.0034581442318187,0.00162323254263042,0.00357042843871532,0.00143287467378898,0.00157806029786234,0.00131575433417304,0.00306207008797033,0.00171055629615814,0.00341210377613802,0.00346080619163277,0.00320128311583594,0.0031944388834754,0.0015317492073386,0.00319049178624831,0.00280730862313815,0.00252534657538944,0.00216394169114637,0.0035239824710761,0.0022817199422611,0.00315119483700729,0.00144197246888816,0.00165002655220283,0.00125873073778162,0.00122904244587365,0.00167807487916035,0.00179457467871198,0.00370516288487335,0.0030468162143493,0.00127962382676518,0.00369437402675884,0.00344365739388967,0.00306094998363943,0.00317508742059928,0.0038793223038156,0.00173784371901865,0.00133620110299357,0.00207710311617526,0.00182247745530684,0.00358341231559542,0.00147887293725096,0.0021639759072866,0.00401770387480583,0.00425467351191266,0.00224779574648784,0.00172597556542211,0.00167091322051422,0.00376525116666778,0.0014682899938721,0.00380681926106326,0.00374210404421932,0.00194376851291795,0.00372122953949808,0.00172406493213347,0.00350068875824827,0.00163295219995445,0.00131367667118428,0.00311189116771816,0.00367861711519584,0.00123267223631493,0.00126758762228789,0.00129152244234309,0.0030635029369467,0.00131786621638299,0.00155167805131401,0.0035214667393129,0.00376359171947887,0.00168590207287799,0.00156053010040345,0.00197753661631155,0.00248465513624436,0.003418212772714,0.00139463796485096,0.00142616934409229,0.00306200775368123,0.0012672733721978,0.00126867272832782,0.00141313375188921,0.00306088215085513,0.0031800042153853,0.00305933235231271,0.00384456892170627,0.00112170139243756,0.00318766070897721,0.00141142201861553,0.0014669727505489,0.00145268863370764,0.00136534946610268,0.00141176026242619,0.00121968257774443,0.00178137110619398,0.00153173738619019,0.00322414859895067,0.00315886762593106,0.00211095909371999,0.00354972021152263,0.00254129292779578,0.00182118892442613,0.00152254655695268,0.00322907224884616,0.00304363434910142,0.00196377627637577,0.00318245032980871,0.00165576753130894,0.00168317619869979,0.00169609754403644,0.00173942401998317,0.0016700736694253,0.00143915631451155,0.00206894767445768,0.00178816981826056,0.00364915033121286,0.0031543082210091,0.00306160069624117,0.00319234934822921,0.00338560967893525,0.00316529323070568,0.00298029625530335,0.00357352475885997,0.00137098849184427,0.0031993223184555,0.00306437126157605,0.00145993951117791,0.00147022218065869,0.00179946086299722,0.00128909351173517,0.0035608975588201,0.00142019764731791,0.00149592645788639,0.00136579877521187,0.00347688683080847,0.0011920849024641,0.00373587587768223,0.00367141703766112,0.00123037180467948,0.00195689511161532,0.00125918059034811,0.00131723804447373,0.00126878978255816,0.00333960931049408,0.00350860659078437,0.00335781554846887,0.00130941787182262,0.00321989045745968,0.00136680584267248,0.00116597683470514,0.00427213407660195,0.00380300235781986,0.00152814339738548,0.00173951420669565,0.00383814883862514,0.00142322285379573,0.00120564935505011,0.00357226071275133,0.00156953957327662,0.00188945819547467,0.0014918799436044,0.00160949541890941,0.00129016391197322,0.00209280457306703,0.00167435725482018,0.00178435345796962,0.00172693524045358,0.00186401760616446,0.00305774940495161,0.00356343245532699,0.00153613226475566,0.00343171589543787,0.00126819049840886,0.00178591536714797,0.00218798137440894,0.0034793894223985,0.00126791868069586,0.00325006008674371,0.00163113224996418,0.00239628155097553,0.00336415713945436,0.00152797672959336,0.00164567739661164,0.0012869283164247,0.00125751695962346,0.00352424176432601,0.00177477444157244,0.00124159065124999,0.0017667336686058,0.00125447916451931,0.00188840880289795,0.00336143113610441,0.00174512015520343,0.00356819223707937,0.00192606843805945,0.00177119515021339,0.00174324342833055,0.00169197290376395,0.00138883886926191,0.00210332189645238,0.00180200824381142,0.00179336975892011,0.00348000539832656,0.00178943563476576,0.00193346200845492,0.00174808386975626,0.00346616603766132,0.00145624382339944,0.001301580762403,0.5,0.00126216539032367,0.0049770762434996,0.0016514354265279,0.00292191289745365,0.00170643432739065,0.00175365094850313,0.00182942594095408,0.00165720119799895,0.00347781713043208
"DU0020",0.00161688072292373,0.00253405804308806,0.00320017736230625,0.00165393004107577,0.00265041241485835,0.00158778861125455,0.0027858028132531,0.00139817572202155,0.0023430013110746,0.00210274092197553,0.002793738211782,0.00194245916603413,0.00190159262555332,0.00173564539925632,0.0018735301948825,0.00193972384307148,0.00200414893924917,0.00120135571920695,0.00310393699945483,0.00158476741143123,0.00143650659129509,0.00127651239142454,0.00278638748082917,0.00288569277231403,0.00267990923156632,0.0038495015285432,0.00249993378617011,0.00274787916410753,0.00132776920479704,0.00245438824116044,0.00204855631293525,0.00367273521795641,0.0016115611164181,0.00177678761076815,0.00200142169665904,0.00187937166698185,0.00231001052322937,0.00269289586131738,0.00313478431353909,0.00251796846330112,0.00269006236351406,0.0014191494727935,0.00341561347100213,0.00127456307499644,0.00126284466411975,0.0012617406939548,0.00298953786323413,0.00285517180652037,0.00257112311162057,0.00129051642692483,0.00210963701270681,0.00141349782008169,0.00190781803352829,0.00286288269020757,0.00144042800282029,0.0030897898349985,0.0012997618963281,0.00310742600063401,0.00295107529628637,0.00288803900259898,0.00128526143606958,0.00173423869205436,0.0019547794403241,0.00263083093828156,0.0020572290188813,0.00317031422517478,0.00323852901217272,0.00163344628391585,0.00140577079415912,0.00181378098394036,0.00258759086837063,0.00276311956755548,0.00162471494196844,0.00140195126940674,0.00202038838069145,0.00373063841815776,0.00210466697905504,0.00279490445954036,0.00346770706011147,0.00301376307258024,0.00200222754317877,0.00205210719793716,0.00210836133339842,0.00181682215816119,0.00270515730067631,0.00224099219616996,0.00341219797913877,0.00313244167527049,0.00277671688617372,0.00277341119277854,0.00272984207983037,0.00339413543315543,0.00269390341327162,0.00209967744879472,0.00169481551725352,0.00217220912890393,0.00159587607826849,0.00140932833414301,0.00210090566047726,0.00222078625103548,0.0023616038889481,0.00142826293606825,0.00205445681060385,0.00202436095839198,0.00197322117136744,0.0020304919022825,0.00316395345772121,0.00220305842812097,0.00183772520029154,0.002911980262208,0.0025772748395434,0.00236164499812987,0.00329293697664547,0.00140955071299033,0.0014284983133331,0.00204231753928048,0.00186445311352218,0.00189784031430825,0.00199059203364494,0.00204065055767046,0.00141138093499233,0.00309604020335639,0.00179848976518232,0.00176069274939188,0.00207428515426676,0.00253236217836436,0.0025339587894255,0.00266549863996116,0.00128283512438093,0.00312571485925699,0.00278740092213402,0.00303025047743665,0.00177632908327978,0.00217558682555399,0.00140919227221902,0.00144625414221765,0.00394617170444636,0.00309854181327435,0.00441769042435675,0.00312388555840616,0.00400312266890137,0.00141822125545144,0.00143588467598502,0.00244975274987793,0.00453413165236586,0.00184082210709634,0.00177237301603619,0.00170238646044012,0.00158433943981598,0.00142248564545221,0.00162654594815639,0.00335540497156401,0.00140590347147749,0.00351856919360094,0.0024054390662251,0.00142694660241346,0.00156057211453697,0.00264042503211458,0.0028216463495893,0.00306897167146557,0.00352981400472869,0.00293372309590795,0.00237289861927979,0.00336103701553583,0.00346796264958666,0.00218525174512912,0.00213336930107063,0.00142735763115699,0.00201836947005126,0.00142994997252808,0.00319788504304836,0.00191528114594895,0.00164543609126273,0.00166450040186032,0.00289566034829501,0.00163122957499112,0.00322114625906128,0.00213623386531243,0.00142233447874127,0.00304991684079034,0.00372597551983075,0.0032943221491409,0.00290802267991472,0.00141015779014439,0.00313457322712636,0.00395954200227647,0.00164274803474704,0.00256677534634317,0.00201781684565681,0.0012693893906188,0.00339634747654025,0.0016248260989771,0.00121592083399923,0.00143482020681299,0.00213332690716326,0.00286875102742806,0.00376265518696114,0.0027341747528889,0.00284937676691798,0.00136087867605031,0.00141517848891476,0.00281547375710265,0.00302988851643496,0.00318051740888244,0.00142382811704123,0.00282406294145243,0.00392439915671547,0.00126216539032367,0.5,0.00126171457461312,0.00240698812424481,0.00310746804737817,0.00277966413488146,0.00277868666279887,0.0020768972710906,0.00213623212057947,0.00159137144667163
"DU0023",0.0030983495009723,0.00317323791399523,0.00178368413066843,0.00327041766577424,0.00158994385937982,0.00354246713191316,0.00139252851112221,0.0015434455950896,0.00130818275779335,0.00307158648976032,0.00173162645162253,0.00324768189803145,0.00345815601520867,0.00320619245519416,0.00306720537757442,0.00147997646140506,0.0031938618272523,0.0029406782580342,0.0025924822992054,0.00223715102492469,0.00352111573851488,0.00227883387707334,0.00315998015078415,0.00144232369826515,0.00163670793326471,0.00125817831196045,0.00125106461697384,0.00168952530954478,0.00183761887718776,0.0037642019937425,0.00305724052736527,0.0012807447183568,0.00366931032800689,0.00322129154045197,0.0030708757040507,0.00317953052526148,0.00426178636677456,0.00175980803443016,0.0013081826337447,0.00212384513935368,0.00191235909472618,0.0036909969859011,0.00150427389484198,0.00219269418529113,0.00413749390398269,0.00425260401020151,0.00230112439085724,0.00168654956159801,0.00149544026241245,0.00374174477995626,0.00148145041700442,0.00390119610569639,0.00360840331698318,0.00193132719008204,0.00368044615972667,0.00172845738774371,0.00351936209052627,0.00164558505488056,0.0013176425134812,0.00308186440913556,0.00372842243445988,0.00131449809266489,0.00139656743012564,0.00160145230258042,0.00307319351588666,0.00121389553428684,0.00128840528655313,0.003510536621709,0.00383581282087073,0.00167756630691674,0.00138916476500253,0.00199446888542434,0.00266333189721437,0.00344752204105828,0.0013798219777226,0.00141518208948596,0.00307151832024131,0.00125950543280841,0.00127009860300238,0.00137940923742679,0.00307080488164329,0.00318549055417854,0.00306883156484543,0.00382206906794754,0.00112602091898509,0.00319792311367597,0.00140287495547572,0.00148270789650841,0.0014390840110789,0.00122999142926094,0.00173867132699382,0.00121901224924557,0.00185684336014038,0.00148047504311348,0.00321605202929731,0.00315605828855768,0.00213256784718794,0.00357397087633177,0.00276642289640157,0.00181347878867716,0.00150131353878004,0.00323720123998695,0.0030533555998942,0.00200307941228163,0.00318812506010066,0.00167272690760331,0.00167644519700353,0.00170901610825967,0.00174580698021626,0.00167969932039866,0.00143615998919038,0.00212618546291198,0.00173051515839868,0.00371742799138764,0.00315879878764878,0.00307136204243885,0.00306599595236352,0.00319650305191237,0.00316859469353181,0.00309791790029504,0.00353330626368975,0.00136553426992577,0.00319121538059555,0.00318593950087649,0.00144725570746213,0.00147661359030592,0.00153873634026413,0.00126193931201126,0.00351313949813932,0.00141185146327777,0.0014631721912674,0.00138025291803771,0.00322008107301005,0.00115900762655297,0.00384324175260553,0.00364443768888252,0.00130952978653418,0.00197270421969785,0.00125790145649612,0.00145409728993047,0.00127034594762755,0.00319189271568632,0.003496966232784,0.00320872258327194,0.00130499672235643,0.00319549869835177,0.00137999101324326,0.00117576898479908,0.00434860124759496,0.00383946960394463,0.00149320125999032,0.00169040913693253,0.00390586869628197,0.00142911139913638,0.00120967244700154,0.0035884973397101,0.00156221196494569,0.00199525492255132,0.00149386609514746,0.00144284453158257,0.00129103915048748,0.00209871881829998,0.00168535151765837,0.00182800961177308,0.0015002752722702,0.00190419113168812,0.00306716558046667,0.00355825653378725,0.00181614890264077,0.00351059721522261,0.00127039803352735,0.00178298830552873,0.00233028729132072,0.00349040882338409,0.00126973130835233,0.00313157793745418,0.00145312048948213,0.00244004464393143,0.003193784101713,0.00135943813998986,0.00143491993483773,0.00128749245393254,0.00126131605540696,0.00352637519934515,0.00176847803505383,0.0012398084779136,0.00174563656305594,0.00125237096006434,0.00189823838084177,0.00335333071753214,0.00176061051339535,0.00356182896320246,0.00198246687593383,0.00156583163611321,0.00176177855764982,0.00170680073077859,0.00138662520180285,0.00209630379658453,0.00186116203591284,0.00185282633072817,0.00354975258437347,0.00179773636028838,0.00194748257363824,0.00149397336036556,0.0032635217571744,0.0014580407767087,0.00130369246845259,0.0049770762434996,0.00126171457461312,0.5,0.00136195210889421,0.00312250606046141,0.00144411119569909,0.00175550881971113,0.00180234219487967,0.00145546146268539,0.0034867382165723
"DU0022",0.00133128846134308,0.00249345624938109,0.00143593083925582,0.00172047796679488,0.00139568255164885,0.00167012715091019,0.00168639928303459,0.00917724118291531,0.00126169718776349,0.00209801777787151,0.00144069298049727,0.00200059845607969,0.00196757861259482,0.00174550208300705,0.00191129103520344,0.00196317233540119,0.00203637102361226,0.00188416471514978,0.0014589920213848,0.0223492910994343,0.00148865973062162,0.0236562879747407,0.00271150844771555,0.00194119343035551,0.00174229642896693,0.00243346908754792,0.00121802556844791,0.00144497735233276,0.00185633064181777,0.00249417748344135,0.00208109705626289,0.00265328709697422,0.00152393210846488,0.00180859138920486,0.00198573559175037,0.00190207318171384,0.00145381855794193,0.00143089394363901,0.00119221125849033,0.00145299154853413,0.00140812043219155,0.00144774011356558,0.0017553670109002,0.0180069805461239,0.00147805084008176,0.00165560772508316,0.00163248174477385,0.00218724727370728,0.00234944362991034,0.00147286691263106,0.00128495795759528,0.0014599938383753,0.00204461817485409,0.00147570588653109,0.00173157341395745,0.00133025003020195,0.0013533475093671,0.00145189149867125,0.00145345516192511,0.00277698488053522,0.00135498784838894,0.0012508007403533,0.00171385829501109,0.00198991275336852,0.00205020812762101,0.00180530518878504,0.00250837061307613,0.00149109211112797,0.00133015114748275,0.00156263643676904,0.00128049886712445,0.00161920249376187,0.00133729304028413,0.00137939740861634,0.0222216962029067,0.00213262463100661,0.00210003823338647,0.00245050588204775,0.00177664814697753,0.00185663344150475,0.00198666939254647,0.00209599696964861,0.00210370627443547,0.00190149128371664,0.0011615918685969,0.00257329253999024,0.0017149520408681,0.00144303783916678,0.00167235757871214,0.00122389984811213,0.00138469528673292,0.0021208814173702,0.00145463748686719,0.00215692062620787,0.00188749452134108,0.00216863249474709,0.00144352524496486,0.00133019060188751,0.00139884326065805,0.00193730652243754,0.00118108840479252,0.00144760823487003,0.00205535717691711,0.00162908987216041,0.00201150866031037,0.00137032056950645,0.00161390788116479,0.0012090137007659,0.00143673556003652,0.00131070473340401,0.00145400987176047,0.00217653468458908,0.00145123062413349,0.00144803438098441,0.00143966229144275,0.00203350774866236,0.00188365643563166,0.00196107712222387,0.00202518527528427,0.00199828314308835,0.00143263095198495,0.00176180349472638,0.00180131448223223,0.00175615087726382,0.0105605854143016,0.00143856086665957,0.00150478927293785,0.00124957352705657,0.00168588358028362,0.00144727729103081,0.00176509448819667,0.00139640098238656,0.00173143148719129,0.0010973002904199,0.00137201440243767,0.0016240494965901,0.00263808878210359,0.00158968165459629,0.00252101864030784,0.00143558228747708,0.00244319293152155,0.00153080349528474,0.00143472016159262,0.00243553902935522,0.00269431134548874,0.00189915293693046,0.00137500511400603,0.00108546855147921,0.00146682118640717,0.00147342353362955,0.00949155033725506,0.0018819605782516,0.00134611905354905,0.00231342244627588,0.00115547840115585,0.001449608770208,0.00314509778629336,0.00129444379927114,0.00196462747121115,0.00162807316965897,0.00197242309001399,0.00164354103216754,0.00162624206542666,0.00144019471841029,0.00177462658575732,0.00135434936772825,0.00213002338088716,0.00147163971421209,0.0014854834257556,0.00132650036464987,0.002534527817167,0.00142821135652498,0.00133006129947572,0.00173047536675194,0.0019218121625018,0.00162158797307603,0.00161607784575418,0.0016563009326646,0.00129691615547335,0.00135332004461496,0.00226827686490377,0.00166324047418472,0.00132774044348352,0.00132875748501556,0.00145862496447901,0.00245322490102472,0.00158608960116619,0.00117302378029421,0.00188871626581281,0.00155952841945991,0.0017306344070487,0.00166991736743369,0.0053050334427304,0.0228153808518476,0.00129908067534734,0.00124740843171121,0.00239227730863984,0.00148005076891074,0.00141470475149875,0.00237469633321048,0.00142204914615693,0.00144482690691894,0.00142142043408287,0.00185822265472419,0.00147483079206166,0.00178521273352563,0.00280486986114072,0.0016514354265279,0.00240698812424481,0.00136195210889421,0.5,0.00167619733311259,0.00143193794109992,0.00145067621878641,0.00176254872965832,0.00167715797589615,0.00136078975227818
"DU0029",0.00129888717836523,0.00158904121296289,0.0035016760164891,0.00171805099718919,0.00255794827576602,0.00183505185050278,0.00273752689014203,0.00136397084981619,0.00259201114542553,0.0012731695040206,0.00311785709454177,0.00176036540416866,0.00178459864581831,0.00167629492156572,0.00158863308888937,0.00152094046715764,0.00144997137276605,0.00264297822021786,0.00386928572661824,0.00210480740696459,0.00144839086574111,0.00202232173085256,0.00133703292501224,0.0027181229050129,0.00294477907062365,0.0028055503517799,0.00276807467686012,0.00325258583487193,0.00155028396382539,0.00196667879797511,0.00160071887132768,0.00275936187020946,0.00192332118017913,0.00145653683083574,0.00127389728875023,0.00164341611739028,0.0059554480464084,0.00282698034793095,0.00299100531494986,0.0033745220849275,0.00289607553977099,0.00179067065966386,0.00298355621293214,0.00211440233858144,0.00220048988657089,0.00238105618723374,0.0037852599763545,0.00247261511570145,0.00200396664603285,0.00170201085520436,0.00177405383165268,0.00199840850848813,0.00174438873254206,0.00364854161054408,0.00192789055116223,0.00330174827121346,0.00176433037106294,0.00343433630267664,0.00297713270250483,0.00130969294873925,0.00192063428708491,0.00182429631298725,0.00177552168573866,0.00185990203598242,0.00127428562819685,0.00291157864273062,0.00184459481616863,0.00181699395998513,0.00189501659653919,0.00203739142308877,0.00234196935159646,0.00286722963014713,0.00257368558322628,0.00162124006370721,0.00133518894064385,0.00325123122150241,0.00127314279850082,0.00181643242381252,0.00294495276728518,0.00277572847052715,0.00127385932287336,0.00166719725579426,0.0012719878824053,0.00210250411733155,0.00298644357737199,0.00135501963721109,0.00295284307988135,0.00318228191751143,0.00237355992740531,0.00303313143122847,0.00302822888625602,0.00276099080820138,0.00298388960139035,0.00165954504157939,0.00166173617943495,0.00126955956290261,0.00225546840056009,0.00168058686554556,0.00317818651060028,0.00228630371167933,0.00222840722230043,0.00146249193237462,0.00126952976925634,0.00237077640989702,0.0016637677987062,0.00211264852365232,0.00315157687846059,0.00255370696535391,0.00213901286737849,0.00317858953884177,0.00281152965466837,0.00220620754496911,0.00324700938478436,0.00182282937453594,0.00168710870065463,0.00127360374069894,0.00158770068979297,0.00166086369350168,0.00161905924071897,0.00140656502133649,0.00186098785414079,0.00297379036884799,0.00144783935995307,0.00161087931547071,0.00164632562207859,0.00246785007786519,0.00282244490206505,0.00285445820323446,0.00176713503082911,0.00311451970781178,0.0023287993719286,0.00280317911712399,0.00142271835609349,0.00211783054896634,0.0019487529616083,0.00147790823701493,0.00275985765081077,0.00351663519801968,0.00324744631578661,0.00318116851785506,0.00284513682981764,0.00167395777043962,0.00176084986990337,0.0014323661508089,0.00321582732198058,0.00164996836557312,0.00144511913764803,0.00170763600208012,0.00252812286435143,0.00211401894738895,0.0017840935948518,0.00285729683218406,0.00211773267209055,0.00252407374469313,0.00228192492739309,0.00149136428319386,0.00182171527011782,0.00330569147377659,0.0028151817555681,0.00334924918577412,0.00302138636707038,0.00360950516234486,0.00256290399071937,0.00312879433981312,0.00336876344743814,0.00291688925403648,0.00127119185617395,0.00171402165890098,0.00177349698035248,0.00129767084074796,0.00196494616687709,0.0017751830827035,0.00230560953933245,0.00132083896529689,0.00242469054587696,0.00160449066192085,0.00345197792020709,0.00293645729205883,0.00144202333106078,0.00348259355355524,0.00317839045842021,0.00306251360774621,0.00308054821193819,0.00149014977464189,0.00359038881896448,0.00306777039424058,0.00212622599317835,0.0027380271177591,0.0019433772349042,0.00166906859506356,0.00305707062902146,0.00170946696744735,0.00183427039678962,0.00179332519588819,0.00236853244936083,0.00345383883629366,0.00278615501147377,0.0032648350139641,0.00280872688713277,0.0014329197705718,0.00150825657457004,0.00302327383796039,0.00362882816480228,0.00301319385869585,0.00169996329483073,0.00235586013502748,0.0025470047453555,0.00292191289745365,0.00310746804737817,0.00312250606046141,0.00167619733311259,0.5,0.00303499101480999,0.00331188988101466,0.00208773728705558,0.00189954522491642,0.0013048194326012
"TT0053",0.00166031069932674,0.00144689526663654,0.00284053590296315,0.00251006550134754,0.00331126945958879,0.00249079169357001,0.00393234501608118,0.00180094880055935,0.00390296140044765,0.00124511254494504,0.00393214093700968,0.00123635417423175,0.00123058422296994,0.00124214631899088,0.00123750203473937,0.00120893687356448,0.00135449149855633,0.00152981029051312,0.00246409909569164,0.00151366048324899,0.00146804375138986,0.00171517898692126,0.00127719533654734,0.00348565930602183,0.00229066914075768,0.00362428158463195,0.00403860275481381,0.0035579228021351,0.00142375559529731,0.0012594229746709,0.00124171158400059,0.00354814982633371,0.00137105848021928,0.00134908119789495,0.00124320172446975,0.00123864858911773,0.00370740215149779,0.00396766069980425,0.0034433705227967,0.00423029721761469,0.00365505800466564,0.00146821870849647,0.00271549336006262,0.00142480788932387,0.00146968674262339,0.00143591522605087,0.00271873418314525,0.00206260367990657,0.00164114036358216,0.00270610446536049,0.00182648074020428,0.00146510368383952,0.00144091330999444,0.00332842007967196,0.00216927868710394,0.00244710884723321,0.00136133481567988,0.0031048959959547,0.0036622754118028,0.00134569863132389,0.00137501655630903,0.00178447882964936,0.00167325951279573,0.00203599301500908,0.001244479343695,0.00276067644125928,0.00202654322651282,0.00183904178813958,0.00194361851461639,0.00206161844213969,0.00295157440635142,0.0029429355939313,0.00182945450121238,0.00151916777352261,0.00125457961266165,0.00301030753762923,0.0012451600064354,0.00175402503172011,0.0024475933528468,0.00365458086475306,0.00124318186490048,0.00124168538317036,0.00124474897950288,0.00124731911842515,0.00373512912673658,0.00156769823097773,0.00261146794306048,0.00309079305145947,0.00206298518243973,0.0052798098118763,0.004435714824743,0.0040768870071993,0.00373169474446025,0.00120584350061745,0.00139012315986265,0.00143478663154299,0.00174460297744473,0.00180907077607451,0.0021348619178553,0.00187795922016933,0.00234449706935022,0.00187719077120692,0.00136212756169274,0.00179269773308525,0.00123907713603896,0.00183892130213996,0.00290379055950875,0.00211582826575742,0.00218776000794634,0.00313275752331168,0.00381077130334428,0.00172802187430948,0.0032415896287503,0.00141791862813659,0.00127426223327499,0.00124385285815346,0.00123932473112853,0.00123449279642982,0.00123791137450703,0.00127882328279794,0.0012828157186604,0.00332593769654491,0.00147117223009939,0.00124767931394681,0.00126431559933824,0.0025386489530099,0.00351842510397562,0.00398495240097735,0.00181944963808113,0.00345247807035918,0.00206673281068736,0.00307148984921858,0.00197624727566416,0.00206173106095253,0.00141846772978188,0.00497495194525016,0.00383405890555206,0.00286484807939275,0.00276405637649734,0.00247610588690159,0.00263790085247227,0.00150487953103718,0.00145406813600488,0.00144827412544565,0.0031149835179331,0.00123462147979073,0.00151225694938032,0.00170240177086101,0.00145293920349464,0.00146267097126861,0.00150371199677783,0.00257571409197738,0.00141402075515628,0.00221488923187989,0.00218661732714974,0.00146119893419368,0.00153077792992188,0.00377129722868029,0.0033746785793406,0.00298294888586731,0.00293106177948344,0.00388435589291828,0.002398564103863,0.00285567573830413,0.00252460363651422,0.00354775570264746,0.00124494289408983,0.00142010040221194,0.00175344897281597,0.00176258461316724,0.00215262589366693,0.00175763005115808,0.0019540987350611,0.00223968721056379,0.00345234354845776,0.00138946014939643,0.00298076230261564,0.00214619903849759,0.0014273294731324,0.00322429908604971,0.00301197872406919,0.0034100475929023,0.0030647398298785,0.00141011269002991,0.00285135079678888,0.00328239553321736,0.00229542364031176,0.00414220926230826,0.00152383500454223,0.0015379789097542,0.00469610987173181,0.00185095885774302,0.00155110059236415,0.00147240221909496,0.00184549940355646,0.00343173132670725,0.00376465986992756,0.00211881660492301,0.00243354665827681,0.0018349763149276,0.00144141750969738,0.00242371623837612,0.00278823113344259,0.00353836977484296,0.00151820236563056,0.00202434806918937,0.00366676432120991,0.00170643432739065,0.00277966413488146,0.00144411119569909,0.00143193794109992,0.00303499101480999,0.5,0.00349266559142017,0.00174470956758885,0.00212968205846623,0.00141344089734707
"TT0052",0.00181094334137842,0.00142880353585975,0.00335677506057251,0.00191813947803676,0.00275361584486843,0.00190797779638603,0.00347149454857055,0.00181369826986807,0.0030736784296346,0.00145604628647661,0.00364266780735115,0.00171715224940351,0.00172441303746301,0.00173672584559245,0.00170067295321626,0.00186355703761429,0.00170272401127917,0.00188414192857145,0.00283271014369088,0.00178226643433342,0.00177583949521614,0.00177048985580647,0.00134562896762508,0.00260123248601625,0.00269974038634425,0.00332040384027831,0.00318981029479963,0.00379436209112833,0.00173977964135201,0.00139203169317905,0.00166755626045725,0.00293333016625429,0.00181002654421362,0.00173960532551993,0.0016390789578142,0.00169354049864045,0.00317827096224876,0.00353370239064472,0.00273546624022375,0.00355414252708879,0.00265640054878612,0.0018325048166144,0.00294044256361374,0.00182021588227082,0.00179067167690098,0.00175606197438101,0.00301037826791428,0.00230301501123528,0.00185670550816902,0.0015383927156641,0.00208503784031753,0.00179344213927093,0.00168095874114774,0.00364609744933747,0.00188431796435083,0.00296018596251343,0.00179107598064843,0.00344300688830824,0.00362467088105079,0.00131383067980265,0.00178603858216925,0.00175381479514021,0.00193066723126155,0.00184258557643989,0.00145860717538448,0.00271898677707913,0.0017723282285999,0.00194615806245142,0.00183303664196161,0.00206728509991293,0.00239683972868657,0.0025334398223753,0.00176804017083032,0.0014550555579409,0.00147021320799206,0.00319486864216018,0.0014559736970345,0.00182328685230264,0.00285557917273989,0.00341169209041348,0.00163892799721781,0.00169876094436914,0.00145453767778167,0.00173335589901571,0.00339476354884886,0.00136534531678836,0.00295790699917282,0.0033819803814183,0.00242803716361839,0.00355182059308338,0.00404652809489686,0.00323810771087949,0.0037235399826524,0.00180151310880616,0.0018043971459008,0.00174205806165949,0.00212864564834009,0.00180631101756222,0.00205697924519948,0.00219189106949911,0.00205748984643394,0.00189168635125757,0.00171492653576237,0.00223597386280961,0.00169722427724789,0.00206699785435607,0.00298333773459903,0.00205561648104334,0.00223997349807651,0.00344483688263114,0.00360146752713118,0.00189865066921127,0.0031017990769493,0.00189932470959877,0.00174305666677524,0.00145836366571157,0.00170053627645787,0.00171968083737094,0.00167461282936313,0.00162781142298789,0.00180564490359756,0.00355398128553431,0.00190752064351851,0.00172364529313378,0.00168794859919531,0.00270368117763931,0.00367549268940752,0.00334209880268668,0.00201058586856069,0.00360958118349408,0.00246096064385651,0.00300636213303877,0.00170718321721664,0.0018927785352596,0.00181822844999474,0.00182191732697441,0.00311118055938446,0.00338240306171573,0.00273008242870634,0.00302173461380126,0.00268383147011239,0.00143995802187847,0.00180249294970915,0.00142953726593066,0.00284577064654922,0.00172777932442614,0.00184445525888068,0.00157199218106554,0.00182334433272627,0.00189832305092712,0.00175086369981397,0.00282516457449447,0.00183851722028512,0.00242572242365389,0.00203730413668627,0.00185256265225245,0.00149522834546838,0.00372664872378308,0.00318221322508688,0.00332551246157893,0.00308292423626807,0.00386109361582993,0.00257755542454758,0.00315169495740293,0.00303385598315374,0.00328411858963257,0.00145315751142965,0.00182537673979056,0.00202801554876573,0.00176977080038174,0.00191708502238683,0.00202516568565579,0.00199952282313888,0.00189115581547053,0.00318385674004508,0.00174840088677319,0.00330778427940857,0.00225315343629048,0.00171942076348983,0.00307988264423938,0.0031917783848521,0.00337479038454548,0.00328557372154738,0.00179532021654822,0.00323391161128234,0.0031780817524519,0.00211530485763237,0.00317499546143081,0.0019219608358324,0.00174031696412936,0.00306982335166659,0.00186967086830711,0.00174652190650389,0.00194051224024242,0.00227253420593244,0.00330757601781117,0.00328166974116702,0.00270813045918708,0.00282645428908311,0.00151629427930049,0.00192457641511196,0.00291322960614002,0.0031744957040483,0.00367104035436906,0.00195642142862986,0.00240078699611104,0.00290929953330323,0.00175365094850313,0.00277868666279887,0.00175550881971113,0.00145067621878641,0.00331188988101466,0.00349266559142017,0.5,0.00212255837630886,0.00222844955490399,0.00177213606471869
"AL0003",0.00119994051420348,0.00172582466591911,0.0023778721846061,0.00254106662427967,0.00267094166075285,0.00181750304647748,0.002046278954009,0.00190391932997789,0.00156235875249639,0.00133065152935438,0.00190820085996597,0.00158656454013238,0.00160569664139407,0.00160453665858922,0.00158979490582614,0.00176352669208148,0.00162439454568789,0.00225061785777846,0.00237628988040659,0.00178237166200511,0.00122057063198434,0.00186382736044774,0.0016581848125438,0.00313232124378082,0.00217294649300782,0.00189330689218471,0.00305673649188907,0.00205372675033651,0.00141018862344402,0.00170457465474052,0.00155083167219434,0.00178375746704005,0.0016274523709639,0.00166039118348654,0.00132633540070334,0.00157834122155936,0.0017146838815423,0.00189577947077643,0.00193642937865095,0.00163239835308606,0.00262055524989248,0.00172732687313083,0.00224831379231965,0.00148518831699355,0.00181049572196547,0.00174897852853062,0.00225242094885313,0.00365012072477794,0.00650995223681255,0.0015304317602729,0.00466839311183538,0.00168551423366048,0.00187124696515557,0.0018841648924639,0.00180413322898159,0.00189229236876905,0.00135929486634445,0.0016809400422159,0.00142551810561626,0.00141053348949085,0.00155934686374523,0.00621088685808028,0.00649382647168632,0.00368676436132464,0.00132898051691717,0.00231291290676355,0.00374969457301016,0.00185803648736589,0.00161196043803477,0.00701865097510066,0.00231274840975284,0.0028300558878202,0.00683972582718274,0.001483057460559,0.00140084135221594,0.00213429488931742,0.00133074781219894,0.00186431965098752,0.00187356410864904,0.00180247017843892,0.00132630907181811,0.0015918062988048,0.00133032015781045,0.00175822752209518,0.0015434354930625,0.00172901119348794,0.00217719724268378,0.00153228488987007,0.00284752412916855,0.00168586558541208,0.00253477301850712,0.0019872800504077,0.00206703844800138,0.00172026570452307,0.0016916129962045,0.00168742133720108,0.00684537670560829,0.0014008862095089,0.00391112186913069,0.00562661357689535,0.00294102108266923,0.001659481663414,0.0016099950596586,0.0063416767391133,0.00158477942340717,0.00605954076372114,0.00242243326586677,0.00346075789277028,0.00632243018056213,0.00151831125025667,0.00188276689111972,0.00223129043191775,0.00226723274432222,0.00171054531934131,0.00122419802063472,0.00132800221381384,0.00158630901939026,0.00163085808092644,0.00156463738348714,0.00166587725676835,0.00167322015848794,0.00184735583594878,0.00180856442828375,0.00157080369083968,0.00170487408683958,0.00273474030812914,0.00190757616036385,0.00174444667334662,0.00203755616447107,0.00154371312875224,0.00311300116424487,0.00258187550124727,0.00146443437271174,0.00316162099566834,0.00124132664321873,0.00189023129823677,0.0018961136517446,0.00256155740817309,0.00209711561191238,0.00222047935053895,0.00199370528685,0.00147233403438775,0.00125639989510722,0.0017938273094445,0.00203103783995805,0.00164120954764294,0.00150875814491226,0.00573358183389359,0.00173024818630859,0.00177114001628665,0.00248854143632377,0.00250000341761031,0.00163482695531451,0.00275325454225887,0.00273088900731637,0.00167575702790732,0.00290679583992869,0.00204725878531108,0.00174518852540725,0.00184444813642709,0.00165002494964099,0.00223713846320199,0.00366790624961929,0.00229741780248122,0.00210664215074243,0.001560305299666,0.00133099590489449,0.00162997124461426,0.00633363502271019,0.00121753119815835,0.00400167183424777,0.00616932950884117,0.00678972990464845,0.00199554071958647,0.00170790582187159,0.00117858390395008,0.00170555294868999,0.00533770587514339,0.00121350681124611,0.00184141003989058,0.00203452976706948,0.0018948413065579,0.00145867338283962,0.00158618431614434,0.00223719119768903,0.00195853162241589,0.00672150432402012,0.00168818024309897,0.00197518307903506,0.0017269094014747,0.00251632266099857,0.00177681395268813,0.00195715807654686,0.00168933830192969,0.00397319052717515,0.00217269407849001,0.00203044833321835,0.00255654195145816,0.00244182378917225,0.00203154171185571,0.00194565764695374,0.00258804786297159,0.00230754945754349,0.00203078829906275,0.00170391755369329,0.00292505132294847,0.00158293878372429,0.00182942594095408,0.0020768972710906,0.00180234219487967,0.00176254872965832,0.00208773728705558,0.00174470956758885,0.00212255837630886,0.5,0.00598552877155711,0.00121728301237927
"AL0002",0.00166979687622837,0.00166011314097502,0.00249579267123821,0.00192272410975615,0.00307556433832361,0.00210503168936481,0.00217240102096022,0.0021878792691918,0.00166612977201869,0.00131458224169875,0.00225272254065811,0.00117777755093444,0.00132745446258157,0.00134175026423687,0.00151427509221598,0.00165061494954752,0.00135029398398656,0.00178453997880865,0.002459002613532,0.00181317713057151,0.00167774410422902,0.00174646500087798,0.00130186921277147,0.00329738462806538,0.0024772809852097,0.00192781260702447,0.00170469184767776,0.00236113501509713,0.00164945881043579,0.00121027791035016,0.00132185422916905,0.00154914507713844,0.00159740216517072,0.00155320110408519,0.00131441562415503,0.001322720267386,0.0015371114659831,0.00225202660054433,0.00211451983913865,0.00190756144795597,0.00283576321623332,0.00177109747230554,0.00234322818751404,0.00167162791744489,0.0017362373791892,0.00169665442003107,0.00229650320799207,0.00367267428657685,0.00528838592861159,0.00178944225068288,0.00532000005531058,0.00171340503680177,0.00163796966304309,0.00195552024806796,0.00183188651703444,0.00199417182157428,0.00136817065176453,0.00194470296446073,0.00165495414884326,0.00125138324822007,0.0015565141406104,0.00617815204116483,0.00564614631501425,0.00360527230878447,0.00131467531905771,0.00245609576157557,0.00377995897585745,0.00208676262461948,0.00167786982301609,0.00625065894676914,0.00289689470384466,0.00305334788149872,0.00566610278481195,0.00173272364414142,0.00138275547270091,0.00221494862318527,0.00131460970800118,0.00189045990258218,0.00194988103560064,0.0016055172235103,0.0013143507778433,0.00117795029210596,0.00131378050666396,0.00140929135035756,0.00164789660232936,0.0013451830390576,0.00227725719227559,0.00208606639931899,0.00305135428512153,0.00204829026354927,0.00210201820074314,0.00165760645100324,0.00217043498982851,0.00158017672442307,0.00161845278768358,0.0018454085986636,0.00589393334645637,0.00165231425259664,0.00381530019052258,0.00580932188906606,0.00320344423884769,0.00176601875977117,0.00158019818835878,0.00620147656640543,0.00117690334153308,0.00618613271137903,0.00289215284791035,0.00339252265961959,0.00629019034342535,0.00198887018159794,0.00213353032366876,0.00208762874643864,0.00263643103182399,0.00168558403560812,0.00156002571211943,0.00131407333366831,0.00151360211348024,0.00133606427665398,0.00131966085153491,0.00163355394856402,0.00168359725065834,0.00149578881492094,0.0021540044619503,0.00152109478694576,0.00141701497780578,0.00304837279476805,0.00217810191677789,0.00204993852727683,0.00218305577462998,0.0020405267498465,0.00327405105253998,0.0029020239674842,0.00174997013256088,0.00341698099732337,0.00159333162076911,0.00196331826623012,0.00158428867584131,0.00255107314945339,0.0021220881474015,0.00220423912937819,0.00204032770183834,0.00152911433069375,0.00166788758818512,0.00163653740413175,0.00176342744397948,0.00135031943080941,0.00168325070077537,0.00583977821225084,0.00174038301701125,0.0019945656927854,0.00189807331643364,0.00262433363450582,0.0016410737231709,0.00279018253648733,0.00294368965377136,0.0017350716253129,0.00182621094249543,0.00198021840671704,0.00134902331065204,0.00193253346140136,0.00169914362800265,0.00241984361040732,0.00412954367467548,0.00244309968520204,0.00189600780871693,0.00178566843925994,0.00131353034319683,0.00165902444280684,0.00576893906663883,0.00166900099104619,0.00413708934687031,0.00543961692094574,0.005763928764674,0.00218443306997812,0.00154181580563476,0.00155740867623724,0.00200722262710508,0.00566306409293134,0.00140114577932347,0.00217158076849733,0.00202549326149142,0.00203479976932198,0.00166602035517451,0.00162549007208389,0.00211685394564548,0.00193932397197319,0.00625714822960703,0.00176562081858975,0.00197476375929913,0.00190933864535562,0.0024864791747178,0.00201462780697647,0.00183447564737992,0.00196855782894235,0.00423758606532171,0.0022965594478522,0.00190971946992786,0.00266215647526935,0.00260636639700227,0.00187700502807144,0.00172839161562781,0.0029619655233615,0.00244366740576402,0.00206936434933635,0.00196236849509231,0.00302112636582371,0.00144460967412458,0.00165720119799895,0.00213623212057947,0.00145546146268539,0.00167715797589615,0.00189954522491642,0.00212968205846623,0.00222844955490399,0.00598552877155711,0.5,0.00163490133171586
"AL0004",0.00373374470753118,0.00304106427992781,0.00173290681657618,0.00302820271391373,0.00152189636402337,0.00301915617421229,0.00170804595184028,0.00136741270137991,0.00204673620334238,0.00358271107247075,0.0018584103721167,0.00350438771737142,0.00351788196565306,0.00356871826505999,0.0036378072104613,0.00204203502823795,0.00347158801024972,0.00168716015326747,0.00181449975307018,0.0019363434982858,0.0038974991708856,0.00201455722101886,0.00307400007342806,0.00141693874727248,0.00190547215139658,0.0015908689767865,0.00121259489335427,0.00171692263940133,0.00205488793825281,0.00307157915875476,0.00352511888950641,0.00130342562493779,0.003639001270604,0.00364258276172862,0.00358844584586273,0.00352292295121875,0.00133722424524058,0.00186530321178938,0.00130878996098816,0.00189871713595404,0.00192914189845893,0.00371576925750968,0.00191655128989451,0.00196507049568465,0.00357821581204239,0.00368043437599718,0.00189513937304755,0.00123782728030141,0.00127299262375319,0.00315367682560614,0.00207265156120698,0.00366818487121157,0.00342854438981665,0.00182720481318651,0.00350020752602529,0.00192077102432992,0.00367981504306057,0.00189015741997092,0.00202965904568722,0.0030754589492409,0.00363691578308518,0.00126862817746093,0.0016139354847976,0.00181924353326712,0.00358692604525566,0.00118170406199735,0.00122652347228605,0.00340991935623349,0.00372784218513695,0.00134535458140714,0.00164561387774591,0.00186869834835884,0.00194054676697094,0.00337847856015746,0.00188008024506356,0.00142999797513081,0.00358256292876975,0.0013065112904279,0.0017972329125858,0.00181120715649259,0.00358825077857445,0.00346785343677273,0.00357887267606135,0.00345082222389142,0.00119999922512146,0.00311098790070051,0.00185430643273747,0.00207768161472719,0.00190199549248779,0.00158125677483359,0.00124319587682932,0.00123665664220594,0.00185154348823224,0.0020185083196352,0.00362529594232304,0.00336231188354795,0.00163119145013581,0.00381932454461622,0.00182551779156924,0.00121939061365691,0.00150651819162898,0.00373707663899422,0.00362211674479362,0.00139957301001471,0.0035065382189049,0.00155408404936785,0.00170645173150954,0.00118844209850207,0.00141795147245141,0.00201620808342974,0.00177398303869934,0.00170446962722205,0.0017287214443847,0.00369166847493084,0.00345620015754461,0.0035853880344999,0.00361376703697515,0.00355415293834876,0.00351708443094535,0.00313657070649784,0.00344786905087616,0.00169150171164325,0.00340395634628398,0.00359357938360217,0.00172386711442402,0.00165745814778347,0.00194884068309823,0.00123980074512428,0.00337702579449775,0.00183855392907332,0.00186369724151846,0.00128593984106966,0.0035163297860434,0.00114252479282742,0.00383059170182315,0.00342398544982366,0.00124130112012642,0.00156227707287751,0.00139998750414589,0.00192969271263382,0.00164218550654059,0.00301036434513026,0.00356375394156285,0.00302816674345797,0.00125162820865102,0.00361931796919024,0.00193936216643979,0.00109856899374618,0.00348563241071579,0.00336045223243105,0.00166980691713417,0.00124393053111933,0.00364478032277313,0.0014141856341516,0.00116238259373099,0.00378557244681253,0.00167533083194075,0.00188364569828971,0.00182234020880031,0.00186240420844231,0.0018274196528767,0.00125846572264233,0.00123354772364342,0.00187585186649019,0.00185263716205755,0.00200452442189853,0.00357606233835057,0.00374233650776593,0.00200773859318694,0.00394330116742196,0.00123607493590069,0.00171772980634875,0.001895829816993,0.00304082441545452,0.00186282682692525,0.0038027295617027,0.00191891028528223,0.00124326194525005,0.0035974355900476,0.00134548280510743,0.00162561810558403,0.00187342368764096,0.00191600267265535,0.00373557814229115,0.00184196856366848,0.00125789483631211,0.00135766375208715,0.00121164504876465,0.00155573620450202,0.00328278385096324,0.00124519663699522,0.00354568228824988,0.00180450597416296,0.00182555689641003,0.00191033935346932,0.00159356904710459,0.00125526329682731,0.00187221499244131,0.00196145534134733,0.00144722170631741,0.00359071590661198,0.00168672568030759,0.00122612903009154,0.00182997327450545,0.00356905790036449,0.00186467316887313,0.0012676020571178,0.00347781713043208,0.00159137144667163,0.0034867382165723,0.00136078975227818,0.0013048194326012,0.00141344089734707,0.00177213606471869,0.00121728301237927,0.00163490133171586,0.5
